2.499938660551183148e+03
1.955084442269418560e+03
1.841886844088922317e+03
2.371952714136543818e+03
2.606913510839594437e+03
2.375180754255673037e+03
2.016003100574264863e+03
1.355727576173586385e+03
9.049899466057016753e+02
1.083527504434032153e+03
1.263025564951460183e+03
1.230397520988851056e+03
9.269864412801774733e+02
8.674157289483873683e+02
6.932392929401182755e+02
7.938113309773950732e+02
8.565424696290498332e+02
7.694233389822608160e+02
7.202017551745716446e+02
4.683472289897650285e+02
4.807262550474201817e+02
4.050629705216269372e+02
3.786441771880851093e+02
3.951369366360952426e+02
3.835351231394711249e+02
2.962515192063147538e+02
2.654758969095689736e+02
2.602004495209067159e+02
2.276998175106215854e+02
2.303597209576926730e+02
1.553069606898703796e+02
1.202183966121336027e+02
1.082716165038235374e+02
9.135010787225665752e+01
6.338783914441298606e+01
4.068839794186868630e+01
2.518861160065944915e+01
1.330908783011214425e+01
4.371774994559205929e+00
1.069977964534050141e+00
6.981765690199324581e+01
-8.673471292348235551e+00
-7.905100704246541454e+01
-5.768046867609440653e+01
1.682495948446985912e+00
4.304249662743126947e+01
-2.717446289016517724e+01
-7.733662020905923384e+01
-1.498477185765838726e+02
-9.537226385616736479e+01
-3.733582706627856851e+00
4.851521341444981061e+01
5.054438426494619563e+01
-2.564882382333929911e+01
-7.397035467644175810e+01
-8.361781584820440116e+01
-3.166118723729101347e+01
1.571193009616670366e+01
-1.028589995943496582e+01
-3.658305669406534832e+01
-5.965268171835917599e+01
-5.597159904741118908e+01
-3.382217390064163709e+01
-1.519728940087553770e+00
2.074377068997836027e+00
-7.855179783157600681e+00
-3.078670233535076406e+01
-3.079820919763919207e+01
-2.091340643166516600e+01
-1.297633320822786018e+01
-4.783472013484359131e+00
-9.911531166167335982e+00
-2.025181579967661349e+01
-1.812537509514658751e+01
-1.296674776049192168e+01
-3.756254157946401495e+00
-7.426342558745089306e+00
-7.296008528946849481e+00
-3.137999221574116149e+00
-3.928631229412311576e+00
-1.232356968642294159e+00
-1.666556212319753039e+00
-1.837894309303881313e-01
-6.037321150352551458e-01
1.976317821164937094e-01
1.579671149945697550e+01
2.298579695864124517e+01
1.633020451079638136e+01
8.177183874373524120e+00
9.340119527994444226e+00
1.901691499228556737e+01
3.199457762227089574e+01
3.885931415208460038e+01
2.882724883031347218e+01
1.677136047917328199e+01
1.132915694278144692e+01
2.410732646801602996e+01
4.151995030491792704e+01
4.276363644653225293e+01
3.159240476074619153e+01
1.827663809379241755e+01
1.237079847924163722e+01
1.805991375440875757e+01
2.422528082666273619e+01
2.974152464401088736e+01
2.708913353576431859e+01
1.931887807855493122e+01
1.206939843796056522e+01
1.354545299261254954e+01
1.701500861739066295e+01
1.950831745023007002e+01
2.035259286586865457e+01
1.488617367725102802e+01
9.514081873262139055e+00
7.863512558426624111e+00
9.298775458586387543e+00
1.210301353429005289e+01
1.114819678347090814e+01
7.880235627924480291e+00
6.071331023834574125e+00
5.013090524886808730e+00
5.679440736553208247e+00
3.485631780812473046e+00
2.965796002835826783e+00
2.267331675430902305e+00
1.879644492261048461e+00
6.330977859152840947e-01
-7.369140423317085409e-01
6.797086004591738895e-02
-3.189565543290135419e-01
2.205044883605317409e+03
1.851714861137576008e+03
1.868670438251432870e+03
2.245608958969820833e+03
2.457534297178360248e+03
2.408021564748506080e+03
1.881833735092804318e+03
1.330704906440927061e+03
1.125902529747975450e+03
1.096214676273003988e+03
1.221646828078076169e+03
1.236476781614885567e+03
1.042165494675528862e+03
8.415042463162725426e+02
7.301900385774143842e+02
7.688749801756903253e+02
8.235551233722800362e+02
8.241600340926887611e+02
6.874677335461708481e+02
5.414149994944111768e+02
4.385020665903588224e+02
3.926457357838809799e+02
4.035329982975656549e+02
3.945010301516657591e+02
3.480216219008443090e+02
3.202371602700447966e+02
2.534377812124127161e+02
2.465268987004358223e+02
2.307049342686416082e+02
2.135529229587381508e+02
1.609128913638078302e+02
1.148934667672520931e+02
1.099752137044782501e+02
8.036697208556110184e+01
6.392109535973009571e+01
4.251322398043022588e+01
2.384446936066304801e+01
1.412021637945479391e+01
2.800105203115035302e+00
-1.173897087771563319e+00
8.604298564489248236e+01
-8.690177496212422525e+00
-7.309145550266507030e+01
-5.246704332870696419e+01
1.711634652004731860e+00
2.731833808313793455e+01
-2.841840911041758488e+01
-1.036103551069701467e+02
-1.368691037858481536e+02
-9.147838143198008254e+01
5.121370620958589193e+00
5.959603436260584886e+01
3.676983132230375872e+01
-2.934727704200061282e+01
-7.251406626048444082e+01
-7.084081363790170371e+01
-2.612256110834735523e+01
9.268006723214833320e-01
-1.641598319223876334e+00
-3.764052442964260337e+01
-5.999016128879447507e+01
-5.896992014675200977e+01
-2.623853928056286477e+01
3.483484599270142978e-01
6.711699891975792198e+00
-1.134494288436165554e+01
-2.493495046858062736e+01
-3.117936302627112610e+01
-2.188803378494742446e+01
-9.517786159733647722e+00
-3.014468134752985584e+00
-1.401096377634886814e+01
-2.111873576806260999e+01
-1.680702694367829153e+01
-1.057910618137103143e+01
-3.014763670353600933e+00
-9.442275344379496005e+00
-8.859923442449209929e+00
-4.556579034938046391e+00
-3.759553039038823208e+00
-9.078967846185468371e-01
-4.207356347515047723e+00
6.846382556202853520e-01
-8.149402606047541076e-01
5.085519358991709149e-01
1.849770088331174733e+01
2.335549442766042816e+01
1.780080053033599086e+01
8.744331463061353560e+00
7.938738229902253529e+00
1.913873642473669179e+01
3.263683697681220508e+01
3.929885060147666564e+01
2.959759361290675628e+01
1.659659748829450621e+01
1.366481465594591072e+01
2.588148069198249601e+01
3.946923466623065480e+01
4.378107258429697168e+01
3.232277135502884136e+01
2.083373609654928060e+01
1.413490627385551512e+01
1.677065223781952952e+01
2.907102835499303595e+01
3.213621857087693456e+01
2.632260304481567559e+01
1.637698898179495899e+01
1.224616482763142322e+01
1.199647980376164647e+01
1.865237730945451133e+01
2.134116367108600087e+01
1.810687856593269274e+01
1.181157637911177893e+01
8.677440700733955126e+00
8.875850191182394155e+00
9.763532068690711441e+00
1.341861931414817022e+01
8.892769400689683579e+00
9.574441467665865346e+00
5.572016015167500669e+00
4.432839856394245714e+00
6.274489243723134990e+00
3.401970105522338805e+00
4.325225770462072794e-01
3.460855211082240479e-01
4.127710982787546001e+00
-1.341047029124756707e+00
-1.168519886653047291e+00
-2.579985957867054314e+00
5.940321249915433421e-01
