2.509907890039878378e-16 5.520036156400337339e-18 -5.375161687647727907e-18 3.252968490256635203e-18 2.496854065034038056e-18 2.363953496003549352e-19 -1.863278304553337093e-18 -1.208249652735599946e-18 1.774984271234970551e-18 7.322219507432242370e-19
5.520036156400338109e-18 9.347533346557191801e-17 2.292227349831318809e-18 1.155732626703732713e-18 3.105300454321996418e-19 8.375957419364523082e-19 -3.017735491073000912e-18 -8.915256934711352029e-19 -1.174302162873150147e-18 -6.548748851140621394e-19
-5.375161687647727907e-18 2.292227349831319194e-18 4.695534756029245022e-17 3.508502332309777196e-18 -1.103544389594956778e-18 1.519085293173518550e-18 -4.359103167151387127e-19 8.775914539834884849e-19 2.369265714739232989e-19 7.680877073710448227e-19
3.252968490256635973e-18 1.155732626703732520e-18 3.508502332309777196e-18 2.909352265461999366e-17 1.557067774172420187e-19 -8.731290335009933661e-20 5.469177303172886667e-19 6.784346465522790236e-19 3.477106229264999590e-19 1.137585423363236156e-18
2.496854065034038441e-18 3.105300454321998344e-19 -1.103544389594956971e-18 1.557067774172419705e-19 2.235611449941188634e-17 6.115626167815550611e-19 1.343098580695317743e-18 1.733661766557276219e-19 5.120789507677474032e-19 6.789725849595929830e-19
2.363953496003548389e-19 8.375957419364525008e-19 1.519085293173518550e-18 -8.731290335009939679e-20 6.115626167815551574e-19 2.300408631732849722e-17 1.890579722924852794e-18 -1.148988741213910785e-19 1.734730818751714182e-19 6.000004740529979284e-19
-1.863278304553337093e-18 -3.017735491073000912e-18 -4.359103167151385201e-19 5.469177303172886667e-19 1.343098580695317358e-18 1.890579722924852794e-18 1.565260448093911249e-17 8.254977142453118414e-19 6.512210136936189232e-19 7.301197611653349886e-19
-1.208249652735598983e-18 -8.915256934711348177e-19 8.775914539834886775e-19 6.784346465522789273e-19 1.733661766557275737e-19 -1.148988741213911026e-19 8.254977142453118414e-19 1.049061615298367685e-17 4.993489102977567864e-19 1.080045498049731853e-18
1.774984271234970551e-18 -1.174302162873150339e-18 2.369265714739232989e-19 3.477106229265000072e-19 5.120789507677474032e-19 1.734730818751714182e-19 6.512210136936189232e-19 4.993489102977566901e-19 7.479864002992732214e-18 2.985527173288544779e-19
7.322219507432244296e-19 -6.548748851140620431e-19 7.680877073710451116e-19 1.137585423363235963e-18 6.789725849595929830e-19 6.000004740529980247e-19 7.301197611653349886e-19 1.080045498049732045e-18 2.985527173288545260e-19 6.825450564772948207e-18
