2.475179604768886525e-16 5.443658297632534388e-18 -5.300788381277757814e-18 3.207958863347423609e-18 2.462306398725390155e-18 2.331244705492806286e-19 -1.837497095307945466e-18 -1.191531733012213862e-18 1.750424740438008386e-18 7.220905778398587488e-19
5.443658297632534388e-18 9.218196407170867401e-17 2.260510996563212732e-18 1.139741357655001557e-18 3.062334032941441780e-19 8.260063668907910260e-19 -2.975980660378909584e-18 -8.791901178382011983e-19 -1.158053956845974839e-18 -6.458137231816664512e-19
-5.300788381277757814e-18 2.260510996563212732e-18 4.630565092738273681e-17 3.459957017019955101e-18 -1.088275221940183094e-18 1.498066502953507294e-18 -4.298788532134196712e-19 8.654486791484967201e-19 2.336483421830891513e-19 7.574600787155964114e-19
3.207958863347423609e-18 1.139741357655001557e-18 3.459957017019955101e-18 2.869097076883279468e-17 1.535523440190159942e-19 -8.610480028487781550e-20 5.393503151808231127e-19 6.690475004993542324e-19 3.428995325463848616e-19 1.121845247694058976e-18
2.462306398725390155e-18 3.062334032941441780e-19 -1.088275221940183094e-18 1.535523440190159942e-19 2.204678461325650238e-17 6.031007440965271673e-19 1.324514826748589743e-18 1.709673993686671807e-19 5.049935816376274456e-19 6.695779957337369343e-19
2.331244705492806286e-19 8.260063668907910260e-19 1.498066502953507294e-18 -8.610480028487781550e-20 6.031007440965271673e-19 2.268579078337804011e-17 1.864420758205138098e-18 -1.133090783788309498e-19 1.710728253963954648e-19 5.916985807013211515e-19
-1.837497095307945466e-18 -2.975980660378909584e-18 -4.298788532134196712e-19 5.393503151808231127e-19 1.324514826748589743e-18 1.864420758205138098e-18 1.543602756359278755e-17 8.140757332934901324e-19 6.422104084727011250e-19 7.200174751617896153e-19
-1.191531733012213862e-18 -8.791901178382011983e-19 8.654486791484967201e-19 6.690475004993542324e-19 1.709673993686671807e-19 -1.133090783788309498e-19 8.140757332934901324e-19 1.034546297350843351e-17 4.924396800923791006e-19 1.065101472290553366e-18
1.750424740438008386e-18 -1.158053956845974839e-18 2.336483421830891513e-19 3.428995325463848616e-19 5.049935816376274456e-19 1.710728253963954648e-19 6.422104084727011250e-19 4.924396800923791006e-19 7.376369029366419566e-18 2.944217992274490130e-19
7.220905778398587488e-19 -6.458137231816664512e-19 7.574600787155964114e-19 1.121845247694058976e-18 6.695779957337369343e-19 5.916985807013211515e-19 7.200174751617896153e-19 1.065101472290553366e-18 2.944217992274490130e-19 6.731010368279234024e-18
