4.662321274959015928e-08
4.296606380880948632e-08
4.166788124869071105e-08
4.105614229319848214e-08
4.072231027688117234e-08
4.052394061009047556e-08
4.039997718106585940e-08
4.032076861686763203e-08
4.027027196520007153e-08
4.023934597648011023e-08
4.022231681450372152e-08
4.021564846607542689e-08
4.021691266710772446e-08
4.022452365401397902e-08
4.023729429778987706e-08
4.025443740735649584e-08
4.027531154456112621e-08
4.029949732959779662e-08
4.032661932098767033e-08
4.035644302047228982e-08
4.038873405998058655e-08
4.042335722118764784e-08
4.046015812129677611e-08
4.049905917226047489e-08
4.053995444220899815e-08
4.058279921799591875e-08
4.062751678660893493e-08
4.067408280962886942e-08
4.072243985600803882e-08
4.077257677320496105e-08
4.082444922033459397e-08
4.087805472071218537e-08
4.093335823585902570e-08
4.099036298409989954e-08
4.104904073189136345e-08
4.110939858903879054e-08
4.117141621504195737e-08
4.123510597284771602e-08
4.130044961201698575e-08
4.136745979881102392e-08
4.143612075261306608e-08
4.150644595643968737e-08
4.157842174619699884e-08
4.165206235760931109e-08
4.172735587796779257e-08
4.180431706255462074e-08
4.188293556679201826e-08
4.196322651822467919e-08
4.204518092222903972e-08
4.212881389726097816e-08
4.221411881207117390e-08
4.230111125801476070e-08
4.238978485505207455e-08
4.248015541403350335e-08
4.257221722947683464e-08
4.266598630462346346e-08
4.276145765402339262e-08
4.285864732702140508e-08
4.295755097642512662e-08
4.305818469284216642e-08
4.316054470882711293e-08
4.326464709776537055e-08
4.337048886277418170e-08
4.347808719017158749e-08
4.358744035892646570e-08
4.369856488707481491e-08
4.381145898970116306e-08
4.392613906660535753e-08
4.404260371512474648e-08
4.416086926229357450e-08
4.428093465154415209e-08
4.440281611809615076e-08
4.452651292118036079e-08
4.465204120821481170e-08
4.477940050400894451e-08
4.490860684883541563e-08
4.503965981165997007e-08
4.517257572036270082e-08
4.530735462589178602e-08
4.544401247966031580e-08
4.558254975585481069e-08
4.572298242058149066e-08
4.586531130420157696e-08
4.600955225391517498e-08
4.615570637958468507e-08
4.630378937836732574e-08
4.645380255837700632e-08
4.660576146802239757e-08
4.675966754038804769e-08
4.691553611033736286e-08
4.707336979792111262e-08
4.723318492392752059e-08
4.739498363413792581e-08
4.755878158917088801e-08
4.772458112822826236e-08
4.789239776922485190e-08
4.806223394592993535e-08
4.823410496563320389e-08
4.840801327426132732e-08
4.858397395053698674e-08
4.876198941730187556e-08
4.894207448538930506e-08
4.912423152617526661e-08
4.930847374421026364e-08
4.949480244278219557e-08
4.968323121164231219e-08
4.987376184426013232e-08
5.006640813564870425e-08
5.026117219573003529e-08
5.045806776586314222e-08
5.065709700485743888e-08
5.085827342040221360e-08
5.106159909342926813e-08
5.126708723235407092e-08
5.147473976478574587e-08
5.168456954167549273e-08
5.189657816930323414e-08
5.211077975108390869e-08
5.232717575017316356e-08
5.254577895892046892e-08
5.276659081944882330e-08
5.298962380241268985e-08
5.321487932759589663e-08
5.344236939696320656e-08
5.367209519645780386e-08
5.390406821115804711e-08
5.413828930542703872e-08
5.437476938093200272e-08
5.461350890586850151e-08
5.485451812649817912e-08
5.509779693435527043e-08
5.534335481438172139e-08
5.559119125712505938e-08
5.584131525416318906e-08
5.609372620157415908e-08
5.634843270353727577e-08
5.660543377420230691e-08
5.686473740449908067e-08
5.712634209152746328e-08
5.739025508661353760e-08
5.765647430405888352e-08
5.792500620085663771e-08
5.819584800304653099e-08
5.846900595041463924e-08
5.874447670493120535e-08
5.902226525782862266e-08
5.930236745413689178e-08
5.958478756121944914e-08
5.986952098442296047e-08
6.015657116612669872e-08
6.044593278718812624e-08
6.073760830024400193e-08
6.103159156477541592e-08
6.132788395546707841e-08
6.162647841282060370e-08
6.192737516859602492e-08
6.223056547697111505e-08
6.253604744312920061e-08
6.284381154317547417e-08
6.315385504173471722e-08
6.346616755924258890e-08
6.378074550937479897e-08
6.409757765908424754e-08
6.441665923744785361e-08
6.473797792170159124e-08
6.506152762178763838e-08
6.538729480092987985e-08
6.571527193499307723e-08
6.604544420351598689e-08
6.637780275139941723e-08
6.671233173879988959e-08
6.704902077758036177e-08
6.738785240482771085e-08
6.772881456365124302e-08
6.807188858818607736e-08
6.841706101991295650e-08
6.876431181265935373e-08
6.911362587372076729e-08
6.946498165447614421e-08
6.981836232668383897e-08
7.017374476728818476e-08
7.053111031387483493e-08
7.089043419286214363e-08
7.125169406418201254e-08
7.161486188668189288e-08
7.197991410139559341e-08
7.234682165891842261e-08
7.271555934945498568e-08
7.308609679809650640e-08
7.345840701403645009e-08
7.383245799830592358e-08
7.420822079889109101e-08
7.458566166249212048e-08
7.496474959333289401e-08
7.534544902904009270e-08
7.572772684834813818e-08
7.611154643517460605e-08
7.649687222524693102e-08
7.688366408922242812e-08
7.727188438219486606e-08
7.766149164252933991e-08
7.805244627923237146e-08
7.844470516321680413e-08
7.883822660993932651e-08
7.923296564513426420e-08
7.962887842165886290e-08
8.002591808157951502e-08
8.042403857762491839e-08
8.082319116067095323e-08
8.122332756061479833e-08
8.162439555731134329e-08
8.202634291278176809e-08
8.242911630084053344e-08
8.283266219575610635e-08
8.323692580599142038e-08
8.364185184259410182e-08
8.404738391085974961e-08
8.445346480008484675e-08
8.486003648589790091e-08
8.526703980056175614e-08
8.567441511977853204e-08
8.608210135190767159e-08
8.649003731085679439e-08
8.689815923608425151e-08
8.730639920803889449e-08
8.771469206122130080e-08
8.812297131034073719e-08
8.853117028085093439e-08
8.893922208407966455e-08
8.934705859379640490e-08
8.975461221403071446e-08
9.016181341885651549e-08
9.056859386719037382e-08
9.097488272787575472e-08
9.138061098163346157e-08
9.178570661812113295e-08
9.219010000271889546e-08
9.259371653421944860e-08
9.299648473377068253e-08
9.339833007713675562e-08
9.379918172028013106e-08
9.419896476139465761e-08
9.459760854117200216e-08
9.499503780040714501e-08
9.539118209789589453e-08
9.578596593262200053e-08
9.617931919836510698e-08
9.657116630083879097e-08
9.696143762412160346e-08
9.735005766603210780e-08
9.773695515854445649e-08
9.812205342676785306e-08
9.850528351195419286e-08
9.888657018829562856e-08
9.926584596406075683e-08
9.964303655854697126e-08
1.000180759630785225e-07
1.003908909043446127e-07
1.007614169785814240e-07
1.011295820574998113e-07
1.014953234884146858e-07
1.018585704704305061e-07
1.022192622653551013e-07
1.025773297985251388e-07
1.029327135694986619e-07
1.032853461353898249e-07
1.036351708962065409e-07
1.039821222151975117e-07
1.043261460375915910e-07
1.046671786785306753e-07
1.050051687660203010e-07
1.053400547661754464e-07
1.056717881430019190e-07
1.060003096814005568e-07
1.063255738178019807e-07
1.066475238286252868e-07
1.069661176915670583e-07
1.072813015361313035e-07
1.075930362096673369e-07
1.079012705790840216e-07
1.082059689389152691e-07
1.085070829281420427e-07
1.088045802399599331e-07
1.090984154540263739e-07
1.093885597990308781e-07
1.096749709282942357e-07
1.099576237116487397e-07
1.102364789807547752e-07
1.105115153407283251e-07
1.107826968838921972e-07
1.110500076340306745e-07
1.113134149962734211e-07
1.115729060797523399e-07
1.118284517071104848e-07
1.120800425882294569e-07
1.123276528119210824e-07
1.125712768021809691e-07
1.128108920279534062e-07
1.130464967319396237e-07
1.132780717889358803e-07
1.135056192971910172e-07
1.137291235496982521e-07
1.139485904917942032e-07
1.141640083908284183e-07
1.143753875501421464e-07
1.145827193354169217e-07
1.147860175932698454e-07
1.149852769221616750e-07
1.151805146736391899e-07
1.153717285673249879e-07
1.155589395239315543e-07
1.157421484059885157e-07
1.159213796735355671e-07
1.160966372893568084e-07
1.162679491945650491e-07
1.164353223928568060e-07
1.165987882153129389e-07
1.167583549509299748e-07
1.169140567763707872e-07
1.170659056525404550e-07
1.172139391172337112e-07
1.173581719175617107e-07
1.174986445139095578e-07
1.176353743104971993e-07
1.177684046327261033e-07
1.178977554070349985e-07
1.180234727262624229e-07
1.181455789040727770e-07
1.182641226669198599e-07
1.183791285976391889e-07
1.184906482378506953e-07
1.185987078091117964e-07
1.187033610582042926e-07
1.188046363996808611e-07
1.189025896439267755e-07
1.189972508925819690e-07
1.190886778371084291e-07
1.191769022112938486e-07
1.192619835204160806e-07
1.193439549929337951e-07
1.194228778174923032e-07
1.194987865874332256e-07
1.195717440332862819e-07
1.196417863349376043e-07
1.197089773403626927e-07
1.197733535203928030e-07
1.198349801178547557e-07
1.198938947675689094e-07
1.199501637081247794e-07
1.200038252880672175e-07
1.200549466409537633e-07
1.201035667549560606e-07
1.201497535353213861e-07
1.201935464772341302e-07
1.202350141250440748e-07
1.202741963674125897e-07
1.203111622571439593e-07
1.203459515058444948e-07
1.203786324850296579e-07
1.204092452253858770e-07
1.204378588586628657e-07
1.204645133802971939e-07
1.204892780561835006e-07
1.205121927432128294e-07
1.205333267313292288e-07
1.205527196553960780e-07
1.205704407085385952e-07
1.205865292123887521e-07
1.206010541498573533e-07
1.206140544374380503e-07
1.206255977348667052e-07
1.206357186903332865e-07
1.206444850890417617e-07
1.206519328825332153e-07
1.206581294628139441e-07
1.206631105343042557e-07
1.206669428996372725e-07
1.206696617422715375e-07
1.206713332216457047e-07
1.206719918425878017e-07
1.206717030384846423e-07
1.206705005493912822e-07
1.206684490141394877e-07
1.206655816912701714e-07
1.206619613974236928e-07
1.206576189448058659e-07
1.206526167022552157e-07
1.206469851131189805e-07
1.206407856793415093e-07
1.206340479401195705e-07
1.206268324262986971e-07
1.206191676573722383e-07
1.206111131299476458e-07
1.206026962836391406e-07
1.205939755306497994e-07
1.205849771817183061e-07
1.205757585148328485e-07
1.205663443964822785e-07
1.205567878062598322e-07
1.205471125881909911e-07
1.205373721051157982e-07
1.205275890528120778e-07
1.205178159886144629e-07
1.205080744193646225e-07
1.204984158694562599e-07
1.204888606258196881e-07
1.204794590834261548e-07
1.204702302996226121e-07
1.204612234846009403e-07
1.204524564548302877e-07
1.204439769392749762e-07
1.204357998518292906e-07
1.204279704624712758e-07
1.204205032664216806e-07
1.204134430713987364e-07
1.204068034132359827e-07
1.204006281046150751e-07
1.203949295819897414e-07
1.203897505381057653e-07
1.203851022469937239e-07
1.203810262256658423e-07
1.203775325677712840e-07
1.203746616022395044e-07
1.203724222317149250e-07
1.203708518812287015e-07
1.203699575169172496e-07
1.203697762545352468e-07
1.203703143287328112e-07
1.203716079968809285e-07
1.203736625617082921e-07
1.203765132816697424e-07
1.203801644151345360e-07
1.203846501435677203e-07
1.203899736533757940e-07
1.203961680234640457e-07
1.204032353580872830e-07
1.204112076291742619e-07
1.204200851066300194e-07
1.204298968450604659e-07
1.204406424358017184e-07
1.204523507551188855e-07
1.204650205217030309e-07
1.204786799172945453e-07
1.204933267551064570e-07
1.205089883254558334e-07
1.205256614982876366e-07
1.205433726012189259e-07
1.205621175462192202e-07
1.205819216751191059e-07
1.206027799484240918e-07
1.206247155264675397e-07
1.206477207008714031e-07
1.206718177387464898e-07
1.206969988745552759e-07
1.207232859005771192e-07
1.207506705413145511e-07
1.207791739180217906e-07
1.208087870620674526e-07
1.208395303016749179e-07
1.208713938985756635e-07
1.209043973395887097e-07
1.209385301002761651e-07
1.209738108096342001e-07
1.210102281492740220e-07
1.210477983667369384e-07
1.210865093691865065e-07
1.211263773232743726e-07
1.211673893854567924e-07
1.212095612115677144e-07
1.212528793578873203e-07
1.212973588366135478e-07
1.213429855257871806e-07
1.213897737162809719e-07
1.214377085969995727e-07
1.214868037126624012e-07
1.215370435426717040e-07
1.215884408837330564e-07
1.216409791971614508e-07
1.216946702519169948e-07
1.217494969369915386e-07
1.218054703890956574e-07
1.218625729334837966e-07
1.219208151670771042e-07
1.219801788887078896e-07
1.220406740551778266e-07
1.221022818803955938e-07
1.221650116536928555e-07
1.222288440089444218e-07
1.222937875446380737e-07
1.223598223092581691e-07
1.224269550638753739e-07
1.224951644240760170e-07
1.225644573371441021e-07
1.226348122419938643e-07
1.227062354347141888e-07
1.227787050259271813e-07
1.228522268082465606e-07
1.229267784769173100e-07
1.230023652529717423e-07
1.230789643690479289e-07
1.231565804599210571e-07
1.232351902905645468e-07
1.233147978959761464e-07
1.233953795725258736e-07
1.234769387205009698e-07
1.235594512388003953e-07
1.236429199285678240e-07
1.237273202190538668e-07
1.238126544069150652e-07
1.238988975435439144e-07
1.239860514792203603e-07
1.240740909106161756e-07
1.241630171088948802e-07
1.242528043987868683e-07
1.243434535147939013e-07
1.244349384153180705e-07
1.245272593503743321e-07
1.246203881329262219e-07
1.247143223058325657e-07
1.248090337539689378e-07
1.249045206266697804e-07
1.250007549006623914e-07
1.250977345729206323e-07
1.251954315511501829e-07
1.252938435376326398e-07
1.253929422405900121e-07
1.254927250083630532e-07
1.255931633385975700e-07
1.256942541793430357e-07
1.257959688195114307e-07
1.258983038661660393e-07
1.260012299889942676e-07
1.261047432858350771e-07
1.262088144654323249e-07
1.263134393257963258e-07
1.264185884617787812e-07
1.265242573840184086e-07
1.266304165337077474e-07
1.267370611601070559e-07
1.268441615861120670e-07
1.269517127022140815e-07
1.270596848149789369e-07
1.271680724714584994e-07
1.272768458594190329e-07
1.273860007225186540e-07
1.274955075839097629e-07
1.276053611645534838e-07
1.277155318576330051e-07
1.278260139189131857e-07
1.279367777455905091e-07
1.280478172666093715e-07
1.281591029198993031e-07
1.282706283715988049e-07
1.283823640490622539e-07
1.284943034915283750e-07
1.286064171408697426e-07
1.287186983584838969e-07
1.288311168139457174e-07
1.289436647514123162e-07
1.290563125092177928e-07
1.291690527563571837e-07
1.292818561299244379e-07
1.293947152787989624e-07
1.295076010830724445e-07
1.296205061734073654e-07
1.297334017027157515e-07
1.298462802590703937e-07
1.299591132886708324e-07
1.300718934180615920e-07
1.301845923741604194e-07
1.302972028346595530e-07
1.304096972444955313e-07
1.305220677730974403e-07
1.306342870728054588e-07
1.307463476977232068e-07
1.308582225483888277e-07
1.309699043273775294e-07
1.310813662243318968e-07
1.311926010992005919e-07
1.313035825591837702e-07
1.314143035591090069e-07
1.315247381908189577e-07
1.316348795645032928e-07
1.317447022303247726e-07
1.318541990774721922e-07
1.319633448484372541e-07
1.320721329199914374e-07
1.321805387625263520e-07
1.322885560663044471e-07
1.323961607725685748e-07
1.325033468151383351e-07
1.326100906838712437e-07
1.327163866050654981e-07
1.328222116556665200e-07
1.329275603371512237e-07
1.330324103961509580e-07
1.331367566056911827e-07
1.332405790829578277e-07
1.333438745047219713e-07
1.334466228485598258e-07
1.335488203569941414e-07
1.336504474308314130e-07
1.337515003903981256e-07
1.338519601019668455e-07
1.339518230703135554e-07
1.340510708103917871e-07
1.341497001093193598e-07
1.342476931687383303e-07
1.343450470647545187e-07
1.344417447318138925e-07
1.345377836806561057e-07
1.346331486897510450e-07
1.347278367794202374e-07
1.348218329446763516e-07
1.349151350264095881e-07
1.350077284838104556e-07
1.350996115683242242e-07
1.351907703690295131e-07
1.352812035346308916e-07
1.353708978730871234e-07
1.354598524134528644e-07
1.355480547685043386e-07
1.356355044327763024e-07
1.357221898306103019e-07
1.358081101983064234e-07
1.358932540445600537e-07
1.359776214658133054e-07
1.360612021060324659e-07
1.361439965903004275e-07
1.362259953565829773e-07
1.363071994515171179e-07
1.363876000863706476e-07
1.364671987669858230e-07
1.365459876136681868e-07
1.366239685193032568e-07
1.367011344825137054e-07
1.367774879204902658e-07
1.368530226656304010e-07
1.369277444699142300e-07
1.370016474063768031e-07
1.370747362178391890e-07
1.371470060714936297e-07
1.372184616911571893e-07
1.372890989958406657e-07
1.373589229032017808e-07
1.374279301351069322e-07
1.374961258982040929e-07
1.375635077729999766e-07
1.376300812599504922e-07
1.376958447770815593e-07
1.377608042002149402e-07
1.378249574530637435e-07
1.378883077074273051e-07
1.379508544088799449e-07
1.380126025747253992e-07
1.380735526145078041e-07
1.381337101738325929e-07
1.381930764472957951e-07
1.382516575801924881e-07
1.383094556020549855e-07
1.383664770894713949e-07
1.384227248881423144e-07
1.384782060047731998e-07
1.385329240426127215e-07
1.385868877245116258e-07
1.386401018227891687e-07
1.386925737927239172e-07
1.387443089343510794e-07
1.387953152968809957e-07
1.388455987716937562e-07
1.388951676445117347e-07
1.389440283971950296e-07
1.389921895960864421e-07
1.390396583940953498e-07
1.390864436012032050e-07
1.391325530129437742e-07
1.391779956715414706e-07
1.392227800038464011e-07
1.392669135812265185e-07
1.393104040090589159e-07
1.393532598554339825e-07
1.393954900760839561e-07
1.394371035471410741e-07
1.394781099282242035e-07
1.395185183295592037e-07
1.395583390408458844e-07
1.395975813473696601e-07
1.396362561597105199e-07
1.396743729445724010e-07
1.397119431366426195e-07
1.397489763310101081e-07
1.397854842365609359e-07
1.398214743863641170e-07
1.398569591478319090e-07
1.398919472341195485e-07
1.399264515421761015e-07
1.399604810295459006e-07
1.399940491205613710e-07
1.400271648963900069e-07
1.400598422095800195e-07
1.400920902759035029e-07
1.401239233202062240e-07
1.401553506438183074e-07
1.401863868785125357e-07
1.402170402872753570e-07
1.402473241233617287e-07
1.402772464875896970e-07
1.403068218992921797e-07
1.403360588987859378e-07
1.403649725941045724e-07
1.403935716033234748e-07
1.404218714610619438e-07
1.404498808045213746e-07
1.404776155212959738e-07
1.405050841938572676e-07
1.405323030517280817e-07
1.405592805760024597e-07
1.405860333159340775e-07
1.406125672332013068e-07
1.406388961487632976e-07
1.406650271059323107e-07
1.406909756801295396e-07
1.407167491152263037e-07
1.407423636146692812e-07
1.407678263862843573e-07
1.407931540561169766e-07
1.408183537521233496e-07
1.408434423624676869e-07
1.408684268997951040e-07
1.408933245000180547e-07
1.409181419961375336e-07
1.409428949428395530e-07
1.409675879757867788e-07
1.409922374533037990e-07
1.410168487892628941e-07
1.410414388850315065e-07
1.410660132414400661e-07
1.410905890986015112e-07
1.411151718105648320e-07
1.411397787882315699e-07
1.411644152417374882e-07
1.411890987373517819e-07
1.412138342236886593e-07
1.412386393639180963e-07
1.412635188543643206e-07
1.412884876476002118e-07
1.413135497941255712e-07
1.413387217337325361e-07
1.413640074054574864e-07
1.413894236859162383e-07
1.414149743543501034e-07
1.414406765374115066e-07
1.414665337408292883e-07
1.414925632186769457e-07
1.415187681571378106e-07
1.415451658682428947e-07
1.415717591927132483e-07
1.415985654555848299e-07
1.416255853925675611e-07
1.416528349959883344e-07
1.416803154689358757e-07
1.417080435035301551e-07
1.417360202094780630e-07
1.417642624961063457e-07
1.417927712571566560e-07
1.418215634999851661e-07
1.418506398087265488e-07
1.418800171963834566e-07
1.419096959014549566e-07
1.419396928571298780e-07
1.419700079634885349e-07
1.420006568017026010e-07
1.420316372866360992e-07
1.420629652667301970e-07
1.420946391119936808e-07
1.421266748562707627e-07
1.421590707955356321e-07
1.421918430305600950e-07
1.422249896178600616e-07
1.422585266497298087e-07
1.422924518299104767e-07
1.423267812091022600e-07
1.423615120906888178e-07
1.423966603965810231e-07
1.424322230542811298e-07
1.424682118160215888e-07
1.425046234913831093e-07
1.425414717135510834e-07
1.425787527538156176e-07
1.426164806797661273e-07
1.426546513935188883e-07
1.426932791157544892e-07
1.427323593725314322e-07
1.427719063665104741e-07
1.428119152274993958e-07
1.428524000834677477e-07
1.428933556161658574e-07
1.429347958801908989e-07
1.429767132406546747e-07
1.430191204101774288e-07
1.430620102710512023e-07
1.431053959729290293e-07
1.431492702635271504e-07
1.431936463396888964e-07
1.432385166928798538e-07
1.432838944791188269e-07
1.433297719003121039e-07
1.433761619288761571e-07
1.434230563989070079e-07
1.434704681374007122e-07
1.435183885711643812e-07
1.435668297176949531e-07
1.436157822261532809e-07
1.436652583958969188e-07
1.437152487100444658e-07
1.437657652627516977e-07
1.438167982335136479e-07
1.438683596098028483e-07
1.439204392419229978e-07
1.439730489575362339e-07
1.440261782243354643e-07
1.440798386527056675e-07
1.441340193719245718e-07
1.441887317481538136e-07
1.442439645290969661e-07
1.442997244879762829e-07
1.443560007314997699e-07
1.444128019951050832e-07
1.444701166368906308e-07
1.445279537533679087e-07
1.445863012771577848e-07
1.446451683612943166e-07
1.447045425530353856e-07
1.447644329225827181e-07
1.448248266529520818e-07
1.448857326958186917e-07
1.449471378542366199e-07
1.450090509026997088e-07
1.450714568275599267e-07
1.451343626433500817e-07
1.451977535908709983e-07
1.452616373122788403e-07
1.453259989578434979e-07
1.453908461977512817e-07
1.454561640399043987e-07
1.455219600116524584e-07
1.455882189162128178e-07
1.456549481292996452e-07
1.457221322054379568e-07
1.457897783543216896e-07
1.458578708605418123e-07
1.459264167319307314e-07
1.459953981043325612e-07
1.460648220630780878e-07
1.461346714930386638e-07
1.462049531649838263e-07
1.462756499661219709e-07
1.463467684946081729e-07
1.464182915136046526e-07
1.464902254080145853e-07
1.465625528113167208e-07
1.466352798868191655e-07
1.467083891359978373e-07
1.467818865294543355e-07
1.468557543737902755e-07
1.469299988154034388e-07
1.470046029576393539e-07
1.470795725339888929e-07
1.471548900807852590e-07
1.472305610539708208e-07
1.473065677585097732e-07
1.473829153908484772e-07
1.474595860796606481e-07
1.475365848371522609e-07
1.476138936369303917e-07
1.476915173174032216e-07
1.477694376747942782e-07
1.478476593918607566e-07
1.479261653069423866e-07
1.480049610338919835e-07
1.480840289084448080e-07
1.481633737553235298e-07
1.482429776863978426e-07
1.483228451387300647e-07
1.484029580531534502e-07
1.484833206003631520e-07
1.485639146466320575e-07
1.486447441153973763e-07
1.487257908065101602e-07
1.488070584519834665e-07
1.488885288432233760e-07
1.489702055065115865e-07
1.490520723168208155e-07
1.491341325523891149e-07
1.492163690960716343e-07
1.492987851036181294e-07
1.493813631747053092e-07
1.494641062632876267e-07
1.495469968357404308e-07
1.496300376946251699e-07
1.497132112882189312e-07
1.497965202542986472e-07
1.498799470852583221e-07
1.499634942905722665e-07
1.500471444154091108e-07
1.501309013746470874e-07
1.502147495322815009e-07
1.502986919558047680e-07
1.503827123026419520e-07
1.504668132723109314e-07
1.505509783182365869e-07
1.506352098547554945e-07
1.507194913129966955e-07
1.508038249534227224e-07
1.508881943262183382e-07
1.509726014571813149e-07
1.510570300986028178e-07
1.511414821538280833e-07
1.512259419665110255e-07
1.513104113211040807e-07
1.513948740841865579e-07
1.514793319250741813e-07
1.515637690868194500e-07
1.516481870038146650e-07
1.517325701108899021e-07
1.518169196417153499e-07
1.519012202882515146e-07
1.519854731802961932e-07
1.520696633031161198e-07
1.521537916590598026e-07
1.522378435233588967e-07
1.523218198734350545e-07
1.524057101159682356e-07
1.524895141378750418e-07
1.525732197511681665e-07
1.526568272199430594e-07
1.527403241798590428e-07
1.528237108289860891e-07
1.529069748084786998e-07
1.529901162938456219e-07
1.530731231138872390e-07
1.531559954060078859e-07
1.532387212727136992e-07
1.533213008176217431e-07
1.534037224746514415e-07
1.534859890838604591e-07
1.535680919580927590e-07
1.536500321556695279e-07
1.537318001324372861e-07
1.538133966360265145e-07
1.538948121045872564e-07
1.539760469860884502e-07
1.540570919779699739e-07
1.541379473695753971e-07
1.542186041773838454e-07
1.542990625197415976e-07
1.543793138726464090e-07
1.544593582271785198e-07
1.545391875309318137e-07
1.546188006820114528e-07
1.546981893150400584e-07
1.547773527019890800e-07
1.548562833278446726e-07
1.549349804097028594e-07
1.550134369239437570e-07
1.550916520030909869e-07
1.551696191901333005e-07
1.552473375695949737e-07
1.553248012546565271e-07
1.554020092318785089e-07
1.554789562654283202e-07
1.555556412898855265e-07
1.556320628446006526e-07
1.557082201666404820e-07
1.557841107313029308e-07
1.558597333965450437e-07
1.559350857914924579e-07
1.560101665379090130e-07
1.560849735719916008e-07
1.561595053777829888e-07
1.562337604005350909e-07
1.563077369521794295e-07
1.563814340568678749e-07
1.564548498745186786e-07
1.565279840544035286e-07
1.566008358011491436e-07
1.566734041526968256e-07
1.567456852327707039e-07
1.568176791899652920e-07
1.568893829842616075e-07
1.569607974488908840e-07
1.570319195656626810e-07
1.571027508552839683e-07
1.571732882491130645e-07
1.572435339392028921e-07
1.573134847497325878e-07
1.573831436074211335e-07
1.574525072363172280e-07
1.575215792643761426e-07
1.575903536086980793e-07
1.576588336622114687e-07
1.577270145059408705e-07
1.577949007579639379e-07
1.578624876471716132e-07
1.579297805517394292e-07
1.579967747603616601e-07
1.580634763891879324e-07
1.581298807073411093e-07
1.581959945900432840e-07
1.582618131850885322e-07
1.583273441654276416e-07
1.583925826050329079e-07
1.584575364627153977e-07
1.585221957136404394e-07
1.585865692923440655e-07
1.586506494599650752e-07
1.587144459655365364e-07
1.587779515040787583e-07
1.588411765806723619e-07
1.589041140565173152e-07
1.589667751797127315e-07
1.590291528415906113e-07
1.590912590535156920e-07
1.591530866425269438e-07
1.592146483885092441e-07
1.592759363180381961e-07
1.593369621934815294e-07
1.593977171173400183e-07
1.594582144755186912e-07
1.595184458972378993e-07
1.595784257879803590e-07
1.596381457562137435e-07
1.596976211361584882e-07
1.597568434370277397e-07
1.598158287934255204e-07
1.598745686385369406e-07
1.599330798777554432e-07
1.599913537429076931e-07
1.600494079845171149e-07
1.601072276044839463e-07
1.601648289379964143e-07
1.602221998280931558e-07
1.602793584821522802e-07
1.603362933107340281e-07
1.603930235922572982e-07
1.604495378823968892e-07
1.605058563625479174e-07
1.605619675821544865e-07
1.606178925401821543e-07
1.606736196634572115e-07
1.607291707753171466e-07
1.607845341454769794e-07
1.608397327568649502e-07
1.608947539322762948e-07
1.609496199773131158e-07
1.610043183558908379e-07
1.610588726611023584e-07
1.611132702168908014e-07
1.611675355164821893e-07
1.612216557143561997e-07
1.612756560664390051e-07
1.613295234762402706e-07
1.613832839052693517e-07
1.614369239945033986e-07
1.614904704055687551e-07
1.615439094710176524e-07
1.615972586557913545e-07
1.616505035655330812e-07
1.617036673593883103e-07
1.617567355253906899e-07
1.618097331400503353e-07
1.618626454921441229e-07
1.619154989419642551e-07
1.619682784437981092e-07
1.620210113879127992e-07
1.620736823976772940e-07
1.621263196636388770e-07
1.621789075025130884e-07
1.622314748712518865e-07
1.622840026689106070e-07
1.623365165227753390e-07
1.623889984484209150e-07
1.624414768142156332e-07
1.624939337004615398e-07
1.625463986981823052e-07
1.625988537543795156e-07
1.626513293611697871e-07
1.627038072091379010e-07
1.627563184939514393e-07
1.628088446264480469e-07
1.628614174237806112e-07
1.629140179343570225e-07
1.629666756168370978e-07
1.630193684339658132e-07
1.630721281026930905e-07
1.631249336169444361e-07
1.631778174247918190e-07
1.632307585652277690e-07
1.632837901402564278e-07
1.633368910207923862e-07
1.633900948011421112e-07
1.634433800992677270e-07
1.634967809730559328e-07
1.635502757154459260e-07
1.636038987780594656e-07
1.636576281234501776e-07
1.637114928853928334e-07
1.637654705248046952e-07
1.638195933109645089e-07
1.638738384643171476e-07
1.639282392886399538e-07
1.639827727450857162e-07
1.640374727334270024e-07
1.640923159179358145e-07
1.641473365867023161e-07
1.642025111042560223e-07
1.642578740823673966e-07
1.643134015316751917e-07
1.643691282687914488e-07
1.644250269490152707e-07
1.644811309593479517e-07
1.645374141921666088e-07
1.645939109211219025e-07
1.646505951912142167e-07
1.647075016092753630e-07
1.647646042050339329e-07
1.648219377227173642e-07
1.648794760838866853e-07
1.649372540415581476e-07
1.649952453837735734e-07
1.650534847822493242e-07
1.651119459509600671e-07
1.651706610014291613e-07
1.652296013854690107e-07
1.652888004404832394e-07
1.653482306122075613e-07
1.654079251507936629e-07
1.654678567913787171e-07
1.655280586361525247e-07
1.655885036011287593e-07
1.656492244257484006e-07
1.657101942002449764e-07
1.657714452599793548e-07
1.658329508308257963e-07
1.658947427476371064e-07
1.659567944167957194e-07
1.660191313189189405e-07
1.660817279968125990e-07
1.661446121838689940e-07
1.662077582742640247e-07
1.662711940369972173e-07
1.663348941199748049e-07
1.663988858898393319e-07
1.664631443417654785e-07
1.665276961739173341e-07
1.665925169106730268e-07
1.666576323684335482e-07
1.667230186449836561e-07
1.667887005694988657e-07
1.668546540579475188e-07
1.669209033800845765e-07
1.669874272643410881e-07
1.670542483636847210e-07
1.671213457643495735e-07
1.671887405842402729e-07
1.672564129127870409e-07
1.673243822293375645e-07
1.673926298255811228e-07
1.674611733544197200e-07
1.675299955308629182e-07
1.675991120097053565e-07
1.676685071236229523e-07
1.677381942530095936e-07
1.678081608230419973e-07
1.678784171512697282e-07
1.679489522225867873e-07
1.680197737773811787e-07
1.680908731169943963e-07
1.681622547531825591e-07
1.682339128131421743e-07
1.683058481804588371e-07
1.683780582666858611e-07
1.684505397656065312e-07
1.685232939842598125e-07
1.685963127274373246e-07
1.686696019483959204e-07
1.687431467150501440e-07
1.688169598645029810e-07
1.688910198600793353e-07
1.689653459163781702e-07
1.690399076347122710e-07
1.691147330273077071e-07
1.691897796967988301e-07
1.692650877890700577e-07
1.693405970569177302e-07
1.694163659709686511e-07
1.694923016569621155e-07
1.695684965345233171e-07
1.696447405759480112e-07
1.697212503563031074e-07
1.697980217406778687e-07
1.698750540930099498e-07
1.699523425725968220e-07
1.700298861231944352e-07
1.701076795538632543e-07
1.701857214385965782e-07
1.702640063451881776e-07
1.703425325538987747e-07
1.704212944430597163e-07
1.705002900694966359e-07
1.705795136290136445e-07
1.706589630557965132e-07
1.707386324295903281e-07
1.708185278261345738e-07
1.708986428376886111e-07
1.709789791650127005e-07
1.710595303771561504e-07
1.711402968913791166e-07
1.712212721147158185e-07
1.713024557208469985e-07
1.713838409755706965e-07
1.714654270671711893e-07
1.715472071408857235e-07
1.716291800112348057e-07
1.717113387205341121e-07
1.717936816873409957e-07
1.718762004985749293e-07
1.719588923018789062e-07
1.720417493017458680e-07
1.721247689227484216e-07
1.722079434001178313e-07
1.722912699745478419e-07
1.723747408178200149e-07
1.724583530101088401e-07
1.725420986514470002e-07
1.726259746106527713e-07
1.727099729441481536e-07
1.727940905033110148e-07
1.728783194293671291e-07
1.729626631139402848e-07
1.730471199564504491e-07
1.731316895387434227e-07
1.732163669733772667e-07
1.733011509747399055e-07
1.733860356988503659e-07
1.734710192819373995e-07
1.735560953813609637e-07
1.736412617251045199e-07
1.737265116883668191e-07
1.738118427339893901e-07
1.738972480271603612e-07
1.739827248667812110e-07
1.740682662112912101e-07
1.741538734624171779e-07
1.742395370884569925e-07
1.743252560992714903e-07
1.744110220784821152e-07
1.744968332711497854e-07
1.745826813297595910e-07
1.746685640586969155e-07
1.747544731607473977e-07
1.748404061656608373e-07
1.749263547640622596e-07
1.750123162597481728e-07
1.750982824447663742e-07
1.751842505977690138e-07
1.752702135432805123e-07
1.753561684553659441e-07
1.754421066549266732e-07
1.755280251682628235e-07
1.756139156436405201e-07
1.756997749320969646e-07
1.757855946987994215e-07
1.758713716902182664e-07
1.759570976431010829e-07
1.760427692736777673e-07
1.761283783340503345e-07
1.762139216393096281e-07
1.762993910209844718e-07
1.763847832828264529e-07
1.764700949913543795e-07
1.765553214582389562e-07
1.766404569804727826e-07
1.767254975853660391e-07
1.768104369458847624e-07
1.768952712453605108e-07
1.769799939383663014e-07
1.770646013137431340e-07
1.771490867254944805e-07
1.772334464645941961e-07
1.773176738216134670e-07
1.774017654573768379e-07
1.774857149908051169e-07
1.775695186528235851e-07
1.776531668111507020e-07
1.777366561459728355e-07
1.778199788354838248e-07
1.779031317825140245e-07
1.779861076593510735e-07
1.780689035482030290e-07
1.781515124779222694e-07
1.782339317777566843e-07
1.783161548914935705e-07
1.783981794347915885e-07
1.784799989762188258e-07
1.785616112688063818e-07
1.786430111780014399e-07
1.787241962086609838e-07
1.788051593592189832e-07
1.788858986627767901e-07
1.789664080692538243e-07
1.790466858625450825e-07
1.791267263780339528e-07
1.792065282314104398e-07
1.792860860610239617e-07
1.793653988028547060e-07
1.794444612280782125e-07
1.795232726444701725e-07
1.796018286846029519e-07
1.796801289696394503e-07
1.797581639756642140e-07
1.798359320037565527e-07
1.799134266826788973e-07
1.799906475714690455e-07
1.800675894145550101e-07
1.801442523547606281e-07
1.802206318828618266e-07
1.802967286485414524e-07
1.803725387922152925e-07
1.804480634242396999e-07
1.805232992888399892e-07
1.805982479797016891e-07
1.806729067908990902e-07
1.807472761193485494e-07
1.808213467136445672e-07
1.808951202446181833e-07
1.809685915609591459e-07
1.810417629953923539e-07
1.811146308471385074e-07
1.811871979838670366e-07
1.812594616666122032e-07
1.813314252903121823e-07
1.814030869137453093e-07
1.814744504336748790e-07
1.815455147077566305e-07
1.816162841909676818e-07
1.816867543825598484e-07
1.817569265559904683e-07
1.818267991044653837e-07
1.818963757369168775e-07
1.819656559020880727e-07
1.820346442899460821e-07
1.821033412386806420e-07
1.821717522038924229e-07
1.822398782892310500e-07
1.823077256332976846e-07
1.823752960762383439e-07
1.824425964008024429e-07
1.825096290119863784e-07
1.825764012831089623e-07
1.826429083898088109e-07
1.827091548119505643e-07
1.827751402937769123e-07
1.828408715859267011e-07
1.829063500490858331e-07
1.829715834227932150e-07
1.830365741226814360e-07
1.831013306773362479e-07
1.831658563543510397e-07
1.832301602921642736e-07
1.832942465105911619e-07
1.833581248049214797e-07
1.834217999545091711e-07
1.834852782758922968e-07
1.835485606560416985e-07
1.836116555916594314e-07
1.836745668387085151e-07
1.837373041308777511e-07
1.837998723956586489e-07
1.838622822224144137e-07
1.839245393813700162e-07
1.839866551966083752e-07
1.840486361172655563e-07
1.841104943289368186e-07
1.841722368965914409e-07
1.842338760570926749e-07
1.842954194555269420e-07
1.843568623739907385e-07
1.844182127717001982e-07
1.844794752120709736e-07
1.845406583025804063e-07
1.846017693186719895e-07
1.846628174307951487e-07
1.847238114653392114e-07
1.847847611136024209e-07
1.848456763189201889e-07
1.849065673542448688e-07
1.849674451992631682e-07
1.850283201991741366e-07
1.850892037256096021e-07
1.851501023561970607e-07
1.852110231382206700e-07
1.852719750083109631e-07
1.853329680127270661e-07
1.853940119742122039e-07
1.854551180678159657e-07
1.855162966872450721e-07
1.855775598063399865e-07
1.856389182559374959e-07
1.857003847710217377e-07
1.857619706999777207e-07
1.858236888918139546e-07
1.858855506372460041e-07
1.859475583091723759e-07
1.860097131966818185e-07
1.860720241513180234e-07
1.861344977976032748e-07
1.861971443640922180e-07
1.862599720000590335e-07
1.863229919102917904e-07
1.863862130745122879e-07
1.864496473984060184e-07
1.865133043803939352e-07
1.865771968935692153e-07
1.866413347903873847e-07
1.867057302698120794e-07
1.867703934173897193e-07
1.868353236537088461e-07
1.869005329428856674e-07
1.869660274549745627e-07
1.870318185022999660e-07
1.870979140802761757e-07
1.871643254367929296e-07
1.872310615585739452e-07
1.872981336458898002e-07
1.873655513300172157e-07
1.874333259280029402e-07
1.875014676693269760e-07
1.875699873755169269e-07
1.876388951416018527e-07
1.877081970863216329e-07
1.877778986379272235e-07
1.878480081277690751e-07
1.879185335086890810e-07
1.879894835734861800e-07
1.880608669906012691e-07
1.881326927225568522e-07
1.882049697699898514e-07
1.882777071762104174e-07
1.883509143370815219e-07
1.884246004197709201e-07
1.884987743587965920e-07
1.885734447056978765e-07
1.886486180408623265e-07
1.887243019057099864e-07
1.888005055001477846e-07
1.888772365347148401e-07
1.889545037016507109e-07
1.890323145948609114e-07
1.891106778057196545e-07
1.891896007297260510e-07
1.892690918333959929e-07
1.893491582661888662e-07
1.894298086223074181e-07
1.895110497022424863e-07
1.895928892824609406e-07
1.896753338900991460e-07
1.897583837574773289e-07
1.898420471338289808e-07
1.899263276747411497e-07
1.900112323507981535e-07
1.900967654891351426e-07
1.901829335252638694e-07
1.902697409965503881e-07
1.903571938811238269e-07
1.904452967722152921e-07
1.905340553293543273e-07
1.906234741389982369e-07
1.907135582214234727e-07
1.908043117918983640e-07
1.908957354397557189e-07
1.909878293424616983e-07
1.910805959320805365e-07
1.911740371521199874e-07
1.912681555120992808e-07
1.913629532083266475e-07
1.914584326610092373e-07
1.915545960910319152e-07
1.916514456813283943e-07
1.917489835893175051e-07
1.918472117952139945e-07
1.919461322520806772e-07
1.920457464975223805e-07
1.921460563097730482e-07
1.922470676745930723e-07
1.923487830474598692e-07
1.924512058064066098e-07
1.925543377955589368e-07
1.926581814710821896e-07
1.927627384022449281e-07
1.928680104722622008e-07
1.929739989843058702e-07
1.930807053887917447e-07
1.931881307372935730e-07
1.932962761054785325e-07
1.934051423516363472e-07
1.935147302142873144e-07
1.936250424465661809e-07
1.937360828120674419e-07
1.938478528660686055e-07
1.939603545300650506e-07
1.940735885920344550e-07
1.941875563607978617e-07
1.943022586622474932e-07
1.944176958904636017e-07
1.945338688496465313e-07
1.946507774785001869e-07
1.947684226193624120e-07
1.948868040251023446e-07
1.950059218318832573e-07
1.951257795789134181e-07
1.952463816686809545e-07
1.953677301935759395e-07
1.954898270847632157e-07
1.956126732014704106e-07
1.957362700183700270e-07
1.958606174931778625e-07
1.959857168503071739e-07
1.961115675379903497e-07
1.962381700417861681e-07
1.963655240711665370e-07
1.964936297421765582e-07
1.966224860614137679e-07
1.967520931791004915e-07
1.968824643449179485e-07
1.970135998166755455e-07
1.971455051753496786e-07
1.972781801232604124e-07
1.974116280882969329e-07
1.975458484242109269e-07
1.976808433601376251e-07
1.978166120194867862e-07
1.979531558399017824e-07
1.980904734586480296e-07
1.982285657390330748e-07
1.983674312778280182e-07
1.985070703981005167e-07
1.986474912668008726e-07
1.987887011799674705e-07
1.989307026897895134e-07
1.990734986913179888e-07
1.992170902995437110e-07
1.993614785687911418e-07
1.995066633712648205e-07
1.996526449401193007e-07
1.997994223266519796e-07
1.999469947627506693e-07
2.000953609761154232e-07
2.002445193689682728e-07
2.003944678574566018e-07
2.005452058931609613e-07
2.006967313985391833e-07
2.008490411184432811e-07
2.010021319071308755e-07
2.011560000483965821e-07
2.013106419060468079e-07
2.014660530420701339e-07
2.016222293016408607e-07
2.017791656192329250e-07
2.019368573544129857e-07
2.020952990536988814e-07
2.022544856245677556e-07
2.024144107857790783e-07
2.025750689755281441e-07
2.027364674885564507e-07
2.028985953373733643e-07
2.030614520536200371e-07
2.032250281480970047e-07
2.033893210073764877e-07
2.035543212462374513e-07
2.037200245646926806e-07
2.038864213650922390e-07
2.040535061470473714e-07
2.042212693535016922e-07
2.043897045704397687e-07
2.045588018978945146e-07
2.047285539010766664e-07
2.048989545073852614e-07
2.050699988250483017e-07
2.052416775832484897e-07
2.054139833151492027e-07
2.055869064262980799e-07
2.057604381885377135e-07
2.059345685248008274e-07
2.061092880593877517e-07
2.062845860082314704e-07
2.064604523325418882e-07
2.066368761874609904e-07
2.068138472571783031e-07
2.069913536701386267e-07
2.071693849894825382e-07
2.073479363368070519e-07
2.075269944600458886e-07
2.077065501243672574e-07
2.078865908852244806e-07
2.080671066135401034e-07
2.082480844121520046e-07
2.084295132039452855e-07
2.086113803320925181e-07
2.087936744022594328e-07
2.089763825134127295e-07
2.091594933594330201e-07
2.093429935000845446e-07
2.095268712044581654e-07
2.097111169098136676e-07
2.098957165053967575e-07
2.100806585892361309e-07
2.102659298624577006e-07
2.104515180596259936e-07
2.106374098972886926e-07
2.108235932527604168e-07
2.110100547878369832e-07
2.111967820416518511e-07
2.113837619659549589e-07
2.115709822800478296e-07
2.117584302978160770e-07
2.119460933969222900e-07
2.121339552369678773e-07
2.123219975772297687e-07
2.125102045887139319e-07
2.126985606786701767e-07
2.128870520839528987e-07
2.130756641104736571e-07
2.132643835659530934e-07
2.134531968364599067e-07
2.136420909031466405e-07
2.138310527990431649e-07
2.140200704336750680e-07
2.142091310489839497e-07
2.143982234288494196e-07
2.145873354487521117e-07
2.147764589028379766e-07
2.149655791244709908e-07
2.151546872486192043e-07
2.153437707781393491e-07
2.155328210595208870e-07
2.157218267753605216e-07
2.159107795045166719e-07
2.160996687090160980e-07
2.162884866650722710e-07
2.164772236616778673e-07
2.166658727649792526e-07
2.168544248413667934e-07
2.170428734543398265e-07
2.172312072608735792e-07
2.174194132419510030e-07
2.176074823100494744e-07
2.177954058632592522e-07
2.179831760166681033e-07
2.181707859516659110e-07
2.183582288667746999e-07
2.185454992818789191e-07
2.187325913628128542e-07
2.189195008755139176e-07
2.191062229780928080e-07
2.192927546478489258e-07
2.194790920664296895e-07
2.196652317418440477e-07
2.198511661264973242e-07
2.200368902825971092e-07
2.202223999041863793e-07
2.204076928839412351e-07
2.205927664101608488e-07
2.207776198843093992e-07
2.209622517821907231e-07
2.211466628386640828e-07
2.213308526836899533e-07
2.215148234205566776e-07
2.216985758040981697e-07
2.218821129669086867e-07
2.220654368460057249e-07
2.222485219572962321e-07
2.224313670192269559e-07
2.226139626073867911e-07
2.227963106966864701e-07
2.229784067570335694e-07
2.231602544327342197e-07
2.233418522262321057e-07
2.235232051412370380e-07
2.237043139726516918e-07
2.238851850514959028e-07
2.240658211172157564e-07
2.242462296372539273e-07
2.244264150562197181e-07
2.246063795269924451e-07
2.247861205659480255e-07
2.249656427366475103e-07
2.251449491662651517e-07
2.253240472039299566e-07
2.255029424134953649e-07
2.256816438676235216e-07
2.258601589492223666e-07
2.260384981225252303e-07
2.262166703705518085e-07
2.263946875686757783e-07
2.265725601555097090e-07
2.267503008200262995e-07
2.269279213449137056e-07
2.271054162165461647e-07
2.272827977813750188e-07
2.274600711678626529e-07
2.276372501899593897e-07
2.278143433741281045e-07
2.279913656740164030e-07
2.281683277946984115e-07
2.283452457806640641e-07
2.285221320292251138e-07
2.286990037923723623e-07
2.288758750497841636e-07
2.290527635683600806e-07
2.292296840746271368e-07
2.294066388893671985e-07
2.295836269153274332e-07
2.297606594597071167e-07
2.299377448236430871e-07
2.301148971596001877e-07
2.302921279230071630e-07
2.304694528547486191e-07
2.306468850823116380e-07
2.308244419730145541e-07
2.310021380944718516e-07
2.311799918235371830e-07
2.313580186232807887e-07
2.315362375199406949e-07
2.317146538112111224e-07
2.318932779001731966e-07
2.320721239093677542e-07
2.322512073916129142e-07
2.324305434877638517e-07
2.326101497818054026e-07
2.327900419304171190e-07
2.329702391035819595e-07
2.331507576698694812e-07
2.333316172634086134e-07
2.335128355831338420e-07
2.336944328281496250e-07
2.338764264539691670e-07
2.340588368639650091e-07
2.342416555136340360e-07
2.344249005639229754e-07
2.346085765649441392e-07
2.347927035529116997e-07
2.349772895182302583e-07
2.351623549668001622e-07
2.353479097038721881e-07
2.355339746327278759e-07
2.357205607508851147e-07
2.359076889811203046e-07
2.360953708840993105e-07
2.362836273739513318e-07
2.364724707378944319e-07
2.366619119863268801e-07
2.368519603188869367e-07
2.370426316015895852e-07
2.372339370459688504e-07
2.374258933990081645e-07
2.376185126108669085e-07
2.378118115674423945e-07
2.380058027204754421e-07
2.382005034437260978e-07
2.383959260888879905e-07
2.385920881127628740e-07
2.387890016056226929e-07
2.389866834625169768e-07
2.391851445195345142e-07
2.393843989074013386e-07
2.395844565325917613e-07
2.397853320904356028e-07
2.399870361933352852e-07
2.401895830954143488e-07
2.403929835717238585e-07
2.405972515409878245e-07
2.408023972158483459e-07
2.410084345497871650e-07
2.412153735788263531e-07
2.414232274472958716e-07
2.416320056709440563e-07
2.418417212605936001e-07
2.420523639851320566e-07
2.422639489470924477e-07
2.424764749246503406e-07
2.426899550329798699e-07
2.429043900941043291e-07
2.431197928378388371e-07
2.433361646837920317e-07
2.435535177333891637e-07
2.437718534622049849e-07
2.439911836272266861e-07
2.442115098170468781e-07
2.444328430009400630e-07
2.446551846865263664e-07
2.448785476213308307e-07
2.451029390406211176e-07
2.453283739112078836e-07
2.455548564486892981e-07
2.457823987809709266e-07
2.460110040007524892e-07
2.462406835835159178e-07
2.464714401330539919e-07
2.467032841129998664e-07
2.469362182158620106e-07
2.471702522267260204e-07
2.474053882014260913e-07
2.476416352215439168e-07
2.478789951107097216e-07
2.481174964102428289e-07
2.483571395043580191e-07
2.485979426224255797e-07
2.488399064801543110e-07
2.490830466240323490e-07
2.493273634911584466e-07
2.495728709725889710e-07
2.498195698174190024e-07
2.500674726573433102e-07
2.503165800733088644e-07
2.505669042686900663e-07
2.508184456270869617e-07
2.510712157784041651e-07
2.513252111889618869e-07
2.515804416075318322e-07
2.518369054819642417e-07
2.520946126873592732e-07
2.523535622425508594e-07
2.526137638591066892e-07
2.528752165910810664e-07
2.531379297381410986e-07
2.534019025728228092e-07
2.536671446595562703e-07
2.539336552430617904e-07
2.542014437050451649e-07
2.544705091085137301e-07
2.547408794772138384e-07
2.550125702569052092e-07
2.552855971280729907e-07
2.555599670612604729e-07
2.558356938923395618e-07
2.561127823394084463e-07
2.563912445124862678e-07
2.566710839863694362e-07
2.569523121494443560e-07
2.572349314779437682e-07
2.575189528678934125e-07
2.578043780679264224e-07
2.580912164908622310e-07
2.583794692805891343e-07
2.586691594586168235e-07
2.589602911684200947e-07
2.592528789711237567e-07
2.595469241215132061e-07
2.598424383440778913e-07
2.601394219251892227e-07
2.604378843556799560e-07
2.607378247233824807e-07
2.610392516141868157e-07
2.613421628922208221e-07
2.616465661832410206e-07
2.619524583627138637e-07
2.622598453655681844e-07
2.625687394733515840e-07
2.628791605002002249e-07
2.631911106071182957e-07
2.635046008735658384e-07
2.638196298617346534e-07
2.641362050873207120e-07
2.644543233654576332e-07
2.647739894767539491e-07
2.650951978402290549e-07
2.654179520236467108e-07
2.657422451247206651e-07
2.660680782454568758e-07
2.663954427649738109e-07
2.667243352838752019e-07
2.670547362366626201e-07
2.673866355783697501e-07
2.677200164415618451e-07
2.680548703872549985e-07
2.683911799466308648e-07
2.687289358473294083e-07
2.690681199471842891e-07
2.694087218062969037e-07
2.697507222353701954e-07
2.700941097066126538e-07
2.704388642699461579e-07
2.707849725381037559e-07
2.711324135164414256e-07
2.714811808791435811e-07
2.718312519343733248e-07
2.721826157939904231e-07
2.725352483100303620e-07
2.728891366124409187e-07
2.732442550484365799e-07
2.736005895563356145e-07
2.739581135945534262e-07
2.743168115067360941e-07
2.746766564996643796e-07
2.750376315297583760e-07
2.753997090390674832e-07
2.757628708896811726e-07
2.761270978481053731e-07
2.764923749424177430e-07
2.768586730252577907e-07
2.772259743667449460e-07
2.775942503205489757e-07
2.779634817287075896e-07
2.783336398204051928e-07
2.787047045499035747e-07
2.790766467175933869e-07
2.794494459872724628e-07
2.798230735895452583e-07
2.801975087534499356e-07
2.805727208286942577e-07
2.809486894102693483e-07
2.813253804362669283e-07
2.817027719986186330e-07
2.820808317699454768e-07
2.824595387258578112e-07
2.828388611136928462e-07
2.832187781570538102e-07
2.835992582210078168e-07
2.839802810457969466e-07
2.843618154805144914e-07
2.847438418793154946e-07
2.851263293908487792e-07
2.855092593008870461e-07
2.858926014239240947e-07
2.862763379928262105e-07
2.866604326386051706e-07
2.870448677500788374e-07
2.874296115459762011e-07
2.878146470942646060e-07
2.881999446828507067e-07
2.885854884732873452e-07
2.889712499334758398e-07
2.893572142521231654e-07
2.897433544173806625e-07
2.901296569192577402e-07
2.905160960642559290e-07
2.909026597481019357e-07
2.912893106807419516e-07
2.916760182644937502e-07
2.920627473109971942e-07
2.924494787833277719e-07
2.928361839903503839e-07
2.932228480114460447e-07
2.936094456909000441e-07
2.939959648849546481e-07
2.943823829463159335e-07
2.947686907920281078e-07
2.951548678639422318e-07
2.955409070590963433e-07
2.959267911089065562e-07
2.963125149079962891e-07
2.966980391776618091e-07
2.970833578454526604e-07
2.974684458899120845e-07
2.978533012433179899e-07
2.982379053000028436e-07
2.986222590517535529e-07
2.990063485847514344e-07
2.993901774194507052e-07
2.997737353027366557e-07
3.001570282059944701e-07
3.005400496378614256e-07
3.009228079988450630e-07
3.013052988868350580e-07
3.016875181597465425e-07
3.020694430303444214e-07
3.024510802259030636e-07
3.028324201888481228e-07
3.032134743434486484e-07
3.035942391938060670e-07
3.039747302089607455e-07
3.043549486126234062e-07
3.047349128517960588e-07
3.051146283990665665e-07
3.054941174882999589e-07
3.058733887412346477e-07
3.062524683730991522e-07
3.066313388897279836e-07
3.070099977763574015e-07
3.073884448024687658e-07
3.077666956574532997e-07
3.081447579579400030e-07
3.085226547812636495e-07
3.089003985487321178e-07
3.092780177244009272e-07
3.096555287961941475e-07
3.100329645704733376e-07
3.104103456307535851e-07
3.107877091441143378e-07
3.111650796837916354e-07
3.115424982781244375e-07
3.119199212827509081e-07
3.122973915917408924e-07
3.126749055152467125e-07
3.130525099658609857e-07
3.134302133207324135e-07
3.138080662739867840e-07
3.141860847869734065e-07
3.145643228688039045e-07
3.149428027207407976e-07
3.153215810516761152e-07
3.157006851970921240e-07
3.160801747142636608e-07
3.164600819113226872e-07
3.168404342634398558e-07
3.172212351499611591e-07
3.176025347155206718e-07
3.179843564537273510e-07
3.183667562116715181e-07
3.187497650605656748e-07
3.191334436852255357e-07
3.195178284707233147e-07
3.199029835078296771e-07
3.202889500103939620e-07
3.206757951154364325e-07
3.210635632357098919e-07
3.214523253523635618e-07
3.218421296053330180e-07
3.222329585721960386e-07
3.226248575489589854e-07
3.230178570920999025e-07
3.234120084248164975e-07
3.238073553833983724e-07
3.242039526858903756e-07
3.246018518756331464e-07
3.250011102079407801e-07
3.254017847830877848e-07
3.258039354709958991e-07
3.262076239470588702e-07
3.266129116481819665e-07
3.270198636714103590e-07
3.274285035265198460e-07
3.278388621333236252e-07
3.282509850761944426e-07
3.286649240939303431e-07
3.290807316442351385e-07
3.294984659108374737e-07
3.299181831680404365e-07
3.303399457838348572e-07
3.307638125745118914e-07
3.311898496039975138e-07
3.316181175052747931e-07
3.320486843286991319e-07
3.324816129627326130e-07
3.329169425226331628e-07
3.333547089034563355e-07
3.337949702218440195e-07
3.342377777064880426e-07
3.346831934065527515e-07
3.351312732904022510e-07
3.355820817852712450e-07
3.360356772714652966e-07
3.364921261363227533e-07
3.369514881845250233e-07
3.374138308206357198e-07
3.378792146458249951e-07
3.383477084665134604e-07
3.388193733277962593e-07
3.392942298188904935e-07
3.397723408581373334e-07
3.402537517403445888e-07
3.407385248635504191e-07
3.412267121132666516e-07
3.417183755664727125e-07
3.422135696445461954e-07
3.427123564154452021e-07
3.432147911339012739e-07
3.437209353985887840e-07
3.442308457778673080e-07
3.447445820364629156e-07
3.452622010116839719e-07
3.457837233447153795e-07
3.463091589759150437e-07
3.468385462138484699e-07
3.473719182582803987e-07
3.479093166789959606e-07
3.484507793756506354e-07
3.489963491721028600e-07
3.495460663062553235e-07
3.500999736425410881e-07
3.506581118133310627e-07
3.512205231462263506e-07
3.517872477602849363e-07
3.523583271970383719e-07
3.529337965323836366e-07
3.535136948531183496e-07
3.540980620009539563e-07
3.546869360778774907e-07
3.552803551714137462e-07
3.558783554787142718e-07
3.564809734757076352e-07
3.570882440887159142e-07
3.577002023426395692e-07
3.583168810445486491e-07
3.589383141070034838e-07
3.595645317837671003e-07
3.601955668136846435e-07
3.608314477078258787e-07
3.614722151756436717e-07
3.621179066845735006e-07
3.627685570433026190e-07
3.634241960934936789e-07
3.640848560606334783e-07
3.647505638253204864e-07
3.654213490744353188e-07
3.660972369770779768e-07
3.667782554345402127e-07
3.674644281723082645e-07
3.681557828357405501e-07
3.688523411501983100e-07
3.695541294106437629e-07
3.702611736893312429e-07
3.709735094680950925e-07
3.716911629223733465e-07
3.724141642037603414e-07
3.731425368270620867e-07
3.738763096199186531e-07
3.746155046786343782e-07
3.753601502906095486e-07
3.761102686148835738e-07
3.768658871959180010e-07
3.776270294096640404e-07
3.783937232267896250e-07
3.791659905477039300e-07
3.799438610719475901e-07
3.807273735671313283e-07
3.815165616741282805e-07
3.823114595905613619e-07
3.831121018374780901e-07
3.839185231282738242e-07
3.847307603955007352e-07
3.855488500125899458e-07
3.863728321492055825e-07
3.872027460479806394e-07
3.880386339150335366e-07
3.888805380368349928e-07
3.897285032134449498e-07
3.905825736153247655e-07
3.914428386638724895e-07
3.923093794819050695e-07
3.931822684035894405e-07
3.940615734642745456e-07
3.949473671004154951e-07
3.958397173506777368e-07
3.967386997557387137e-07
3.976443848461135728e-07
3.985568527677095351e-07
3.994761778581630959e-07
4.004024434544461794e-07
4.013357265969790538e-07
4.022761139186126391e-07
4.032237109038224746e-07
4.041786317591621932e-07
4.051409703674237400e-07
4.061108290968754935e-07
4.070883013527747754e-07
4.080734902607570097e-07
4.090664911381785222e-07
4.100674090450306966e-07
4.110763432499659025e-07
4.120934019923659422e-07
4.131186892904969291e-07
4.141523149324227779e-07
4.151943810997884331e-07
4.162449987999270085e-07
4.173043332075217016e-07
4.183724769076144794e-07
4.194495578476678993e-07
4.205356727156073706e-07
4.216309395424894136e-07
4.227354556406263863e-07
4.238493346975178079e-07
4.249726751597304445e-07
4.261055882467606873e-07
4.272481743633190178e-07
4.284005441279410570e-07
4.295627937345381939e-07
4.307350268111040996e-07
4.319173885800070483e-07
4.331100280784437088e-07
4.343130570796850490e-07
4.355265910845031351e-07
4.367507310969085578e-07
4.379855800513246118e-07
4.392312309478597371e-07
4.404877785568712584e-07
4.417553111202237180e-07
4.430339173666266557e-07
4.443236809055840528e-07
4.456246841669864974e-07
4.469370034289184641e-07
4.482607131523756792e-07
4.495959026805201531e-07
4.509426638156140188e-07
4.523010702817453504e-07
4.536711961014918147e-07
4.550531066680487238e-07
4.564468671033473947e-07
4.578525356383192887e-07
4.592701703045482514e-07
4.606998225233425148e-07
4.621415454555400635e-07
4.635953835003804547e-07
4.650613778818991814e-07
4.665395664084720647e-07
4.680299504984405811e-07
4.695324953697902798e-07
4.710472118561786469e-07
4.725740918488054360e-07
4.741131442947908365e-07
4.756643637635749069e-07
4.772277541779251447e-07
4.788033083928250901e-07
4.803910245401411954e-07
4.819908931563557177e-07
4.836029066961800545e-07
4.852270485229637499e-07
4.868633048582169861e-07
4.885117227463719997e-07
4.901723609439238673e-07
4.918452398347902388e-07
4.935303747407245747e-07
4.952277699396605281e-07
4.969374265518769929e-07
4.986593405212692451e-07
5.003935050865092269e-07
5.021399088812554662e-07
5.038985395065196143e-07
5.056693829381255001e-07
5.074524213566287189e-07
5.092476326783433945e-07
5.110549939258905172e-07
5.128744498319623829e-07
5.147059270408960509e-07
5.165493783511710952e-07
5.184047466823986943e-07
5.202719839069167270e-07
5.221510347605065125e-07
5.240418478979637174e-07
5.259443652921092794e-07
5.278585340679003770e-07
5.297842958806313421e-07
5.317215967196348694e-07
5.336703739611968586e-07
5.356305699585104625e-07
5.376021334807896169e-07
5.395850637293664266e-07
5.415793032946294216e-07
5.435848229462972375e-07
5.456015630864944192e-07
5.476294868632002411e-07
5.496685340339738567e-07
5.517186659004847441e-07
5.537798211838071675e-07
5.558519616688119848e-07
5.579350272531428818e-07
5.600289779176244754e-07
5.621337552583225306e-07
5.642492779002532561e-07
5.663754446191506544e-07
5.685121934220639321e-07
5.706594431217574330e-07
5.728171403576094405e-07
5.749852125496318822e-07
5.771636110106057898e-07
5.793522689189550224e-07
5.815511420752257137e-07
5.837601694154373262e-07
5.859793129047032939e-07
5.882085158251374739e-07
5.904477434787688183e-07
5.926969445139360616e-07
5.949561942300425411e-07
5.972254327613264558e-07
5.995046877947406238e-07
6.017939136773004064e-07
6.040931324265429594e-07
6.064023052572151340e-07
6.087214566036745597e-07
6.110505570123814689e-07
6.133896341986400370e-07
6.157386688185276074e-07
6.180976949190107982e-07
6.204667028535487987e-07
6.228457379002468291e-07
6.252346082119173011e-07
6.276331191489026755e-07
6.300411798938749124e-07
6.324587206302504840e-07
6.348856818171702637e-07
6.373220313768522648e-07
6.397677328279462732e-07
6.422227770066851063e-07
6.446871468309639990e-07
6.471608516814761186e-07
6.496438917864999150e-07
6.521362951113558434e-07
6.546380775079741321e-07
6.571493004524098594e-07
6.596699995308856553e-07
6.622002337799937688e-07
6.647400510834414092e-07
6.672895300870515653e-07
6.698487336430298158e-07
6.724177566894735376e-07
6.749966760786606759e-07
6.775856044651924628e-07
6.801846369077275452e-07
6.827939007855126802e-07
6.854135075800870306e-07
6.880436079925214643e-07
6.906843341586737686e-07
6.933354425769721849e-07
6.959970120336247190e-07
6.986690138881002959e-07
7.013515729878401592e-07
7.040447262183271768e-07
7.067486207462647421e-07
7.094633348938461542e-07
7.121890358672250151e-07
7.149258364137134896e-07
7.176739217175139625e-07
7.204334342838001517e-07
7.232045803279586716e-07
7.259875273696895220e-07
7.287823655134999546e-07
7.315892155415160640e-07
7.344083182410104234e-07
7.372398550798784423e-07
7.400840707651676768e-07
7.429411786100403209e-07
7.458114437797260411e-07
7.486951078319922488e-07
7.515924578279846465e-07
7.545037589619115921e-07
7.574293194944806737e-07
7.603694311163777999e-07
7.633244271660488982e-07
7.662946236930383897e-07
7.692799905480894310e-07
7.722807791962118447e-07
7.752971615803126341e-07
7.783294473882123665e-07
7.813778711799313237e-07
7.844427730039885746e-07
7.875244305425264850e-07
7.906232044238409903e-07
7.937394065980427701e-07
7.968734171907075311e-07
8.000255722923954317e-07
8.031962819934903980e-07
8.063859150269867489e-07
8.095947532797009416e-07
8.128231241795791359e-07
8.160714052300764251e-07
8.193399773578297031e-07
8.226292552932833571e-07
8.259396511233051810e-07
8.292716083545219045e-07
8.326255631287524593e-07
8.360019865469768455e-07
8.394013367923510823e-07
8.428241128810493798e-07
8.462707903906842861e-07
8.497418872098261549e-07
8.532377282288527376e-07
8.567586826159558347e-07
8.603051792829711429e-07
8.638776855514216750e-07
8.674766685599522191e-07
8.711026332050570751e-07
8.747560697004364921e-07
8.784375103674632645e-07
8.821474657703957460e-07
8.858864938515909216e-07
8.896551140779541871e-07
8.934539064373044537e-07
8.972834216416174722e-07
9.011442536452459331e-07
9.050366253170533219e-07
9.089610774133010945e-07
9.129180146401233326e-07
9.169080222350861009e-07
9.209315552004512514e-07
9.249892198296790410e-07
9.290815024656622400e-07
9.332090216931072867e-07
9.373722925789740035e-07
9.415719439795420278e-07
9.453810447293945111e-07
9.492191099809939834e-07
9.528716112680578195e-07
9.565499107996328415e-07
9.600923453367938518e-07
9.636584045660217950e-07
9.671127811503520660e-07
9.705890824708862250e-07
9.739684444433563138e-07
9.773683157723228398e-07
9.806813337169497918e-07
9.840136387041331387e-07
9.872664954519049582e-07
9.905375586531330867e-07
9.937348739141208023e-07
9.969494157994904031e-07
1.000094750260406492e-06
1.003256414904401920e-06
1.006352586741798598e-06
1.009464260004338485e-06
1.012513542981918116e-06
1.015577554825482695e-06
1.018581811577002507e-06
1.021600072322951149e-06
1.024560847931288015e-06
1.027534943769902684e-06
1.030453531512011104e-06
1.033384789490617273e-06
1.036262281869806492e-06
1.039151827927729770e-06
1.041989155796734735e-06
1.044837948226699632e-06
1.047635907395564233e-06
1.050444766690273941e-06
1.053204041002297235e-06
1.055973673547558554e-06
1.058694853657329530e-06
1.061425871346150655e-06
1.064109471011289312e-06
1.066802408118851584e-06
1.069448878084823511e-06
1.072104201106730562e-06
1.074713928294495331e-06
1.077332037403179110e-06
1.079905356757279618e-06
1.082486601669560280e-06
1.085023805920738839e-06
1.087568493617171211e-06
1.090069839985619943e-06
1.092578241868604420e-06
1.095043958749573232e-06
1.097516318695218578e-06
1.099946613667667628e-06
1.102383161716489745e-06
1.104778240518705022e-06
1.107179172449893933e-06
1.109539177934335204e-06
1.111904646636615156e-06
1.114229703154066320e-06
1.116559842812268647e-06
1.118850059233253384e-06
1.121144988569006116e-06
1.123400461394511305e-06
1.125660287171335196e-06
1.127881104554211215e-06
1.130105926492073935e-06
1.132292175087220503e-06
1.134482096925472815e-06
1.136633859728445321e-06
1.138788956095394723e-06
1.140906284061537457e-06
1.143026614025912311e-06
1.145109552660863977e-06
1.147195170054375973e-06
1.149243761436723594e-06
1.151294717175811316e-06
1.153309002564188187e-06
1.155325348148909261e-06
1.157305372644484631e-06
1.159287169331934637e-06
1.161232998669572820e-06
1.163180313556084953e-06
1.165091980492551348e-06
1.167004840368379488e-06
1.168882364227238314e-06
1.170760795756319380e-06
1.172604196819639669e-06
1.174448228022251306e-06
1.176257529110520285e-06
1.178067191289467886e-06
1.179842420021284084e-06
1.181617751187298847e-06
1.183358944410507858e-06
1.185100001498369405e-06
1.186807225375677181e-06
1.188514056588887046e-06
1.190187330486463563e-06
1.191859962244501990e-06
1.193499309759505242e-06
1.195137773026487476e-06
1.196743223176303449e-06
1.198347554819502207e-06
1.199919143614037505e-06
1.201489388377478431e-06
1.203027161577666641e-06
1.204563376060594618e-06
1.206067398829428516e-06
1.207569671371323869e-06
1.209040023856339943e-06
1.210508410735651193e-06
1.211945133060117022e-06
1.213379681786329257e-06
1.214782821576035177e-06
1.216183587602199520e-06
1.217553201190866339e-06
1.218920249386518460e-06
1.220256403662643534e-06
1.221589810950460297e-06
1.222892587193091405e-06
1.224192452666320592e-06
1.225461968263393638e-06
1.226728408754807122e-06
1.227964747632189664e-06
1.229197837535796948e-06
1.230401075647460432e-06
1.231600898937636110e-06
1.232771122371004812e-06
1.233937773843437575e-06
1.235075080335073170e-06
1.236208667699211840e-06
1.237313169225677967e-06
1.238413817643629114e-06
1.239485647156409374e-06
1.240553524948599185e-06
1.241592881398619433e-06
1.242628137503726545e-06
1.243635114239850450e-06
1.244637848594309427e-06
1.245612547051011364e-06
1.246582867615680145e-06
1.247525397259617325e-06
1.248463419882171009e-06
1.249373897963504343e-06
1.250279745931991647e-06
1.251158296488710589e-06
1.252032098877586282e-06
1.252878850780473777e-06
1.253720740432708492e-06
1.254535830823016992e-06
1.255345958414911390e-06
1.256129544064227067e-06
1.256908073862841277e-06
1.257660322304117760e-06
1.258407429468636272e-06
1.259128519489806914e-06
1.259844390671461096e-06
1.260534513202922397e-06
1.261219347551849033e-06
1.261878707606234069e-06
1.262532720430029823e-06
1.263161554573636032e-06
1.263785008355894564e-06
1.264383543943562130e-06
1.264976634927957106e-06
1.265545070783843876e-06
1.266108004378599864e-06
1.266646548424699727e-06
1.267179539011722636e-06
1.267688408010958952e-06
1.268191678611139434e-06
1.268671097693788699e-06
1.269144879139702320e-06
1.269595081004549556e-06
1.270039613941317172e-06
1.270460845474853979e-06
1.270876381135667742e-06
1.271268888257642452e-06
1.271655674871260178e-06
1.272019708180786031e-06
1.272378002392837702e-06
1.272713820760950954e-06
1.273043887263794212e-06
1.273351757398619606e-06
1.273653868394120329e-06
1.273934064018150114e-06
1.274208498073557536e-06
1.274461300598196951e-06
1.274708347689943007e-06
1.274934047757897141e-06
1.275153998004948661e-06
1.275352884598690803e-06
1.275546032342781121e-06
1.275718401548996425e-06
1.275885047981503456e-06
1.276031202564570373e-06
1.276171655298861963e-06
1.276291904238539963e-06
1.276406476667693157e-06
1.276501134346768790e-06
1.276590145299870543e-06
1.276659536374670157e-06
1.276723320193185226e-06
1.276767769174273718e-06
1.276806643724691593e-06
1.276826468938340854e-06
1.276840756178977883e-06
1.276836279643726609e-06
1.276826304709765665e-06
1.276797851078546356e-06
1.276763941032546349e-06
1.276711835992070228e-06
1.276654317389462338e-06
1.276578884194019714e-06
1.276498078094836977e-06
1.276399630273080142e-06
1.276295856678847319e-06
1.276174728146659278e-06
1.276048330731806104e-06
1.275904864267923931e-06
1.275756187839783320e-06
1.275590726748647677e-06
1.275420115898934377e-06
1.275233002317543072e-06
1.275040799202517902e-06
1.274832370717678690e-06
1.274618909952194762e-06
1.274389488355976833e-06
1.274155075617131050e-06
1.273904975080442864e-06
1.273649963437683574e-06
1.273379554362397655e-06
1.273104316067408494e-06
1.272813969406161481e-06
1.272518876959379971e-06
1.272208963655207598e-06
1.271894389252693356e-06
1.271565279662928613e-06
1.271231594513215827e-06
1.270883657576325757e-06
1.270531231107658153e-06
1.270164835424350115e-06
1.269794038556642816e-06
1.269409549364271272e-06
1.269020744317516775e-06
1.268618521008574907e-06
1.268212066987430487e-06
1.267792465511810600e-06
1.267368717723827191e-06
1.266932089432210986e-06
1.266491397678575133e-06
1.266038087521242287e-06
1.265580793492518000e-06
1.265111135951485257e-06
1.264637563470257367e-06
1.264151862866855615e-06
1.263662323958107432e-06
1.263160921793007964e-06
1.262655773599537515e-06
1.262139023491036806e-06
1.261618618566493418e-06
1.261086869257037650e-06
1.260551554868525635e-06
1.260005149432922295e-06
1.259455266529313333e-06
1.258894541104824907e-06
1.258330422239157543e-06
1.257755703114430536e-06
1.257177662929697938e-06
1.256589250525221556e-06
1.255997609381384240e-06
1.255395841337043230e-06
1.254790935469622467e-06
1.254176144025504863e-06
1.253558304128311832e-06
1.252930815892150344e-06
1.252300366911280728e-06
1.251660502641981405e-06
1.251017763583525365e-06
1.250365838102834335e-06
1.249711121893721696e-06
1.249047442871693004e-06
1.248381053367058942e-06
1.247705920884528360e-06
1.247028159281502992e-06
1.246341871554064354e-06
1.245653033628872390e-06
1.244955881579907647e-06
1.244256255603473619e-06
1.243548522467723203e-06
1.242838388724068863e-06
1.242120349402556382e-06
1.241399979258213033e-06
1.240671898894091723e-06
1.239941549826734046e-06
1.239203672196723731e-06
1.238463589989202593e-06
1.237716174407510978e-06
1.236966624936711105e-06
1.236209932540997344e-06
1.235451174304467249e-06
1.234685458835151604e-06
1.233917742846205120e-06
1.233143250536755117e-06
1.232366820154544095e-06
1.231583789604687452e-06
1.230798880327558331e-06
1.230007541759779039e-06
1.229214375426448659e-06
1.228414939903679383e-06
1.227613737093795210e-06
1.226806432721972013e-06
1.225997418888739523e-06
1.225182466490109848e-06
1.224365859809846942e-06
1.223543472945796305e-06
1.222719484327010953e-06
1.221889869288194589e-06
1.221058702345528833e-06
1.220222058112830669e-06
1.219383908925902083e-06
1.218540423981078721e-06
1.217695472420092440e-06
1.216845325461551353e-06
1.215993760441226985e-06
1.215137142613149650e-06
1.214279153077114769e-06
1.213416249380883262e-06
1.212552018270262435e-06
1.211683007886193885e-06
1.210812712492770594e-06
1.209937769186398018e-06
1.209061581711485725e-06
1.208180874618192177e-06
1.207298961736516543e-06
1.206412651776632911e-06
1.205525173936784647e-06
1.204633423259660581e-06
1.203740543591714574e-06
1.202843512215203355e-06
1.201945389493577205e-06
1.201043233422565720e-06
1.200140022825153106e-06
1.199232894950534009e-06
1.198324749244148904e-06
1.197412800910889933e-06
1.196499873077248309e-06
1.195583257439415254e-06
1.194665708147933972e-06
1.193744591522624171e-06
1.192822569307972985e-06
1.191897081091439825e-06
1.190970714495243408e-06
1.190040981083144058e-06
1.189110396029096845e-06
1.188176541681319886e-06
1.187241862503050604e-06
1.186304010638521721e-06
1.185365361763013141e-06
1.184423637531205621e-06
1.183481147263379692e-06
1.182535684786725644e-06
1.181589498373366472e-06
1.180640435619941302e-06
1.179690667904563248e-06
1.178738106801662889e-06
1.177784859724493537e-06
1.176828901271502244e-06
1.175872276348497576e-06
1.174913021865008764e-06
1.173953121679271712e-06
1.172990674865998525e-06
1.172027605790536949e-06
1.171062077395328351e-06
1.170095955831073013e-06
1.169127482256086342e-06
1.168158465778352859e-06
1.167187160959023017e-06
1.166215321134188803e-06
1.165241255457191880e-06
1.164266662858978650e-06
1.163289906022016887e-06
1.162312630843125102e-06
1.161333252538210374e-06
1.160353365419877900e-06
1.159371436372205341e-06
1.158389009860491074e-06
1.157404603779588368e-06
1.156419715787145494e-06
1.155432915605528028e-06
1.154445647361627379e-06
1.153456523611621521e-06
1.152466941502618991e-06
1.151475560917987176e-06
1.150483733332576692e-06
1.149490165203566126e-06
1.148496163726758344e-06
1.147500481462827454e-06
1.146504382923494363e-06
1.145506667096903558e-06
1.144508558207144799e-06
1.143508907967604229e-06
1.142508908540856359e-06
1.141507434796297862e-06
1.140505619010088457e-06
1.139502377576656960e-06
1.138498803176047946e-06
1.137493853131952014e-06
1.136488581585371363e-06
1.135481986452092247e-06
1.134475084374140527e-06
1.133466914118542340e-06
1.132458455837472617e-06
1.131448791312489663e-06
1.130438865258229709e-06
1.129427819987378418e-06
1.128416565822277479e-06
1.127404231607684722e-06
1.126391694248924210e-06
1.125378117072294879e-06
1.124364344590272723e-06
1.123349573876621552e-06
1.122334618132964309e-06
1.121318707513986745e-06
1.120302625128305996e-06
1.119285633692611324e-06
1.118268487865286598e-06
1.117250482936525396e-06
1.116232351435845609e-06
1.115213425949489022e-06
1.114194397042734680e-06
1.113174613070213432e-06
1.112154737444696897e-06
1.111134147588716624e-06
1.110113480705758178e-06
1.109092142774152725e-06
1.108070745811147230e-06
1.107048724077704348e-06
1.106026665618212857e-06
1.105004033422565600e-06
1.103981393479010566e-06
1.102958244818297362e-06
1.101935140360801498e-06
1.100911583377581772e-06
1.099888083065102018e-06
1.098864167244177479e-06
1.097840323071787680e-06
1.096816102401998017e-06
1.095791971058870428e-06
1.094767504555160799e-06
1.093743148055224890e-06
1.092718500679353159e-06
1.091693987489986922e-06
1.090669232108098323e-06
1.089644640228988427e-06
1.088619870942964850e-06
1.087595311622632117e-06
1.086570611910341792e-06
1.085546141661080000e-06
1.084521570071089626e-06
1.083497250232184289e-06
1.082472870356718039e-06
1.081448767615634676e-06
1.080424648775200433e-06
1.079400836096689293e-06
1.078377054617322806e-06
1.077353613287735212e-06
1.076330255834573651e-06
1.075307286353922831e-06
1.074284474566800182e-06
1.073262090591840424e-06
1.072239899701320280e-06
1.071218158789794929e-06
1.070196648117680462e-06
1.069175612064387540e-06
1.068154845254538475e-06
1.067134580359800529e-06
1.066114625731575637e-06
1.065095203390788435e-06
1.064076134603086335e-06
1.063057632638753558e-06
1.062039531321212991e-06
1.061022046672421782e-06
1.060005024823372593e-06
1.058988643807581682e-06
1.057972761702744961e-06
1.056957546620719668e-06
1.055942868098922005e-06
1.054928884838186547e-06
1.053915477394019300e-06
1.052902795590914099e-06
1.051890730667240760e-06
1.050879424120353931e-06
1.049868777764852779e-06
1.048858925844206188e-06
1.047849785138176925e-06
1.046841487887655923e-06
1.045833947882046761e-06
1.044827278318896674e-06
1.043821401262678138e-06
1.042816422985935400e-06
1.041812273326674425e-06
1.040809052023242653e-06
1.039806696196828775e-06
1.038805299427754990e-06
1.037804805612465174e-06
1.036805302487892601e-06
1.035806740208178876e-06
1.034809202621071401e-06
1.033812647495259725e-06
1.032817150331096329e-06
1.031822671081158024e-06
1.030829280632418153e-06
1.029836943999117015e-06
1.028845727786371798e-06
1.027855601600602817e-06
1.026866628081296032e-06
1.025878780926505278e-06
1.024892119115018205e-06
1.023906619825030240e-06
1.022922338554747197e-06
1.021939255614031020e-06
1.020957424852944156e-06
1.019976829584406878e-06
1.018997518207365738e-06
1.018019476586371433e-06
1.017042750669646067e-06
1.016067328388921915e-06
1.015093253441292744e-06
1.014120515280256461e-06
1.013149155472635274e-06
1.012179164280769650e-06
1.011210581058164591e-06
1.010243395552440453e-06
1.009277644302560618e-06
1.008313311854779964e-06
1.007350427940753270e-06
1.006388990502008360e-06
1.005429041519595354e-06
1.004470579344992473e-06
1.003513645915070079e-06
1.002558239719941123e-06
1.001604403008118023e-06
1.000652134194008677e-06
9.997014763164999942e-07
9.987524276203575959e-07
9.978050328221062935e-07
9.968592903331351591e-07
9.959152516647444873e-07
9.949729201920145600e-07
9.940323350642536044e-07
9.930934849514318156e-07
9.921564098125501914e-07
9.912210963021703316e-07
9.902875852051831799e-07
9.893558608599522944e-07
9.884259647467223173e-07
9.874978785841181558e-07
9.865716440382169161e-07
9.856472398928602669e-07
9.847247062220618803e-07
9.838040185970823905e-07
9.828852043487535888e-07
9.819682358033825346e-07
9.810531742032635413e-07
9.801399882003278945e-07
9.792287421033868865e-07
9.783194006607224212e-07
9.774120314828137273e-07
9.765065952178418230e-07
9.756031630558501365e-07
9.747016914121006459e-07
9.738022553933914546e-07
9.729048073043040015e-07
9.720094267427948118e-07
9.711160639997028428e-07
9.702248057602685317e-07
9.693355905386965567e-07
9.684485028172522072e-07
9.675634754548357508e-07
9.666805972764592914e-07
9.657997951881604581e-07
9.649211625366667020e-07
9.640446199285164269e-07
9.631702654193060548e-07
9.622980128629256900e-07
9.614279652331148262e-07
9.605600288087339445e-07
9.596943116262007713e-07
9.588307082018380427e-07
9.579693317698208150e-07
9.571100803815096195e-07
9.562530725036674721e-07
9.553981990754635652e-07
9.545455838702240733e-07
9.536951104369312716e-07
9.528469078712389411e-07
9.520008519923757191e-07
9.511570770628737070e-07
1.000000000000000000e+00
1.000000000000000000e+00
