8.182435145907295276e-08
9.928689422405182840e-08
1.142927115339234731e-07
1.273083298977459677e-07
1.386463377845515498e-07
1.486146112743919585e-07
1.574252078713845141e-07
1.652634815420910675e-07
1.722535251963283663e-07
1.785210025402399910e-07
1.841130374636298406e-07
1.891081697828375967e-07
1.936006472774710042e-07
1.976218858740659516e-07
2.012347174256941895e-07
2.044862658221596169e-07
2.073922390267301912e-07
2.099840529659417480e-07
2.122774156030623242e-07
2.143194508278956865e-07
2.161258666037098187e-07
2.177280788570406094e-07
2.191103796246201010e-07
2.203041848329842351e-07
2.213409104086689002e-07
2.222048483884060594e-07
2.229431226619996644e-07
2.235243173029137740e-07
2.239955562009522341e-07
2.243411313928471401e-07
2.245767508418663436e-07
2.247181225112779081e-07
2.247652464010817277e-07
2.247181225112779081e-07
2.245924588051343011e-07
2.243882552826509861e-07
2.241212199070958411e-07
2.237913526784689190e-07
2.233829456335022360e-07
2.229274146987317069e-07
2.224247598741573584e-07
2.218749811597791373e-07
2.212623705923291392e-07
2.206183440983431997e-07
2.199429016778214246e-07
2.192203353674957505e-07
2.184663531306342144e-07
2.176652470039688323e-07
2.168484329140354663e-07
2.160002028975662117e-07
2.151362649178290261e-07
2.142409110115559255e-07
2.133298491420148939e-07
2.123873713459379737e-07
2.114291855865930697e-07
2.104552918639802610e-07
2.094813981413673994e-07
2.084760884922187023e-07
2.074550708798019682e-07
2.064340532673852871e-07
2.053816197284327175e-07
2.043448941527480789e-07
2.032767526505275518e-07
2.022243191115749821e-07
2.011404696460865240e-07
2.000723281438659969e-07
1.989884786783774858e-07
1.979046292128890276e-07
1.968050717841325855e-07
1.957212223186441009e-07
1.946216648898876588e-07
1.935221074611312432e-07
1.924225500323748275e-07
1.913229926036183854e-07
1.902234351748619698e-07
1.891081697828375967e-07
1.880086123540811810e-07
1.869090549253247389e-07
1.858094974965682968e-07
1.847099400678118812e-07
1.836260906023233966e-07
1.825265331735669809e-07
1.814426837080784963e-07
1.803588342425900382e-07
1.792749847771015535e-07
1.781911353116130689e-07
1.771072858461245843e-07
1.760391443439040572e-07
1.749710028416835301e-07
1.739185693027309604e-07
1.728504278005104068e-07
1.717979942615578372e-07
1.707455607226052676e-07
1.697088351469206290e-07
1.686721095712359904e-07
1.676353839955513782e-07
1.666143663831346706e-07
1.655776408074500585e-07
1.645723311583013084e-07
1.635513135458846273e-07
1.625460038967359037e-07
1.615406942475871536e-07
1.605510925617063874e-07
1.595614908758255948e-07
1.585875971532127597e-07
1.575979954673319671e-07
1.566350973190066970e-07
1.556721991706814268e-07
1.547140134113365227e-07
1.537652524299524302e-07
1.528212038375487037e-07
1.518850092267789295e-07
1.509535270049895479e-07
1.500314695611609513e-07
1.491141245063127473e-07
1.482046334330984691e-07
1.472998547488646364e-07
1.464029300462647559e-07
1.455122885289720214e-07
1.446295009933132921e-07
1.437514258466349553e-07
1.428812046815905973e-07
1.420172667018533852e-07
1.411596119074233985e-07
1.403082402983005313e-07
1.394647226708116957e-07
1.386259174323032262e-07
1.377949661754287090e-07
1.369687273075345843e-07
1.361503424212744648e-07
1.353382407203214913e-07
1.345324222046757166e-07
1.337328868743371144e-07
1.329412055256324909e-07
1.321542365659082335e-07
1.313735507914911749e-07
1.305991482023812888e-07
1.298310287985786016e-07
1.290691925800830602e-07
1.283136395468947178e-07
1.275643696990135478e-07
1.268198122401127703e-07
1.260831087628459715e-07
1.253511176745595389e-07
1.246254097715803051e-07
1.239059850539082437e-07
1.231928435215433547e-07
1.224844143781588583e-07
1.217822684200815343e-07
1.210864056473114091e-07
1.203952552635216236e-07
1.197103880650390634e-07
1.190318040518636756e-07
1.183579324276686539e-07
1.176903439887808311e-07
1.170290387352001806e-07
1.163708750742731164e-07
1.157205653949800309e-07
1.150733973083405449e-07
1.144340832033349979e-07
1.137979106909830768e-07
1.131680213639383149e-07
1.125428444258739588e-07
1.119239506731167618e-07
1.113097693093399706e-07
1.107003003345435455e-07
1.100955437487274997e-07
1.094954995518918597e-07
1.089017385403633788e-07
1.083126899178152905e-07
1.077283536842475948e-07
1.071487298396602783e-07
1.065738183840533411e-07
1.060036193174267965e-07
1.054381326397806312e-07
1.048773583511148717e-07
1.043212964514294650e-07
1.037683761443976577e-07
1.032217390226730361e-07
1.026798142899287938e-07
1.021410311498381509e-07
1.016085311950546805e-07
1.010791728329247962e-07
1.005529560634484982e-07
1.000330224792793990e-07
9.951623048776387279e-08
9.900415088522873912e-08
9.849678367167399801e-08
9.799255805077282986e-08
9.749304481885204101e-08
9.699667317958485161e-08
9.650501392929805475e-08
9.601649627166484409e-08
9.553269100301201274e-08
9.505359812333956070e-08
9.457607603999391499e-08
9.410483714195545493e-08
9.363516904024378797e-08
9.317021332751248708e-08
9.270997000376159197e-08
9.225129747633748996e-08
9.179733733789375402e-08
9.134651879210361752e-08
9.090041263529387356e-08
9.045744807113770257e-08
9.001605430330833792e-08
8.958094372078615892e-08
8.914740393459075978e-08
8.871700574104896008e-08
8.829131993648755292e-08
8.786877572457971873e-08
8.744780230899869088e-08
8.703154128239804233e-08
8.661842184845097999e-08
8.620844400715751709e-08
8.580160775851762716e-08
8.539791310253134990e-08
8.499736003919864561e-08
8.459994856851954076e-08
8.420567869049402212e-08
8.381455040512208968e-08
8.342656371240374344e-08
8.304014781601220354e-08
8.265844430860104295e-08
8.227831159751668869e-08
8.190289127541270051e-08
8.152904174963551867e-08
8.115676302018512992e-08
8.078919667971512049e-08
8.042320113557190415e-08
8.006034718408228726e-08
7.970063482524625656e-08
7.934406405906382531e-08
7.898906408920816069e-08
7.863720571200610875e-08
7.828691813113084991e-08
7.793977214290917727e-08
7.759576774734109083e-08
7.725333414809981074e-08
7.691404214151211684e-08
7.657789172757799592e-08
7.624174131364388823e-08
7.591030328869017309e-08
7.558043606006323781e-08
7.525213962776310887e-08
7.492698478811656613e-08
7.460340074479681650e-08
7.428295829413066630e-08
7.396408663979128274e-08
7.364835657810552508e-08
7.333419731274653406e-08
7.302160884371434938e-08
7.271059117100895779e-08
7.240271509095716565e-08
7.209640980723215337e-08
7.179324611616074054e-08
7.149165322141612080e-08
7.119163112299830741e-08
7.089317982090726064e-08
7.059787011146983979e-08
7.030413119835918556e-08
7.001196308157533768e-08
6.972136576111826966e-08
6.943391003331481431e-08
6.914802510183813884e-08
6.886371096668826970e-08
6.858096762786518042e-08
6.830136588169569059e-08
6.802176413552620076e-08
6.774530398201029713e-08
6.747041462482119984e-08
6.719709606395888241e-08
6.692691909575015119e-08
6.665674212754143321e-08
6.638813595565950833e-08
6.612267137643116965e-08
6.585877759352963731e-08
6.559488381062807849e-08
6.533413162038013236e-08
6.507495022645897932e-08
6.481733962886460616e-08
6.456129982759703933e-08
6.430683082265626560e-08
6.405393261404229821e-08
6.380260520175511068e-08
6.355284858579471626e-08
6.330466276616112818e-08
6.305804774285431996e-08
6.281300351587431808e-08
6.256953008522110930e-08
6.232605665456790053e-08
6.208572481656827795e-08
6.184696377489546172e-08
6.160820273322263225e-08
6.137258328420340222e-08
6.113696383518417218e-08
6.090448597881852836e-08
6.067200812245287130e-08
6.044110106241403381e-08
6.021176479870197618e-08
5.998242853498991856e-08
5.975623386393144714e-08
5.953003919287298896e-08
5.930541531814132388e-08
5.908236223973644528e-08
5.886087995765836641e-08
5.864096847190708063e-08
5.842105698615579486e-08
5.820271629673130218e-08
5.798594640363360262e-08
5.777074730686270276e-08
5.755711900641859602e-08
5.734349070597449589e-08
5.713143320185718886e-08
5.692094649406666831e-08
5.671203058260294087e-08
5.650311467113922005e-08
5.629576955600229895e-08
5.608999523719216433e-08
5.588579171470883604e-08
5.568158819222549453e-08
5.547895546606895273e-08
5.527789353623920403e-08
5.507683160640946196e-08
5.487734047290651298e-08
5.467942013573034387e-08
5.448307059488099434e-08
5.428672105403162495e-08
5.409194230950905528e-08
5.389716356498649884e-08
5.370552641311750876e-08
5.351388926124853192e-08
5.332225210937955507e-08
5.313218575383737794e-08
5.294369019462199392e-08
5.275676543173339638e-08
5.256984066884479883e-08
5.238291590595621453e-08
5.219913273572120981e-08
5.201534956548620509e-08
5.183156639525120037e-08
5.164935402134299538e-08
5.146871244376157686e-08
5.128964166250696468e-08
5.110900008492555279e-08
5.093150009999772710e-08
5.075400011506990140e-08
5.057807092646887543e-08
5.040214173786784946e-08
5.022778334559361659e-08
5.005342495331938372e-08
4.988063735737194395e-08
4.970784976142450418e-08
4.953663296180385752e-08
4.936698695851001057e-08
4.919734095521615701e-08
4.902769495192231668e-08
4.885961974495525622e-08
4.869311533431499547e-08
4.852661092367473473e-08
4.836167730936127371e-08
4.819674369504780607e-08
4.803181008073434505e-08
4.787001805907447023e-08
4.770665524108780231e-08
4.754486321942792088e-08
4.738464199409485240e-08
4.722442076876176406e-08
4.706577033975548869e-08
4.690711991074920007e-08
4.675004027806971118e-08
4.659296064539022229e-08
4.643745180903752649e-08
4.628194297268483732e-08
4.612643413633213491e-08
4.597249609630623884e-08
4.582012885260712925e-08
4.566776160890802628e-08
4.551539436520892332e-08
4.536459791783661345e-08
4.521380147046430358e-08
4.506457581941878682e-08
4.491535016837327667e-08
4.476769531365455301e-08
4.462004045893582934e-08
4.447395640054390540e-08
4.432787234215198146e-08
4.418178828376005751e-08
4.403727502169492667e-08
4.389433255595658894e-08
4.374981929389145809e-08
4.360687682815312036e-08
4.346550515874158234e-08
4.332413348933004432e-08
4.318276181991850630e-08
4.304296094683375477e-08
4.290316007374900985e-08
4.276492999699105803e-08
4.262669992023310622e-08
4.248846984347515441e-08
4.235181056304400231e-08
4.221515128261284360e-08
4.208006279850848461e-08
4.194497431440412561e-08
4.180988583029976000e-08
4.167636814252219411e-08
4.154285045474462822e-08
4.141090356329385543e-08
4.127895667184308926e-08
4.114700978039231648e-08
4.101663368526833679e-08
4.088625759014436372e-08
4.075588149502038404e-08
4.062707619622320407e-08
4.049827089742602410e-08
4.036946559862883752e-08
4.024223109615845066e-08
4.011499659368807041e-08
3.998933288754447665e-08
3.986366918140088289e-08
3.973800547525728912e-08
3.961391256544049508e-08
3.948981965562369442e-08
3.936572674580690038e-08
3.924320463231689944e-08
3.912068251882689850e-08
3.899816040533689756e-08
3.887720908817368972e-08
3.875625777101048189e-08
3.863530645384727405e-08
3.851592593301086593e-08
3.839654541217445119e-08
3.827716489133803646e-08
3.815935516682842144e-08
3.804154544231879981e-08
3.792373571780918479e-08
3.780749678962636288e-08
3.769125786144354097e-08
3.757501893326071905e-08
3.746035080140469024e-08
3.734568266954866805e-08
3.723101453769263924e-08
3.711791720216340353e-08
3.700481986663417444e-08
3.689172253110493873e-08
3.677862519557570964e-08
3.666709865637326703e-08
3.655557211717083766e-08
3.644561637429519477e-08
3.633566063141955188e-08
3.622570488854390900e-08
3.611574914566825949e-08
3.600736419911941632e-08
3.589740845624377344e-08
3.579059430602171675e-08
3.568220935947286697e-08
3.557539520925081690e-08
3.546858105902876684e-08
3.536176690880671016e-08
3.525652355491145319e-08
3.515128020101619623e-08
3.504603684712093927e-08
3.494236428955246879e-08
3.483712093565721183e-08
3.473501917441554769e-08
3.463134661684708382e-08
3.452767405927861996e-08
3.442557229803694920e-08
3.432504133312207817e-08
3.422293957188040741e-08
3.412240860696553637e-08
3.402187764205066533e-08
3.392134667713578767e-08
3.382081571222091663e-08
3.372185554363283870e-08
3.362289537504476076e-08
3.352550600278347593e-08
3.342654583419539799e-08
3.332915646193411316e-08
3.323176708967283494e-08
3.313594851373834321e-08
3.303855914147705837e-08
3.294274056554257326e-08
3.284692198960808152e-08
3.275267421000038951e-08
3.265685563406589778e-08
3.256260785445820577e-08
3.246836007485051375e-08
3.237568309156960823e-08
3.228143531196191621e-08
3.218875832868101730e-08
3.209608134540011839e-08
3.200497515844601259e-08
3.191229817516512029e-08
3.182119198821101448e-08
3.173008580125690868e-08
3.164055041062960259e-08
3.154944422367549678e-08
3.145990883304818407e-08
3.137037344242087799e-08
3.128240884812036500e-08
3.119287345749305891e-08
3.110490886319254592e-08
3.101694426889202632e-08
3.092897967459151333e-08
3.084258587661779345e-08
3.075462128231728046e-08
3.066822748434356058e-08
3.058340448269664042e-08
3.049701068472291391e-08
3.041218768307599375e-08
3.032579388510227387e-08
3.024097088345534708e-08
3.015771867813522002e-08
3.007289567648829324e-08
2.998964347116816618e-08
2.990639126584803250e-08
2.982313906052790544e-08
2.973988685520777837e-08
2.965820544621444111e-08
2.957652403722110715e-08
2.949484262822777319e-08
2.941316121923443923e-08
2.933305060656789837e-08
2.925136919757456441e-08
2.917125858490802686e-08
2.909114797224148269e-08
2.901103735957494845e-08
2.893249754323520070e-08
2.885395772689545625e-08
2.877541791055571180e-08
2.869687809421596405e-08
2.861833827787621960e-08
2.853979846153647516e-08
2.846282944152352381e-08
2.838586042151057577e-08
2.830889140149762774e-08
2.823349317781146950e-08
2.815652415779852146e-08
2.808112593411236322e-08
2.800572771042621159e-08
2.793032948674005335e-08
2.785493126305390173e-08
2.778110383569453990e-08
2.770570561200838496e-08
2.763187818464902313e-08
2.755805075728966792e-08
2.748579412625709919e-08
2.741196669889773736e-08
2.733971006786517194e-08
2.726588264050581341e-08
2.719362600947324799e-08
2.712294017476747567e-08
2.705068354373491356e-08
2.697999770902914455e-08
2.690774107799657582e-08
2.683705524329080682e-08
2.676636940858503450e-08
2.669725437020605859e-08
2.662656853550029289e-08
2.655745349712131698e-08
2.648833845874234107e-08
2.641922342036336517e-08
2.635010838198438926e-08
2.628099334360541335e-08
2.621344910155323386e-08
2.614433406317425795e-08
2.607678982112207845e-08
2.600924557906989565e-08
2.594170133701771615e-08
2.587572789129233307e-08
2.580818364924015026e-08
2.574221020351476718e-08
2.567623675778937747e-08
2.561026331206399439e-08
2.554428986633860799e-08
2.547988721694001801e-08
2.541391377121462831e-08
2.534951112181603833e-08
2.528510847241744834e-08
2.522070582301886167e-08
2.515630317362027168e-08
2.509347132054847150e-08
2.502906867114988151e-08
2.496623681807808463e-08
2.490340496500629106e-08
2.484057311193449087e-08
2.477774125886269730e-08
2.471490940579090373e-08
2.465364834904589995e-08
2.459081649597410637e-08
2.452955543922910260e-08
2.446829438248410543e-08
2.440703332573910166e-08
2.434734306532089760e-08
2.428608200857589382e-08
2.422639174815768645e-08
2.416513069141268929e-08
2.410544043099448192e-08
2.404575017057627786e-08
2.398605991015807050e-08
2.392794044606666285e-08
2.386825018564845548e-08
2.381013072155704121e-08
2.375201125746563026e-08
2.369389179337422261e-08
2.363577232928280834e-08
2.357765286519139739e-08
2.351953340109998643e-08
2.346298473333536858e-08
2.340486526924395762e-08
2.334831660147934307e-08
2.329176793371472853e-08
2.323521926595010736e-08
2.317867059818549282e-08
2.312369272674767137e-08
2.306714405898305683e-08
2.301216618754523539e-08
2.295561751978061753e-08
2.290063964834279609e-08
2.284566177690497464e-08
2.279068390546715320e-08
2.273727683035612817e-08
2.268229895891830672e-08
2.262889188380727838e-08
2.257391401236946025e-08
2.252050693725843191e-08
2.246709986214740687e-08
2.241369278703637853e-08
2.236028571192535350e-08
2.230844943314112157e-08
2.225504235803009323e-08
2.220320607924586461e-08
2.214979900413483627e-08
2.209796272535060433e-08
2.204612644656637240e-08
2.199429016778214047e-08
2.194245388899790854e-08
2.189218840654047302e-08
2.184035212775624109e-08
2.179008664529880557e-08
2.173825036651457364e-08
2.168798488405713812e-08
2.163771940159969930e-08
2.158745391914226378e-08
2.153718843668482495e-08
2.148849375055418584e-08
2.143822826809674701e-08
2.138796278563931149e-08
2.133926809950866908e-08
2.129057341337802666e-08
2.124187872724738424e-08
2.119318404111674182e-08
2.114448935498610271e-08
2.109579466885546030e-08
2.104709998272481788e-08
2.099997609292097187e-08
2.095128140679032946e-08
2.090415751698648345e-08
2.085546283085584103e-08
2.080833894105199503e-08
2.076121505124814902e-08
2.071409116144429971e-08
2.066696727164045370e-08
2.062141417816340080e-08
2.057429028835955479e-08
2.052873719488250189e-08
2.048161330507865588e-08
2.043606021160160628e-08
2.039050711812455338e-08
2.034495402464750048e-08
2.029940093117044757e-08
2.025384783769339467e-08
2.020829474421634507e-08
2.016274165073929217e-08
2.011875935358903567e-08
2.007320626011198277e-08
2.002922396296172628e-08
1.998524166581146648e-08
1.993968857233441688e-08
1.989570627518416039e-08
1.985172397803390389e-08
1.980931247721044050e-08
1.976533018006018070e-08
1.972134788290992752e-08
1.967893638208646413e-08
1.963495408493620763e-08
1.959254258411274424e-08
1.954856028696248775e-08
1.950614878613902767e-08
1.946373728531556428e-08
1.942132578449210088e-08
1.937891428366863749e-08
1.933807357917197051e-08
1.929566207834850712e-08
1.925325057752504704e-08
1.921240987302838006e-08
1.916999837220491667e-08
1.912915766770824969e-08
1.908831696321158271e-08
1.904747625871491573e-08
1.900663555421824875e-08
1.896579484972158177e-08
1.892495414522491479e-08
1.888411344072824781e-08
1.884484353255837393e-08
1.880400282806170695e-08
1.876316212356503997e-08
1.872389221539516610e-08
1.868462230722529553e-08
1.864535239905542165e-08
1.860451169455875467e-08
1.856524178638888079e-08
1.852597187821901022e-08
1.848827276637593276e-08
1.844900285820605888e-08
1.840973295003618831e-08
1.837046304186631443e-08
1.833276393002324027e-08
1.829506481818015950e-08
1.825579491001028893e-08
1.821809579816721146e-08
1.818039668632413399e-08
1.814269757448105322e-08
1.810499846263797906e-08
1.806729935079489829e-08
1.802960023895182413e-08
1.799190112710874335e-08
1.795420201526566919e-08
1.791807369974938483e-08
1.788037458790630736e-08
1.784424627239002631e-08
1.780654716054694553e-08
1.777041884503066448e-08
1.773429052951438342e-08
1.769659141767130264e-08
1.766046310215502159e-08
1.762433478663874053e-08
1.758820647112245617e-08
1.755364895193297152e-08
1.751752063641668716e-08
1.748139232090040279e-08
1.744526400538412174e-08
1.741070648619463378e-08
1.737457817067835273e-08
1.734002065148886478e-08
1.730546313229937682e-08
1.726933481678309246e-08
1.723477729759360450e-08
1.720021977840411655e-08
1.716566225921462860e-08
1.713110474002514064e-08
1.709654722083565269e-08
1.706198970164616474e-08
1.702743218245667678e-08
1.699444545959398855e-08
1.695988794040450059e-08
1.692533042121501264e-08
1.689234369835231779e-08
1.685778617916282984e-08
1.682479945630013829e-08
1.679181273343744344e-08
1.675725521424795549e-08
1.672426849138526395e-08
1.669128176852257240e-08
1.665829504565987755e-08
1.662530832279718601e-08
1.659232159993449116e-08
1.655933487707179961e-08
1.652634815420910807e-08
1.649493222767320632e-08
1.646194550481051478e-08
1.642895878194782324e-08
1.639754285541192480e-08
1.636455613254922995e-08
1.633314020601333481e-08
1.630172427947743637e-08
1.626873755661474483e-08
1.623732163007884639e-08
1.620590570354294795e-08
1.617448977700704951e-08
1.614307385047115107e-08
1.611165792393525594e-08
1.608024199739935419e-08
1.604882607086345906e-08
1.601741014432756062e-08
1.598599421779166218e-08
1.595614908758256015e-08
1.592473316104666171e-08
1.589488803083755637e-08
1.586347210430166124e-08
1.583362697409255590e-08
1.580221104755666077e-08
1.577236591734755543e-08
1.574252078713845340e-08
1.571110486060255827e-08
1.568173096929149020e-08
1.565172875944970687e-08
1.562172654960792355e-08
1.559203849903150281e-08
1.556219336882239748e-08
1.553250531824597674e-08
1.550297434730223069e-08
1.547360045599116923e-08
1.544406948504742318e-08
1.541485267336903640e-08
1.538563586169065294e-08
1.535641905001226947e-08
1.532735931796656399e-08
1.529845666555353650e-08
1.526955401314050901e-08
1.524080844036016612e-08
1.521206286757981662e-08
1.518347437443215172e-08
1.515488588128448020e-08
1.512645446776949329e-08
1.509802305425450968e-08
1.506974872037220075e-08
1.504147438648989183e-08
1.501335713224026089e-08
1.498523987799063325e-08
1.495727970337368361e-08
1.492947660838941526e-08
1.490151643377246561e-08
1.487387041842087525e-08
1.484622440306928489e-08
1.481857838771769453e-08
1.479108945199878380e-08
1.476360051627987308e-08
1.473626866019364200e-08
1.470909388374009222e-08
1.468191910728653912e-08
1.465474433083298603e-08
1.462772663401211588e-08
1.460070893719124409e-08
1.457384832000305027e-08
1.454698770281485812e-08
1.452028416525934395e-08
1.449358062770383143e-08
1.446703416978099690e-08
1.444048771185816402e-08
1.441409833356800914e-08
1.438770895527785590e-08
1.436147665662038065e-08
1.433524435796290706e-08
1.430901205930543181e-08
1.428293684028063455e-08
1.425701870088851859e-08
1.423110056149640428e-08
1.420518242210428831e-08
1.417942136234485199e-08
1.415366030258541566e-08
1.412805632245865898e-08
1.410245234233190230e-08
1.407684836220514396e-08
1.405140146171106857e-08
1.402611164084966952e-08
1.400082181998827046e-08
1.397553199912687472e-08
1.395039925789815696e-08
1.392526651666943920e-08
1.390029085507339777e-08
1.387531519347735965e-08
1.385033953188132153e-08
1.382552094991796140e-08
1.380070236795460292e-08
1.377604086562392243e-08
1.375137936329324360e-08
1.372687494059524275e-08
1.370237051789724190e-08
1.367786609519924270e-08
1.365351875213391984e-08
1.362932848870127827e-08
1.360498114563595706e-08
1.358079088220331549e-08
1.355675769840335522e-08
1.353272451460339330e-08
1.350869133080343137e-08
1.348481522663614908e-08
1.346093912246886514e-08
1.343722009793426415e-08
1.341334399376698187e-08
1.338978204886505721e-08
1.336622010396313255e-08
1.334265815906121121e-08
1.331909621415928655e-08
1.329569134889004319e-08
1.327228648362079982e-08
1.324903869798423610e-08
1.322579091234766907e-08
1.320270020634378499e-08
1.317960950033989926e-08
1.315651879433601518e-08
1.313342808833212944e-08
1.311049446196092335e-08
1.308771791522239690e-08
1.306494136848387210e-08
1.304216482174534565e-08
1.301938827500682085e-08
1.299676880790097404e-08
1.297414934079512888e-08
1.295168695332196006e-08
1.292922456584879289e-08
1.290676217837562738e-08
1.288445687053513985e-08
1.286215156269465066e-08
1.284000333448684443e-08
1.281785510627903654e-08
1.279570687807122865e-08
1.277355864986341746e-08
1.275156750128829087e-08
1.272973343234584061e-08
1.270774228377071236e-08
1.268590821482826375e-08
1.266423122551849314e-08
1.264239715657604618e-08
1.262072016726627722e-08
1.259920025758918624e-08
1.257768034791209526e-08
1.255616043823500594e-08
1.253464052855791496e-08
1.251327769851350363e-08
1.249191486846909395e-08
1.247070911805736225e-08
1.244934628801295257e-08
1.242829761723390217e-08
1.240709186682217047e-08
1.238604319604311842e-08
1.236499452526406636e-08
1.234410293411769560e-08
1.232321134297132154e-08
1.230231975182495078e-08
1.228142816067857836e-08
1.226069364916488559e-08
1.223995913765119447e-08
1.221938170577017969e-08
1.219880427388916656e-08
1.217822684200815343e-08
1.215780648975981994e-08
1.213722905787880515e-08
1.211696578526315296e-08
1.209654543301481947e-08
1.207628216039916562e-08
1.205601888778351012e-08
1.203591269480053756e-08
1.201564942218488040e-08
1.199570030883458584e-08
1.197559411585161328e-08
1.195564500250131706e-08
1.193569588915102250e-08
1.191574677580072628e-08
1.189595474208311135e-08
1.187616270836549642e-08
1.185637067464787984e-08
1.183673572056294291e-08
1.181710076647800762e-08
1.179746581239307068e-08
1.177798793794081504e-08
1.175835298385587810e-08
1.173903218903630044e-08
1.171955431458404315e-08
1.170023351976446714e-08
1.168091272494488949e-08
1.166159193012531183e-08
1.164242821493841547e-08
1.162326449975151580e-08
1.160410078456461944e-08
1.158509414901040106e-08
1.156608751345618269e-08
1.154708087790196431e-08
1.152807424234774594e-08
1.150922468642620721e-08
1.149037513050466847e-08
1.147152557458312974e-08
1.145283309829427065e-08
1.143414062200541155e-08
1.141544814571655246e-08
1.139691274906037136e-08
1.137837735240419191e-08
1.135984195574801245e-08
1.134130655909183300e-08
1.132292824206833319e-08
1.130454992504483173e-08
1.128617160802133192e-08
1.126795037063051175e-08
1.124957205360701028e-08
1.123135081621619012e-08
1.121328665845804959e-08
1.119506542106722776e-08
1.117700126330908724e-08
1.115909418518362470e-08
1.114103002742548417e-08
1.112312294930002163e-08
1.110521587117455909e-08
1.108730879304909820e-08
1.106955879455631530e-08
1.105180879606353405e-08
1.103405879757075115e-08
1.101630879907796825e-08
1.099871588021786499e-08
1.098112296135776339e-08
1.096353004249766013e-08
1.094593712363755687e-08
1.092850128441013491e-08
1.091106544518270964e-08
1.089378668558796566e-08
1.087635084636054369e-08
1.085907208676579972e-08
1.084179332717105574e-08
1.082451456757631176e-08
1.080739288761424743e-08
1.079027120765218309e-08
1.077314952769011876e-08
1.075602784772805442e-08
1.073906324739866973e-08
1.072209864706928338e-08
1.070513404673989868e-08
1.068816944641051399e-08
1.067136192571380894e-08
1.065455440501710388e-08
1.063774688432039883e-08
1.062109644325637342e-08
1.060428892255966671e-08
1.058763848149564130e-08
1.057114512006429387e-08
1.055449467900026846e-08
1.053800131756892269e-08
1.052150795613757526e-08
1.050501459470623114e-08
1.048852123327488372e-08
1.047218495147621593e-08
1.045584866967754980e-08
1.043951238787888202e-08
1.042333318571289553e-08
1.040699690391422940e-08
1.039081770174824126e-08
1.037479557921493275e-08
1.035861637704894461e-08
1.034259425451563776e-08
1.032657213198232926e-08
1.031055000944902076e-08
1.029452788691571391e-08
1.027866284401508505e-08
1.026279780111445784e-08
1.024693275821382898e-08
1.023106771531320012e-08
1.021535975204525090e-08
1.019949470914462204e-08
1.018378674587667282e-08
1.016823586224140324e-08
1.015252789897345567e-08
1.013697701533818609e-08
1.012142613170291651e-08
1.010587524806764693e-08
1.009048144406505700e-08
1.007493056042978742e-08
1.005953675642719748e-08
1.004414295242460589e-08
1.002890622805469559e-08
1.001351242405210731e-08
9.998275699682195354e-09
9.983038975312285057e-09
9.967959330575054401e-09
9.952722606205144104e-09
9.937642961467911794e-09
9.922563316730682793e-09
9.907483671993452137e-09
9.892404027256219827e-09
9.877481462151668812e-09
9.862558897047116143e-09
9.847636331942565128e-09
9.832713766838014113e-09
9.817948281366142740e-09
9.803182795894269712e-09
9.788260230789718697e-09
9.773651824950525310e-09
9.758886339478653936e-09
9.744277933639462204e-09
9.729669527800268817e-09
9.715061121961077084e-09
9.700452716121883697e-09
9.685844310282690311e-09
9.671392984076178219e-09
9.656941657869664473e-09
9.642490331663152382e-09
9.628039005456638636e-09
9.613744758882806186e-09
9.599450512308972081e-09
9.585156265735137976e-09
9.570862019161305526e-09
9.556567772587471421e-09
9.542430605646316957e-09
9.528293438705162494e-09
9.514156271764008030e-09
9.500019104822855221e-09
9.485881937881700757e-09
9.471901850573225935e-09
9.457921763264752767e-09
9.443941675956277944e-09
9.429961588647801467e-09
9.415981501339328299e-09
9.402158493663533118e-09
9.388335485987737936e-09
9.374512478311942755e-09
9.360689470636147573e-09
9.347023542593032033e-09
9.333200534917236851e-09
9.319534606874121311e-09
9.305868678831005771e-09
9.292359830420569872e-09
9.278693902377454331e-09
9.265185053967018432e-09
9.251676205556582533e-09
9.238167357146144979e-09
9.224658508735709080e-09
9.211149660325273181e-09
9.197797891547516922e-09
9.184446122769760664e-09
9.171094353992002752e-09
9.157742585214246494e-09
9.144547896069169876e-09
9.131196127291413618e-09
9.118001438146335347e-09
9.104806749001258730e-09
9.091612059856182113e-09
9.078417370711103841e-09
9.065379761198706865e-09
9.052342151686308235e-09
9.039304542173911259e-09
9.026266932661514283e-09
9.013229323149115653e-09
9.000348793269398318e-09
8.987311183757001342e-09
8.974430653877282353e-09
8.961550123997565018e-09
8.948826673750525670e-09
8.935946143870806680e-09
8.923222693623768987e-09
8.910342163744049997e-09
8.897618713497010649e-09
8.885052342882652597e-09
8.872328892635614903e-09
8.859762522021255196e-09
8.847039071774215848e-09
8.834472701159856141e-09
8.821906330545498088e-09
8.809339959931138381e-09
8.796930668949459969e-09
8.784364298335100262e-09
8.771955007353420196e-09
8.759545716371741785e-09
8.747136425390061719e-09
8.734884214041061294e-09
8.722474923059381228e-09
8.710222711710380803e-09
8.697970500361380378e-09
8.685718289012379953e-09
8.673466077663381183e-09
8.661213866314380758e-09
8.649118734598059974e-09
8.637023602881739191e-09
8.624771391532738766e-09
8.612676259816417982e-09
8.600738207732776839e-09
8.588643076016456055e-09
8.576705023932814913e-09
8.564609892216494129e-09
8.552671840132852986e-09
8.540733788049211844e-09
8.528952815598250342e-09
8.517014763514609199e-09
8.505233791063646044e-09
8.493295738980006555e-09
8.481514766529043399e-09
8.469733794078083552e-09
8.458109901259800037e-09
8.446328928808838536e-09
8.434705035990555021e-09
8.422924063539595174e-09
8.411300170721311659e-09
8.399676277903029798e-09
8.388052385084747938e-09
8.376585571899144064e-09
8.364961679080862204e-09
8.353494865895259984e-09
8.342028052709657765e-09
8.330561239524053891e-09
8.319094426338451672e-09
8.307784692785527439e-09
8.296317879599925220e-09
8.285008146047002641e-09
8.273698412494080063e-09
8.262231599308476189e-09
8.251078945388233252e-09
8.239769211835309020e-09
8.228459478282384787e-09
8.217306824362143504e-09
8.206154170441898913e-09
8.195001516521654321e-09
8.183848862601411384e-09
8.172696208681166792e-09
8.161543554760923855e-09
8.150547980473358905e-09
8.139552406185793954e-09
8.128399752265551017e-09
8.117404177977986066e-09
8.106408603690422770e-09
8.095570109035537461e-09
8.084574534747972511e-09
8.073736040093088856e-09
8.062740465805523905e-09
8.051901971150640250e-09
8.041063476495754941e-09
8.030382061473549272e-09
8.019543566818665617e-09
8.008705072163780308e-09
7.998023657141574640e-09
7.987342242119368971e-09
7.976660827097163303e-09
7.965979412074959289e-09
7.955297997052753621e-09
7.944616582030547953e-09
7.934092246641021926e-09
7.923410831618816257e-09
7.912886496229290230e-09
7.902362160839764203e-09
7.891837825450239830e-09
7.881313490060713803e-09
7.870946234303867417e-09
7.860421898914341390e-09
7.850054643157495004e-09
7.839687387400650272e-09
7.829320131643802231e-09
7.818952875886957500e-09
7.808585620130109459e-09
7.798218364373264728e-09
7.788008188249096328e-09
7.777640932492251597e-09
7.767430756368084852e-09
7.757220580243918107e-09
7.747010404119751362e-09
7.736800227995584617e-09
7.726590051871416217e-09
7.716536955379929113e-09
7.706326779255762368e-09
7.696273682764275264e-09
7.686220586272786506e-09
7.676167489781301057e-09
7.666114393289812298e-09
7.656061296798326849e-09
7.646008200306838091e-09
7.636112183448030628e-09
7.626216166589223165e-09
7.616163070097736061e-09
7.606267053238928598e-09
7.596371036380119481e-09
7.586475019521312018e-09
7.576736082295184197e-09
7.566840065436376734e-09
7.557101128210247258e-09
7.547205111351439795e-09
7.537466174125310319e-09
7.527727236899182497e-09
7.517988299673054676e-09
7.508249362446926854e-09
7.498510425220797378e-09
7.488928567627349197e-09
7.479189630401219721e-09
7.469607772807771541e-09
7.460025915214323360e-09
7.450444057620874352e-09
7.440862200027424517e-09
7.431280342433975509e-09
7.421698484840527329e-09
7.412273706879757962e-09
7.402691849286308954e-09
7.393267071325539588e-09
7.383842293364769394e-09
7.374417515404001681e-09
7.364992737443231488e-09
7.355567959482462121e-09
7.346143181521692754e-09
7.336875483193603029e-09
7.327450705232832835e-09
7.318183006904743936e-09
7.308915308576654211e-09
7.299647610248563658e-09
7.290379911920473932e-09
7.281112213592384207e-09
7.271844515264293654e-09
7.262576816936203928e-09
7.253466198240793844e-09
7.244198499912704118e-09
7.235087881217293207e-09
7.225977262521883122e-09
7.216866643826472210e-09
7.207756025131062126e-09
7.198645406435652868e-09
7.189534787740241957e-09
7.180581248677509859e-09
7.171470629982099775e-09
7.162517090919369331e-09
7.153563551856638888e-09
7.144610012793906790e-09
7.135656473731176347e-09
7.126702934668445903e-09
7.117749395605714633e-09
7.108795856542984189e-09
7.099999397112932560e-09
7.091045858050201289e-09
7.082249398620150487e-09
7.073452939190098857e-09
7.064499400127367587e-09
7.055702940697315957e-09
7.046906481267264328e-09
7.038267101469893166e-09
7.029470642039841537e-09
7.020674182609789907e-09
7.012034802812418746e-09
7.003395423015045931e-09
6.994598963584994301e-09
6.985959583787623140e-09
6.977320203990250324e-09
6.968680824192879163e-09
6.960041444395506348e-09
6.951559144230814000e-09
6.942919764433442839e-09
6.934280384636070023e-09
6.925798084471377676e-09
6.917315784306685329e-09
6.908833484141992982e-09
6.900194104344621820e-09
6.891711804179929473e-09
6.883386583647916767e-09
6.874904283483224419e-09
6.866421983318532072e-09
6.858096762786518539e-09
6.849614462621826191e-09
6.841289242089812658e-09
6.832806941925120311e-09
6.824481721393107605e-09
6.816156500861094071e-09
6.807831280329082192e-09
6.799506059797068659e-09
6.791337918897734766e-09
6.783012698365722887e-09
6.774687477833709354e-09
6.766519336934375462e-09
6.758351196035042397e-09
6.750025975503028863e-09
6.741857834603695798e-09
6.733689693704361906e-09
6.725521552805028841e-09
6.717353411905695776e-09
6.709185271006361883e-09
6.701174209739708459e-09
6.693006068840374567e-09
6.684995007573721143e-09
6.676826866674387251e-09
6.668815805407732999e-09
6.660804744141079575e-09
6.652793682874425324e-09
6.644782621607771073e-09
6.636771560341117649e-09
6.628760499074463398e-09
6.620749437807809974e-09
6.612895456173834536e-09
6.604884394907181112e-09
6.597030413273207330e-09
6.589019352006552251e-09
6.581165370372578468e-09
6.573311388738603858e-09
6.565457407104630075e-09
6.557603425470653811e-09
6.549749443836680028e-09
6.541895462202705418e-09
6.534041480568731635e-09
6.526344578567435839e-09
6.518490596933461228e-09
6.510793694932166259e-09
6.503096792930872118e-09
6.495242811296897507e-09
6.487545909295602538e-09
6.479849007294306742e-09
6.472152105293012600e-09
6.464455203291717631e-09
6.456915380923102303e-09
6.449218478921806507e-09
6.441521576920511538e-09
6.433981754551896210e-09
6.426284852550600414e-09
6.418745030181985913e-09
6.411205207813370586e-09
6.403508305812074789e-09
6.395968483443459461e-09
6.388428661074844133e-09
6.380888838706229633e-09
6.373506095970293119e-09
6.365966273601677791e-09
6.358426451233060809e-09
6.351043708497125949e-09
6.343503886128509794e-09
6.336121143392574934e-09
6.328581321023957952e-09
6.321198578288023092e-09
6.313815835552086578e-09
6.306433092816150064e-09
6.299050350080214377e-09
6.291667607344278691e-09
6.284284864608343004e-09
6.277059201505086958e-09
6.269676458769150444e-09
6.262293716033213930e-09
6.255068052929957884e-09
6.247842389826701839e-09
6.240459647090765325e-09
6.233233983987507624e-09
6.226008320884251579e-09
6.218782657780995533e-09
6.211556994677739487e-09
6.204331331574481787e-09
6.197105668471225741e-09
6.189880005367969696e-09
6.182811421897392464e-09
6.175585758794136418e-09
6.168517175323559186e-09
6.161291512220301486e-09
6.154222928749725909e-09
6.147154345279148677e-09
6.139928682175892631e-09
6.132860098705315399e-09
6.125791515234738168e-09
6.118722931764160936e-09
6.111811427926263345e-09
6.104742844455686113e-09
6.097674260985108881e-09
6.090605677514531650e-09
6.083694173676634886e-09
6.076625590206057654e-09
6.069714086368160064e-09
6.062802582530261646e-09
6.055733999059684414e-09
6.048822495221787650e-09
6.041910991383890887e-09
6.034999487545992469e-09
6.028087983708094878e-09
6.021176479870198115e-09
6.014422055664980165e-09
6.007510551827081747e-09
6.000599047989184156e-09
5.993844623783966207e-09
5.986933119946069443e-09
5.980178695740850666e-09
5.973267191902953076e-09
5.966512767697734299e-09
5.959758343492518004e-09
5.953003919287299227e-09
5.946249495082081277e-09
5.939495070876863328e-09
5.932740646671644551e-09
5.925986222466426601e-09
5.919231798261208651e-09
5.912634453688670343e-09
5.905880029483452393e-09
5.899282684910913258e-09
5.892528260705695308e-09
5.885930916133156999e-09
5.879333571560618691e-09
5.872579147355400741e-09
5.865981802782861606e-09
5.859384458210323297e-09
5.852787113637784161e-09
5.846189769065245853e-09
5.839592424492707544e-09
5.832995079920169236e-09
5.826554814980309741e-09
5.819957470407771433e-09
5.813360125835232297e-09
5.806919860895373629e-09
5.800322516322834494e-09
5.793882251382975826e-09
5.787441986443116332e-09
5.781001721503258491e-09
5.774404376930719356e-09
5.767964111990860688e-09
5.761523847051001194e-09
5.755083582111142526e-09
5.748643317171283032e-09
5.742360131864103178e-09
5.735919866924244511e-09
5.729479601984385016e-09
5.723039337044526349e-09
5.716756151737346495e-09
5.710315886797487828e-09
5.704032701490307974e-09
5.697749516183128121e-09
5.691309251243269453e-09
5.685026065936089600e-09
5.678742880628910573e-09
5.672459695321730720e-09
5.666176510014550866e-09
5.659893324707371840e-09
5.653610139400191986e-09
5.647326954093012133e-09
5.641043768785833107e-09
5.634917663111332067e-09
5.628634477804152213e-09
5.622508372129652828e-09
5.616225186822472975e-09
5.610099081147972762e-09
5.603815895840793736e-09
5.597689790166293523e-09
5.591563684491793311e-09
5.585437578817293099e-09
5.579311473142792886e-09
5.573185367468293501e-09
5.567059261793793288e-09
5.560933156119292249e-09
5.554807050444792864e-09
5.548680944770292651e-09
5.542554839095792439e-09
5.536585813053971867e-09
5.530459707379471655e-09
5.524490681337651084e-09
5.518364575663151698e-09
5.512395549621330300e-09
5.506269443946830087e-09
5.500300417905009516e-09
5.494331391863188945e-09
5.488362365821368373e-09
5.482393339779547802e-09
5.476424313737727231e-09
5.470455287695906659e-09
5.464486261654086088e-09
5.458517235612265517e-09
5.452548209570444945e-09
5.446736263161304015e-09
5.440767237119483444e-09
5.434798211077662873e-09
5.428986264668521942e-09
5.423017238626701371e-09
5.417205292217559614e-09
5.411393345808418683e-09
5.405424319766598112e-09
5.399612373357457182e-09
5.393800426948315424e-09
5.387988480539174494e-09
5.382176534130033564e-09
5.376364587720892634e-09
5.370552641311750876e-09
5.364740694902609946e-09
5.358928748493469016e-09
5.353273881717006899e-09
5.347461935307865969e-09
5.341649988898725039e-09
5.335995122122263750e-09
5.330183175713121992e-09
5.324528308936660703e-09
5.318716362527519773e-09
5.313061495751057657e-09
5.307406628974596368e-09
5.301751762198135078e-09
5.295939815788994148e-09
5.290284949012532032e-09
5.284630082236070743e-09
5.278975215459609454e-09
5.273320348683147337e-09
5.267822561539364862e-09
5.262167694762903573e-09
5.256512827986441457e-09
5.250857961209980167e-09
5.245360174066197692e-09
5.239705307289736403e-09
5.234207520145954755e-09
5.228552653369492639e-09
5.223054866225710991e-09
5.217399999449248874e-09
5.211902212305466399e-09
5.206404425161684751e-09
5.200906638017902276e-09
5.195408850874120628e-09
5.189911063730338152e-09
5.184413276586555677e-09
5.178915489442774029e-09
5.173417702298991554e-09
5.167919915155209906e-09
5.162422128011427431e-09
5.156924340867644955e-09
5.151583633356542948e-09
5.146085846212760473e-09
5.140745138701658466e-09
5.135247351557875164e-09
5.129906644046773157e-09
5.124408856902991509e-09
5.119068149391888675e-09
5.113727441880785841e-09
5.108229654737003365e-09
5.102888947225901358e-09
5.097548239714798524e-09
5.092207532203695690e-09
5.086866824692592856e-09
5.081526117181490849e-09
5.076185409670387188e-09
5.070844702159285181e-09
5.065661074280861988e-09
5.060320366769759154e-09
5.054979659258656319e-09
5.049796031380233954e-09
5.044455323869130292e-09
5.039114616358028285e-09
5.033930988479605092e-09
5.028747360601181899e-09
5.023406653090079065e-09
5.018223025211655872e-09
5.013039397333232679e-09
5.007698689822130672e-09
5.002515061943706652e-09
4.997331434065284286e-09
4.992147806186861093e-09
4.986964178308437073e-09
4.981780550430014707e-09
4.976596922551590687e-09
4.971413294673168321e-09
4.966386746427424769e-09
4.961203118549001576e-09
4.956019490670578383e-09
4.950992942424834004e-09
4.945809314546411638e-09
4.940782766300667259e-09
4.935599138422244893e-09
4.930572590176500514e-09
4.925388962298077321e-09
4.920362414052333769e-09
4.915335865806590217e-09
4.910152237928167024e-09
4.905125689682423472e-09
4.900099141436679920e-09
4.895072593190936368e-09
4.890046044945191989e-09
4.885019496699449264e-09
4.879992948453704885e-09
4.874966400207961333e-09
4.869939851962217781e-09
4.865070383349153870e-09
4.860043835103409491e-09
4.855017286857666766e-09
4.850147818244602028e-09
4.845121269998858476e-09
4.840251801385794565e-09
4.835225253140050186e-09
4.830355784526986275e-09
4.825329236281242723e-09
4.820459767668178813e-09
4.815590299055114075e-09
4.810563750809370523e-09
4.805694282196306612e-09
4.800824813583241874e-09
4.795955344970178790e-09
4.791085876357114052e-09
4.786216407744049314e-09
4.781346939130985403e-09
4.776477470517921492e-09
4.771608001904857581e-09
4.766895612924472485e-09
4.762026144311408574e-09
4.757156675698344663e-09
4.752287207085279925e-09
4.747574818104894828e-09
4.742705349491831744e-09
4.737992960511446647e-09
4.733123491898381909e-09
4.728411102917997639e-09
4.723698713937613370e-09
4.718829245324548632e-09
4.714116856344163535e-09
4.709404467363779265e-09
4.704692078383394995e-09
4.699822609770330257e-09
4.695110220789945987e-09
4.690397831809560891e-09
4.685685442829176621e-09
4.680973053848791524e-09
4.676260664868407254e-09
4.671705355520701798e-09
4.666992966540316701e-09
4.662280577559932432e-09
4.657568188579548162e-09
4.653012879231842706e-09
4.648300490251457609e-09
4.643588101271073339e-09
4.639032791923367883e-09
4.634320402942983614e-09
4.629765093595278158e-09
4.625209784247572702e-09
4.620497395267187605e-09
4.615942085919482976e-09
4.611386776571778348e-09
4.606831467224072892e-09
4.602119078243687795e-09
4.597563768895982339e-09
4.593008459548276883e-09
4.588453150200572255e-09
4.583897840852867626e-09
4.579342531505162170e-09
4.574787222157456714e-09
4.570231912809751258e-09
4.565833683094725444e-09
4.561278373747019988e-09
4.556723064399315359e-09
4.552167755051610730e-09
4.547769525336584916e-09
4.543214215988879460e-09
4.538815986273853645e-09
4.534260676926148189e-09
4.529862447211122375e-09
4.525307137863416919e-09
4.520908908148391104e-09
4.516510678433366116e-09
4.511955369085661488e-09
4.507557139370635673e-09
4.503158909655609858e-09
4.498760679940584043e-09
4.494362450225558229e-09
4.489807140877852773e-09
4.485408911162826958e-09
4.481010681447801143e-09
4.476612451732775329e-09
4.472371301650429155e-09
4.467973071935403340e-09
4.463574842220378353e-09
4.459176612505352538e-09
4.454778382790326723e-09
4.450537232707980550e-09
4.446139002992954735e-09
4.441740773277928920e-09
4.437499623195582746e-09
4.433101393480556932e-09
4.428860243398210758e-09
4.424462013683184943e-09
4.420220863600838770e-09
4.415979713518492596e-09
4.411581483803466781e-09
4.407340333721120608e-09
4.403099183638774434e-09
4.398858033556428260e-09
4.394459803841402445e-09
4.390218653759056272e-09
4.385977503676710098e-09
4.381736353594363925e-09
4.377495203512017751e-09
4.373254053429671577e-09
4.369012903347325404e-09
4.364771753264979230e-09
4.360687682815311870e-09
4.356446532732965696e-09
4.352205382650619523e-09
4.347964232568273349e-09
4.343880162118606817e-09
4.339639012036260643e-09
4.335397861953914469e-09
4.331313791504247937e-09
4.327072641421901763e-09
4.322988570972235231e-09
4.318904500522567871e-09
4.314663350440221697e-09
4.310579279990555165e-09
4.306338129908208991e-09
4.302254059458542458e-09
4.298169989008875926e-09
4.294085918559209393e-09
4.290001848109542034e-09
4.285760698027195860e-09
4.281676627577528500e-09
4.277592557127861968e-09
4.273508486678195435e-09
4.269424416228528902e-09
4.265340345778862370e-09
4.261413354961874651e-09
4.257329284512208119e-09
4.253245214062541586e-09
4.249161143612875054e-09
4.245077073163208521e-09
4.241150082346220802e-09
4.237066011896553443e-09
4.232981941446886910e-09
4.229054950629900019e-09
4.224970880180233486e-09
4.221043889363245767e-09
4.216959818913579235e-09
4.213032828096592343e-09
4.208948757646925811e-09
4.205021766829938092e-09
4.201094776012950374e-09
4.197010705563283841e-09
4.193083714746296950e-09
4.189156723929309231e-09
4.185229733112322339e-09
4.181302742295335448e-09
4.177375751478347729e-09
4.173291681028681197e-09
4.169364690211693478e-09
4.165437699394706587e-09
4.161510708577719695e-09
4.157740797393411618e-09
4.153813806576424726e-09
4.149886815759437835e-09
4.145959824942449289e-09
4.142032834125462397e-09
4.138105843308475506e-09
4.134335932124167428e-09
4.130408941307180537e-09
4.126481950490193645e-09
4.122712039305885568e-09
4.118785048488897849e-09
4.115015137304590599e-09
4.111088146487603707e-09
4.107318235303295630e-09
4.103391244486308738e-09
4.099621333302000661e-09
4.095851422117692583e-09
4.091924431300705692e-09
4.088154520116397614e-09
4.084384608932090364e-09
4.080614697747782286e-09
4.076687706930794568e-09
4.072917795746487317e-09
4.069147884562180067e-09
4.065377973377871989e-09
4.061608062193563912e-09
4.057838151009255834e-09
4.054068239824948584e-09
4.050298328640641334e-09
4.046528417456332429e-09
4.042758506272025179e-09
4.039145674720396742e-09
4.035375763536089492e-09
4.031605852351781414e-09
4.027835941167473337e-09
4.024223109615845727e-09
4.020453198431537650e-09
4.016683287247230399e-09
4.013070455695601963e-09
4.009300544511293885e-09
4.005687712959666276e-09
4.001917801775357371e-09
3.998304970223729762e-09
3.994535059039421685e-09
3.990922227487794075e-09
3.987152316303485998e-09
3.983539484751857561e-09
3.979926653200229125e-09
3.976156742015921874e-09
3.972543910464293438e-09
3.968931078912665002e-09
3.965318247361037392e-09
3.961705415809408129e-09
3.958092584257780519e-09
3.954479752706152083e-09
3.950709841521844833e-09
3.947097009970215569e-09
3.943641258051267601e-09
3.940028426499639164e-09
3.936415594948010728e-09
3.932802763396382291e-09
3.929189931844754682e-09
3.925577100293126246e-09
3.921964268741497809e-09
3.918508516822549014e-09
3.914895685270920577e-09
3.911282853719292141e-09
3.907827101800343346e-09
3.904214270248715736e-09
3.900601438697087300e-09
3.897145686778138504e-09
3.893532855226510068e-09
3.890077103307561273e-09
3.886464271755932836e-09
3.883008519836984868e-09
3.879395688285355604e-09
3.875939936366407636e-09
3.872484184447458841e-09
3.868871352895830404e-09
3.865415600976881609e-09
3.861959849057932814e-09
3.858504097138984018e-09
3.854891265587355582e-09
3.851435513668406787e-09
3.847979761749457991e-09
3.844524009830509196e-09
3.841068257911560400e-09
3.837612505992611605e-09
3.834156754073662810e-09
3.830701002154714014e-09
3.827245250235765219e-09
3.823789498316817251e-09
3.820333746397867628e-09
3.816877994478918833e-09
3.813422242559970038e-09
3.810123570273700883e-09
3.806667818354752915e-09
3.803212066435803293e-09
3.799756314516854497e-09
3.796457642230586170e-09
3.793001890311636548e-09
3.789546138392687752e-09
3.786247466106418598e-09
3.782791714187469803e-09
3.779493041901200648e-09
3.776037289982251853e-09
3.772738617695982699e-09
3.769282865777033903e-09
3.765984193490764749e-09
3.762685521204494768e-09
3.759229769285546799e-09
3.755931096999277645e-09
3.752632424713007664e-09
3.749176672794058868e-09
3.745878000507789714e-09
3.742579328221520560e-09
3.739280655935251406e-09
3.735824904016302610e-09
3.732526231730033456e-09
3.729227559443763474e-09
3.725928887157495147e-09
3.722630214871225166e-09
3.719331542584956012e-09
3.716032870298686444e-09
3.712734198012417290e-09
3.709435525726148549e-09
3.706136853439878981e-09
3.702838181153609827e-09
3.699696588500019900e-09
3.696397916213750746e-09
3.693099243927481178e-09
3.689800571641212024e-09
3.686501899354942456e-09
3.683360306701352943e-09
3.680061634415083375e-09
3.676762962128814220e-09
3.673621369475224707e-09
3.670322697188955139e-09
3.667181104535365626e-09
3.663882432249096058e-09
3.660583759962827318e-09
3.657442167309236977e-09
3.654300574655647464e-09
3.651001902369377896e-09
3.647860309715788383e-09
3.644561637429518815e-09
3.641420044775929302e-09
3.638278452122339375e-09
3.634979779836070221e-09
3.631838187182480294e-09
3.628696594528890781e-09
3.625555001875300441e-09
3.622256329589031700e-09
3.619114736935441360e-09
3.615973144281852260e-09
3.612831551628261920e-09
3.609689958974672407e-09
3.606548366321082480e-09
3.603406773667492967e-09
3.600265181013902626e-09
3.597123588360313527e-09
3.593981995706723187e-09
3.590840403053133673e-09
3.587698810399543747e-09
3.584557217745954233e-09
3.581415625092364307e-09
3.578274032438774793e-09
3.575132439785184453e-09
3.572147926764274167e-09
3.569006334110684654e-09
3.565864741457094314e-09
3.562723148803504801e-09
3.559738635782594515e-09
3.556597043129005002e-09
3.553612530108094303e-09
3.550470937454504790e-09
3.547329344800914863e-09
3.544344831780004991e-09
3.541203239126414650e-09
3.538218726105504365e-09
3.535077133451914851e-09
3.532092620431004152e-09
3.528951027777414639e-09
3.525966514756504353e-09
3.522982001735594068e-09
3.519840409082004141e-09
3.516855896061094269e-09
3.513871383040183570e-09
3.510729790386593643e-09
3.507745277365683771e-09
3.504760764344773072e-09
3.501776251323863199e-09
3.498791738302952500e-09
3.495650145649362987e-09
3.492665632628452701e-09
3.489681119607542002e-09
3.486696606586632130e-09
3.483712093565721431e-09
3.480727580544811559e-09
3.477743067523900859e-09
3.474758554502990574e-09
3.471774041482080702e-09
3.468789528461170002e-09
3.465805015440260130e-09
3.462820502419349431e-09
3.459835989398438732e-09
3.457008556010208501e-09
3.454024042989297802e-09
3.451039529968387930e-09
3.448055016947477230e-09
3.445070503926566945e-09
3.442243070538336300e-09
3.439258557517426014e-09
3.436274044496516142e-09
3.433446611108285084e-09
3.430462098087374385e-09
3.427477585066464513e-09
3.424650151678233455e-09
3.421665638657322755e-09
3.418838205269092524e-09
3.415853692248181825e-09
3.413026258859951594e-09
3.410041745839040895e-09
3.407214312450809837e-09
3.404386879062579606e-09
3.401402366041668906e-09
3.398574932653437848e-09
3.395590419632527976e-09
3.392762986244296918e-09
3.389935552856065860e-09
3.387108119467835629e-09
3.384123606446924930e-09
3.381296173058694699e-09
3.378468739670463641e-09
3.375641306282232582e-09
3.372656793261322710e-09
3.369829359873091652e-09
3.367001926484860594e-09
3.364174493096630363e-09
3.361347059708399305e-09
3.358519626320168247e-09
3.355692192931937602e-09
3.352864759543706544e-09
3.350037326155475899e-09
3.347209892767245255e-09
3.344382459379014197e-09
3.341555025990783138e-09
3.338727592602552907e-09
3.335900159214321849e-09
3.333229805458770432e-09
3.330402372070539788e-09
3.327574938682309143e-09
3.324747505294078085e-09
3.321920071905847440e-09
3.319249718150296023e-09
3.316422284762064965e-09
3.313594851373833907e-09
3.310924497618283317e-09
3.308097064230052259e-09
3.305269630841821201e-09
3.302599277086270197e-09
3.299771843698039139e-09
3.297101489942487722e-09
3.294274056554257491e-09
3.291603702798705660e-09
3.288776269410474602e-09
3.286105915654923185e-09
3.283278482266692954e-09
3.280608128511141537e-09
3.277780695122910479e-09
3.275110341367359476e-09
3.272439987611808058e-09
3.269612554223577000e-09
3.266942200468025997e-09
3.264271846712474580e-09
3.261444413324243522e-09
3.258774059568692105e-09
3.256103705813141515e-09
3.253433352057589684e-09
3.250605918669358626e-09
3.247935564913807209e-09
3.245265211158256619e-09
3.242594857402704788e-09
3.239924503647153371e-09
3.237254149891602781e-09
3.234583796136050951e-09
3.231913442380499534e-09
3.229243088624948116e-09
3.226415655236717885e-09
3.223902381113845696e-09
3.221232027358294279e-09
3.218561673602742862e-09
3.215891319847191858e-09
3.213220966091640441e-09
3.210550612336089024e-09
3.207880258580537607e-09
3.205209904824986604e-09
3.202539551069435187e-09
3.200026276946562997e-09
3.197355923191011580e-09
3.194685569435460990e-09
3.192015215679909159e-09
3.189501941557037383e-09
3.186831587801485966e-09
3.184161234045934963e-09
3.181490880290383546e-09
3.178977606167511770e-09
3.176307252411959939e-09
3.173793978289088163e-09
3.171123624533537160e-09
3.168453270777985743e-09
3.165939996655113967e-09
3.163269642899562550e-09
3.160756368776691187e-09
3.158086015021139770e-09
3.155572740898267581e-09
3.153059466775395805e-09
3.150389113019844801e-09
3.147875838896973025e-09
3.145205485141421195e-09
3.142692211018549419e-09
3.140178936895677643e-09
3.137508583140126639e-09
3.134995309017254863e-09
3.132482034894382674e-09
3.129811681138831256e-09
3.127298407015959067e-09
3.124785132893088118e-09
3.122271858770215929e-09
3.119758584647344153e-09
3.117088230891792736e-09
3.114574956768920546e-09
3.112061682646049184e-09
3.109548408523177408e-09
3.107035134400305218e-09
3.104521860277433442e-09
3.102008586154561666e-09
3.099495312031690304e-09
3.096982037908818114e-09
3.094468763785946338e-09
3.091955489663074149e-09
3.089442215540202373e-09
3.086928941417331010e-09
3.084415667294459234e-09
3.081902393171587045e-09
3.079389119048715269e-09
3.076875844925843079e-09
3.074519650435650944e-09
3.072006376312779582e-09
3.069493102189907392e-09
3.066979828067035616e-09
3.064466553944163427e-09
3.062110359453971292e-09
3.059597085331099102e-09
3.057083811208227740e-09
3.054727616718035605e-09
3.052214342595163416e-09
3.049701068472291640e-09
3.047344873982099091e-09
3.044831599859227315e-09
3.042318325736355953e-09
3.039962131246163404e-09
3.037448857123291628e-09
3.035092662633099080e-09
3.032579388510227304e-09
3.030223194020034755e-09
3.027709919897162979e-09
3.025353725406970845e-09
3.022840451284099069e-09
3.020484256793906520e-09
3.017970982671034744e-09
3.015614788180842196e-09
3.013258593690650061e-09
3.010745319567777871e-09
3.008389125077586150e-09
3.006032930587393601e-09
3.003519656464521825e-09
3.001163461974329277e-09
2.998807267484137142e-09
2.996451072993944594e-09
2.993937798871072404e-09
2.991581604380880683e-09
2.989225409890688548e-09
2.986869215400495999e-09
2.984513020910303451e-09
2.981999746787431675e-09
2.979643552297239127e-09
2.977287357807046578e-09
2.974931163316854443e-09
2.972574968826662722e-09
2.970218774336470173e-09
2.967862579846277625e-09
2.965506385356085490e-09
2.963150190865892942e-09
2.960793996375700393e-09
2.958437801885508258e-09
2.956081607395315710e-09
2.953725412905123161e-09
2.951369218414931440e-09
2.949013023924738892e-09
2.946656829434546757e-09
2.944457714577033849e-09
2.942101520086841301e-09
2.939745325596648752e-09
2.937389131106456618e-09
2.935032936616264069e-09
2.932676742126071521e-09
2.930477627268558613e-09
2.928121432778366478e-09
2.925765238288174343e-09
2.923566123430661436e-09
2.921209928940469301e-09
2.918853734450276753e-09
2.916654619592763845e-09
2.914298425102571711e-09
2.911942230612379162e-09
2.909743115754866255e-09
2.907386921264674120e-09
2.905187806407161212e-09
2.902831611916969078e-09
2.900475417426776529e-09
2.898276302569263622e-09
2.895920108079071073e-09
2.893720993221558166e-09
2.891364798731366031e-09
2.889165683873853124e-09
2.886966569016340630e-09
2.884610374526148081e-09
2.882411259668635174e-09
2.880055065178442626e-09
2.877855950320929718e-09
2.875656835463417224e-09
2.873300640973224676e-09
2.871101526115712182e-09
2.868902411258199275e-09
2.866546216768006726e-09
2.864347101910493819e-09
2.862147987052980912e-09
2.859948872195468004e-09
2.857592677705275869e-09
2.855393562847762962e-09
2.853194447990250055e-09
2.850995333132737147e-09
2.848796218275224240e-09
2.846597103417711746e-09
2.844240908927519198e-09
2.842041794070006290e-09
2.839842679212493383e-09
2.837643564354980475e-09
2.835444449497467568e-09
2.833245334639955074e-09
2.831046219782442167e-09
2.828847104924929259e-09
2.826647990067416352e-09
2.824448875209903445e-09
2.822249760352390537e-09
2.820050645494877630e-09
2.817851530637364723e-09
2.815652415779851815e-09
2.813453300922339321e-09
2.811411265697505642e-09
2.809212150839992734e-09
2.807013035982480240e-09
2.804813921124967333e-09
2.802614806267454426e-09
2.800415691409941518e-09
2.798373656185108252e-09
2.796174541327595345e-09
2.793975426470082437e-09
2.791776311612569943e-09
2.789734276387736264e-09
2.787535161530223356e-09
2.785336046672710449e-09
2.783136931815197955e-09
2.781094896590364275e-09
2.778895781732851368e-09
2.776853746508018102e-09
2.774654631650505194e-09
2.772455516792992287e-09
2.770413481568159021e-09
2.768214366710646113e-09
2.766172331485812847e-09
2.763973216628299940e-09
2.761931181403466673e-09
2.759732066545953766e-09
2.757690031321120500e-09
2.755490916463607592e-09
2.753448881238774326e-09
2.751249766381261419e-09
2.749207731156428152e-09
2.747008616298915245e-09
2.744966581074081565e-09
2.742767466216569071e-09
2.740725430991735391e-09
2.738683395766902125e-09
2.736484280909389218e-09
2.734442245684555951e-09
2.732400210459722685e-09
2.730201095602209778e-09
2.728159060377376512e-09
2.726117025152543245e-09
2.724074989927709565e-09
2.721875875070196658e-09
2.719833839845363392e-09
2.717791804620530125e-09
2.715749769395696859e-09
2.713707734170863179e-09
2.711508619313350686e-09
2.709466584088517006e-09
2.707424548863683739e-09
2.705382513638850059e-09
2.703340478414016793e-09
2.701298443189183527e-09
2.699256407964350261e-09
2.697214372739516994e-09
2.695172337514683728e-09
2.693130302289850048e-09
2.691088267065016782e-09
2.689046231840183516e-09
2.687004196615350249e-09
2.684962161390516983e-09
2.682920126165683303e-09
2.680878090940849623e-09
2.678836055716016357e-09
2.676794020491183091e-09
2.674751985266349825e-09
2.672709950041516558e-09
2.670667914816683292e-09
2.668625879591849612e-09
2.666740923999695987e-09
2.664698888774862721e-09
2.662656853550029454e-09
2.660614818325195774e-09
2.658572783100362508e-09
2.656687827508208469e-09
2.654645792283375203e-09
2.652603757058541937e-09
2.650561721833708257e-09
2.648676766241554632e-09
2.646634731016721366e-09
2.644592695791888099e-09
2.642550660567054419e-09
2.640665704974900381e-09
2.638623669750067114e-09
2.636738714157913489e-09
2.634696678933079809e-09
2.632654643708246543e-09
2.630769688116092918e-09
2.628727652891259652e-09
2.626842697299105199e-09
2.624800662074271933e-09
2.622758626849438667e-09
2.620873671257285041e-09
2.618831636032451362e-09
2.616946680440297736e-09
2.614904645215464470e-09
2.613019689623310431e-09
2.611134734031156393e-09
2.609092698806323126e-09
2.607207743214169501e-09
2.605165707989335821e-09
2.603280752397182196e-09
2.601238717172348930e-09
2.599353761580194477e-09
2.597468805988040852e-09
2.595426770763207586e-09
2.593541815171053547e-09
2.591656859578899922e-09
2.589614824354066656e-09
2.587729868761912617e-09
2.585844913169758578e-09
2.583959957577604953e-09
2.581917922352771687e-09
2.580032966760617648e-09
2.578148011168463609e-09
2.576263055576309570e-09
2.574221020351476304e-09
2.572336064759322679e-09
2.570451109167168640e-09
2.568566153575015015e-09
2.566681197982860976e-09
2.564796242390706937e-09
2.562754207165873671e-09
2.560869251573720046e-09
2.558984295981566007e-09
2.557099340389411968e-09
2.555214384797258343e-09
2.553329429205104304e-09
2.551444473612950679e-09
2.549559518020796640e-09
2.547674562428642602e-09
2.545789606836488976e-09
2.543904651244334938e-09
2.542019695652181313e-09
2.540134740060027274e-09
2.538249784467873235e-09
2.536364828875719610e-09
2.534479873283565571e-09
2.532594917691411532e-09
2.530709962099257907e-09
2.528982086139783509e-09
2.527097130547629884e-09
2.525212174955475432e-09
2.523327219363321807e-09
2.521442263771167768e-09
2.519557308179014143e-09
2.517672352586860517e-09
2.515944476627385706e-09
2.514059521035232081e-09
2.512174565443078042e-09
2.510289609850924417e-09
2.508561733891449606e-09
2.506676778299295981e-09
2.504791822707141942e-09
2.502906867114988317e-09
2.501178991155513919e-09
2.499294035563359880e-09
2.497409079971206255e-09
2.495681204011731444e-09
2.493796248419577819e-09
2.491911292827423780e-09
2.490183416867949796e-09
2.488298461275795343e-09
2.486570585316321359e-09
2.484685629724167320e-09
2.482800674132013282e-09
2.481072798172538884e-09
2.479187842580385259e-09
2.477459966620910861e-09
2.475575011028756822e-09
2.473847135069282425e-09
2.471962179477128800e-09
2.470234303517654402e-09
2.468349347925500363e-09
2.466621471966025965e-09
2.464736516373872340e-09
2.463008640414397943e-09
2.461123684822243904e-09
2.459395808862769506e-09
2.457667932903295108e-09
2.455782977311141483e-09
2.454055101351667086e-09
2.452327225392192274e-09
2.450442269800038649e-09
2.448714393840564251e-09
2.446829438248410213e-09
2.445101562288935815e-09
2.443373686329461831e-09
2.441645810369987020e-09
2.439760854777833394e-09
2.438032978818358997e-09
2.436305102858884599e-09
2.434420147266730560e-09
2.432692271307256163e-09
2.430964395347781765e-09
2.429236519388307367e-09
2.427508643428833383e-09
2.425623687836678931e-09
2.423895811877204947e-09
2.422167935917730549e-09
2.420440059958256151e-09
2.418712183998781754e-09
2.416984308039307356e-09
2.415256432079832958e-09
2.413371476487678919e-09
2.411643600528204935e-09
2.409915724568730124e-09
2.408187848609255726e-09
2.406459972649781742e-09
2.404732096690306931e-09
2.403004220730832947e-09
2.401276344771358136e-09
2.399548468811884152e-09
2.397820592852409754e-09
2.396092716892934943e-09
2.394364840933460959e-09
2.392636964973986561e-09
2.390909089014512163e-09
2.389181213055037766e-09
2.387453337095563368e-09
2.385725461136088970e-09
2.383997585176614573e-09
2.382269709217140175e-09
2.380698912890345418e-09
2.378971036930871021e-09
2.377243160971396209e-09
2.375515285011922225e-09
2.373787409052447414e-09
2.372059533092973430e-09
2.370331657133499032e-09
2.368760860806703862e-09
2.367032984847229878e-09
2.365305108887755067e-09
2.363577232928280669e-09
2.361849356968806685e-09
2.360278560642011515e-09
2.358550684682537117e-09
2.356822808723062719e-09
2.355094932763588322e-09
2.353524136436793565e-09
2.351796260477319167e-09
2.350068384517844770e-09
2.348497588191049600e-09
2.346769712231575615e-09
2.345041836272101218e-09
2.343471039945306048e-09
2.341743163985832063e-09
2.340015288026357252e-09
2.338444491699562496e-09
2.336716615740088098e-09
2.335145819413293341e-09
2.333417943453818944e-09
2.331690067494344546e-09
2.330119271167549789e-09
2.328391395208074978e-09
2.326820598881280222e-09
2.325092722921805824e-09
2.323521926595011067e-09
2.321794050635536670e-09
2.320223254308741499e-09
2.318495378349267515e-09
2.316924582022472345e-09
2.315196706062997947e-09
2.313625909736203191e-09
2.311898033776728793e-09
2.310327237449933623e-09
2.308756441123138866e-09
2.307028565163664469e-09
2.305457768836869712e-09
2.303729892877395315e-09
2.302159096550600558e-09
2.300588300223805801e-09
2.298860424264330990e-09
2.297289627937536233e-09
2.295718831610741063e-09
2.293990955651267079e-09
2.292420159324471909e-09
2.290849362997677152e-09
2.289121487038202755e-09
2.287550690711407998e-09
2.285979894384612828e-09
2.284409098057818071e-09
2.282681222098343674e-09
2.281110425771548917e-09
2.279539629444753747e-09
2.277968833117958990e-09
2.276240957158484593e-09
2.274670160831689836e-09
2.273099364504895080e-09
2.271528568178099909e-09
2.269957771851304739e-09
2.268229895891830755e-09
2.266659099565035999e-09
2.265088303238240828e-09
2.263517506911446072e-09
2.261946710584650902e-09
2.260375914257856145e-09
2.258805117931061388e-09
2.257234321604266218e-09
2.255663525277471462e-09
2.253935649317997064e-09
2.252364852991202307e-09
2.250794056664407551e-09
2.249223260337612381e-09
2.247652464010817624e-09
2.246081667684022454e-09
2.244510871357227697e-09
2.242940075030432941e-09
2.241369278703637771e-09
2.239798482376843014e-09
2.238227686050047844e-09
2.236656889723253087e-09
2.235086093396458331e-09
2.233515297069663574e-09
2.232101580375548045e-09
2.230530784048753288e-09
2.228959987721958118e-09
2.227389191395163362e-09
2.225818395068368191e-09
2.224247598741573435e-09
2.222676802414778678e-09
2.221106006087983922e-09
2.219535209761188751e-09
2.218121493067073222e-09
2.216550696740278466e-09
2.214979900413483709e-09
2.213409104086688953e-09
2.211838307759893782e-09
2.210267511433099026e-09
2.208853794738983497e-09
2.207282998412188740e-09
2.205712202085393570e-09
2.204141405758598813e-09
2.202727689064483284e-09
2.201156892737688528e-09
2.199586096410893771e-09
2.198015300084098601e-09
2.196601583389983486e-09
2.195030787063188315e-09
2.193459990736393559e-09
2.192046274042278030e-09
2.190475477715483273e-09
2.188904681388688517e-09
2.187490964694572987e-09
2.185920168367778231e-09
2.184349372040983061e-09
2.182935655346867945e-09
2.181364859020072775e-09
2.179951142325957246e-09
2.178380345999162489e-09
2.176809549672367319e-09
2.175395832978252204e-09
2.173825036651457447e-09
2.172411319957341918e-09
2.170840523630547161e-09
2.169426806936431632e-09
2.167856010609636876e-09
2.166442293915521347e-09
2.164871497588726590e-09
2.163457780894611061e-09
2.161886984567816304e-09
2.160473267873700775e-09
2.158902471546905605e-09
2.157488754852790490e-09
2.155917958525995320e-09
2.154504241831880204e-09
2.152933445505085034e-09
2.151519728810969505e-09
2.149948932484175162e-09
2.148535215790059633e-09
2.147121499095944104e-09
2.145550702769149347e-09
2.144136986075033818e-09
2.142723269380918702e-09
2.141152473054123532e-09
2.139738756360008003e-09
2.138167960033213247e-09
2.136754243339097718e-09
2.135340526644982602e-09
2.133769730318187432e-09
2.132356013624071903e-09
2.130942296929956787e-09
2.129528580235841258e-09
2.127957783909046502e-09
2.126544067214930973e-09
2.125130350520815443e-09
2.123716633826700328e-09
2.122145837499905158e-09
2.120732120805789629e-09
2.119318404111674513e-09
2.117904687417558984e-09
2.116333891090764228e-09
2.114920174396648698e-09
2.113506457702533169e-09
2.112092741008418054e-09
2.110679024314302525e-09
2.109108227987507355e-09
2.107694511293392239e-09
2.106280794599276710e-09
2.104867077905161181e-09
2.103453361211046065e-09
2.102039644516930536e-09
2.100625927822815007e-09
2.099212211128699892e-09
2.097641414801904722e-09
2.096227698107789606e-09
2.094813981413674077e-09
2.093400264719558548e-09
2.091986548025443433e-09
2.090572831331327903e-09
2.089159114637212374e-09
2.087745397943097259e-09
2.086331681248981730e-09
2.084917964554866201e-09
2.083504247860751085e-09
2.082090531166635556e-09
2.080676814472520027e-09
2.079263097778404912e-09
2.077849381084289382e-09
2.076435664390173853e-09
2.075021947696058324e-09
2.073608231001942795e-09
2.072194514307827266e-09
2.070780797613712151e-09
2.069367080919596622e-09
2.067953364225481092e-09
2.066539647531365977e-09
2.065283010469930089e-09
2.063869293775814560e-09
2.062455577081699031e-09
2.061041860387583915e-09
2.059628143693468386e-09
2.058214426999352857e-09
2.056800710305237742e-09
2.055544073243801854e-09
2.054130356549686325e-09
2.052716639855570796e-09
2.051302923161455266e-09
2.049889206467339737e-09
2.048475489773224622e-09
2.047218852711788734e-09
2.045805136017673205e-09
2.044391419323557676e-09
2.042977702629442560e-09
2.041721065568006672e-09
2.040307348873891143e-09
2.038893632179776028e-09
2.037479915485660499e-09
2.036223278424224197e-09
2.034809561730109082e-09
2.033395845035993552e-09
2.031982128341878023e-09
2.030725491280442135e-09
2.029311774586327020e-09
2.027898057892211491e-09
2.026641420830775603e-09
2.025227704136660074e-09
2.023813987442544958e-09
2.022557350381108657e-09
2.021143633686993128e-09
2.019886996625557653e-09
2.018473279931442124e-09
2.017059563237326595e-09
2.015802926175890707e-09
2.014389209481775592e-09
2.013132572420339290e-09
2.011718855726223761e-09
2.010305139032108645e-09
2.009048501970672757e-09
2.007634785276557228e-09
2.006378148215121340e-09
2.004964431521006225e-09
2.003707794459569923e-09
2.002294077765454394e-09
2.001037440704018506e-09
1.999623724009903391e-09
1.998367086948467503e-09
1.996953370254351974e-09
1.995696733192916086e-09
1.994283016498800557e-09
1.993026379437364669e-09
1.991612662743249140e-09
1.990356025681813665e-09
1.988942308987698136e-09
1.987685671926262248e-09
1.986271955232146719e-09
1.985015318170710831e-09
1.983758681109274943e-09
1.982344964415159414e-09
1.981088327353723526e-09
1.979674610659608410e-09
1.978417973598172109e-09
1.977161336536736221e-09
1.975747619842620692e-09
1.974490982781184804e-09
1.973234345719749329e-09
1.971820629025633800e-09
1.970563991964197499e-09
1.969307354902761611e-09
1.967893638208646495e-09
1.966637001147210607e-09
1.965380364085774719e-09
1.963966647391659190e-09
1.962710010330223302e-09
1.961453373268787414e-09
1.960039656574671885e-09
1.958783019513235997e-09
1.957526382451800109e-09
1.956269745390364221e-09
1.954856028696248692e-09
1.953599391634812804e-09
1.952342754573376916e-09
1.951086117511941028e-09
1.949829480450505140e-09
1.948415763756389611e-09
1.947159126694953723e-09
1.945902489633517835e-09
1.944645852572081947e-09
1.943389215510646059e-09
1.941975498816530530e-09
1.940718861755094642e-09
1.939462224693658754e-09
1.938205587632222866e-09
1.936948950570786978e-09
1.935692313509351090e-09
1.934435676447915202e-09
1.933021959753799673e-09
1.931765322692363785e-09
1.930508685630927897e-09
1.929252048569492009e-09
1.927995411508055708e-09
1.926738774446620233e-09
1.925482137385184345e-09
1.924225500323748457e-09
1.922968863262312156e-09
1.921712226200876268e-09
1.920455589139440793e-09
1.919198952078004905e-09
1.917942315016568604e-09
1.916685677955132716e-09
1.915429040893696828e-09
1.914172403832260940e-09
1.912915766770825052e-09
1.911659129709389164e-09
1.910402492647953276e-09
1.909145855586517388e-09
1.907889218525081086e-09
1.906632581463645612e-09
1.905375944402209724e-09
1.904119307340773422e-09
1.902862670279337534e-09
1.901606033217901646e-09
1.900349396156466172e-09
1.899092759095029870e-09
1.897836122033593982e-09
1.896579484972158094e-09
1.895322847910722206e-09
1.894066210849286318e-09
1.892966653420529658e-09
1.891710016359094183e-09
1.890453379297657882e-09
1.889196742236221994e-09
1.887940105174786106e-09
1.886683468113350218e-09
1.885426831051914330e-09
1.884327273623158083e-09
1.883070636561722195e-09
1.881813999500285894e-09
1.880557362438850006e-09
1.879300725377414118e-09
1.878201167948657871e-09
1.876944530887221983e-09
1.875687893825786095e-09
1.874431256764350207e-09
1.873174619702913905e-09
1.872075062274157658e-09
1.870818425212721770e-09
1.869561788151285882e-09
1.868305151089849994e-09
1.867205593661093747e-09
1.865948956599657446e-09
1.864692319538221558e-09
1.863592762109465311e-09
1.862336125048029216e-09
1.861079487986593535e-09
1.859822850925157647e-09
1.858723293496401193e-09
1.857466656434965098e-09
1.856210019373529210e-09
1.855110461944772757e-09
1.853853824883336869e-09
1.852597187821901188e-09
1.851497630393144734e-09
1.850240993331708639e-09
1.848984356270272751e-09
1.847884798841516297e-09
1.846628161780080409e-09
1.845528604351323956e-09
1.844271967289887861e-09
1.843015330228452180e-09
1.841915772799695726e-09
1.840659135738259838e-09
1.839559578309503384e-09
1.838302941248067496e-09
1.837203383819311043e-09
1.835946746757874948e-09
1.834690109696439267e-09
1.833590552267682813e-09
1.832333915206246925e-09
1.831234357777490471e-09
1.829977720716054583e-09
1.828878163287298130e-09
1.827621526225862035e-09
1.826521968797105581e-09
1.825265331735669693e-09
1.824165774306913240e-09
1.822909137245477558e-09
1.821809579816721105e-09
1.820552942755285217e-09
1.819453385326528763e-09
1.818196748265092668e-09
1.817097190836336215e-09
1.815840553774900327e-09
1.814740996346143873e-09
1.813641438917387419e-09
1.812384801855951738e-09
1.811285244427195284e-09
1.810028607365759396e-09
1.808929049937002943e-09
1.807829492508246489e-09
1.806572855446810601e-09
1.805473298018054147e-09
1.804216660956618053e-09
1.803117103527861599e-09
1.802017546099105145e-09
1.800760909037669464e-09
1.799661351608913217e-09
1.798561794180156763e-09
1.797305157118720669e-09
1.796205599689964215e-09
1.795106042261207761e-09
1.793849405199771873e-09
1.792749847771015420e-09
1.791650290342258966e-09
1.790393653280823078e-09
1.789294095852066624e-09
1.788194538423310171e-09
1.786937901361874489e-09
1.785838343933118036e-09
1.784738786504361582e-09
1.783639229075605128e-09
1.782382592014169240e-09
1.781283034585412787e-09
1.780183477156656333e-09
1.779083919727899879e-09
1.777827282666463784e-09
1.776727725237707331e-09
1.775628167808950877e-09
1.774528610380194630e-09
1.773429052951438177e-09
1.772172415890002495e-09
1.771072858461246042e-09
1.769973301032489588e-09
1.768873743603733134e-09
1.767774186174976681e-09
1.766517549113540793e-09
1.765417991684784339e-09
1.764318434256027885e-09
1.763218876827271432e-09
1.762119319398514978e-09
1.761019761969758524e-09
1.759920204541002070e-09
1.758663567479566182e-09
1.757564010050809729e-09
1.756464452622053275e-09
1.755364895193296821e-09
1.754265337764540368e-09
1.753165780335783914e-09
1.752066222907027874e-09
1.750966665478271420e-09
1.749867108049514967e-09
1.748767550620758513e-09
1.747667993192002059e-09
1.746568435763245606e-09
1.745311798701809511e-09
1.744212241273053057e-09
1.743112683844296810e-09
1.742013126415540356e-09
1.740913568986783903e-09
1.739814011558027449e-09
1.738714454129270995e-09
1.737614896700514542e-09
1.736515339271758088e-09
1.735415781843001634e-09
1.734316224414245181e-09
1.733216666985488727e-09
1.732117109556732273e-09
1.731017552127975820e-09
1.729917994699219366e-09
1.728818437270462912e-09
1.727718879841706872e-09
1.726776402045629646e-09
1.725676844616873192e-09
1.724577287188116739e-09
1.723477729759360698e-09
1.722378172330604245e-09
1.721278614901847791e-09
1.720179057473091337e-09
1.719079500044334884e-09
1.717979942615578430e-09
1.716880385186821976e-09
1.715780827758065523e-09
1.714681270329309069e-09
1.713738792533232256e-09
1.712639235104475803e-09
1.711539677675719349e-09
1.710440120246962895e-09
1.709340562818206442e-09
1.708241005389449988e-09
1.707141447960693534e-09
1.706198970164616722e-09
1.705099412735860268e-09
1.703999855307103814e-09
1.702900297878347361e-09
1.701800740449590907e-09
1.700858262653514094e-09
1.699758705224757641e-09
1.698659147796001187e-09
1.697559590367244733e-09
1.696460032938488280e-09
1.695517555142411467e-09
1.694417997713655013e-09
1.693318440284898560e-09
1.692218882856142106e-09
1.691276405060065087e-09
0.000000000000000000e+00
0.000000000000000000e+00
