2.569747871222204669e-16 1.054309291006355912e-17 -1.560647464049759772e-18 5.922772452631186145e-18 4.226571707021586607e-18 1.339948881054822832e-18 -1.065338074283835904e-18 -5.972206860209176770e-19 2.214751454228097551e-18 1.055334757431285878e-18
1.054309291006356067e-17 9.769363245339888273e-17 5.498843628722909684e-18 3.404993132760650334e-18 1.774232290705239864e-18 1.776805278838006578e-18 -2.337673760941701436e-18 -3.713221781646520200e-19 -7.993888766237317941e-19 -3.791371720816945566e-19
-1.560647464049759579e-18 5.498843628722908913e-18 4.939852252102766065e-17 5.230799083059668953e-18 2.841271470583984596e-20 2.254715626288758274e-18 9.839333769874394757e-20 1.285344776449749958e-18 5.316875842348740358e-19 9.853537380274909923e-19
5.922772452631186145e-18 3.404993132760649949e-18 5.230799083059669723e-18 3.032065952623114708e-17 9.791874318310495004e-19 4.618312195715678597e-19 9.482371277024622666e-19 9.832926851604773760e-19 5.694211487111923594e-19 1.301719451381444199e-18
4.226571707021586607e-18 1.774232290705240249e-18 2.841271470584000244e-20 9.791874318310493078e-19 2.293061789508539845e-17 1.012392575055607978e-18 1.639088666310914363e-18 3.964906402687162867e-19 6.759988786747399840e-19 8.012008106361415344e-19
1.339948881054822832e-18 1.776805278838006578e-18 2.254715626288758660e-18 4.618312195715679560e-19 1.012392575055607978e-18 2.329756923354423051e-17 2.109608187322213243e-18 4.895316812967383922e-20 2.950849017157482489e-19 6.913303831850022876e-19
-1.065338074283835904e-18 -2.337673760941701821e-18 9.839333769874397165e-20 9.482371277024622666e-19 1.639088666310913977e-18 2.109608187322213628e-18 1.581646353918549206e-17 9.478985886703605816e-19 7.422697928910251470e-19 7.986027198700029915e-19
-5.972206860209180622e-19 -3.713221781646520681e-19 1.285344776449750536e-18 9.832926851604773760e-19 3.964906402687161904e-19 4.895316812967380912e-20 9.478985886703607742e-19 1.058216647950036546e-17 5.673472267386537644e-19 1.131139060529948917e-18
2.214751454228096396e-18 -7.993888766237317941e-19 5.316875842348742284e-19 5.694211487111925520e-19 6.759988786747401766e-19 2.950849017157482007e-19 7.422697928910252433e-19 5.673472267386539570e-19 7.530478452065927712e-18 3.366425040559635964e-19
1.055334757431285300e-18 -3.791371720816944603e-19 9.853537380274911849e-19 1.301719451381444006e-18 8.012008106361417270e-19 6.913303831850021913e-19 7.986027198700028952e-19 1.131139060529949110e-18 3.366425040559635964e-19 6.854148943564849576e-18
