0 0.000000e+00 1.006105e-06
1 0.000000e+00 1.006105e-06
2 0.000000e+00 1.006105e-06
3 0.000000e+00 1.874036e-06
4 0.000000e+00 2.773574e-06
5 0.000000e+00 3.699545e-06
6 0.000000e+00 4.647236e-06
7 0.000000e+00 5.612369e-06
8 0.000000e+00 6.591081e-06
9 0.000000e+00 7.579905e-06
10 0.000000e+00 8.575751e-06
11 0.000000e+00 9.575881e-06
12 0.000000e+00 1.057789e-05
13 0.000000e+00 1.157969e-05
14 0.000000e+00 1.257948e-05
15 0.000000e+00 1.357574e-05
16 0.000000e+00 1.456718e-05
17 0.000000e+00 1.555278e-05
18 0.000000e+00 1.653169e-05
19 0.000000e+00 1.750327e-05
20 0.000000e+00 1.846705e-05
21 0.000000e+00 1.942270e-05
22 0.000000e+00 2.037002e-05
23 0.000000e+00 2.130893e-05
24 0.000000e+00 2.223941e-05
25 0.000000e+00 2.316154e-05
26 0.000000e+00 2.407543e-05
27 0.000000e+00 2.498119e-05
28 0.000000e+00 2.587898e-05
29 0.000000e+00 2.676892e-05
30 0.000000e+00 2.765109e-05
31 0.000000e+00 2.852553e-05
32 0.000000e+00 2.939218e-05
33 0.000000e+00 3.025089e-05
34 0.000000e+00 3.110142e-05
35 0.000000e+00 3.194341e-05
36 0.000000e+00 3.277644e-05
37 0.000000e+00 3.360002e-05
38 0.000000e+00 3.441367e-05
39 0.000000e+00 3.521686e-05
40 0.000000e+00 3.600911e-05
41 0.000000e+00 3.678997e-05
42 0.000000e+00 3.755904e-05
43 0.000000e+00 3.831602e-05
44 0.000000e+00 3.906070e-05
45 0.000000e+00 3.979298e-05
46 0.000000e+00 4.051280e-05
47 0.000000e+00 4.122018e-05
48 0.000000e+00 4.191518e-05
49 0.000000e+00 4.259788e-05
50 0.000000e+00 4.326836e-05
51 0.000000e+00 4.392671e-05
52 0.000000e+00 4.457298e-05
53 0.000000e+00 4.520716e-05
54 0.000000e+00 4.582923e-05
55 0.000000e+00 4.643907e-05
56 0.000000e+00 4.703656e-05
57 0.000000e+00 4.762152e-05
58 0.000000e+00 4.819376e-05
59 0.000000e+00 4.875309e-05
60 0.000000e+00 4.929929e-05
61 0.000000e+00 4.983216e-05
62 0.000000e+00 5.035153e-05
63 0.000000e+00 5.085723e-05
64 0.000000e+00 5.134915e-05
65 0.000000e+00 5.182718e-05
66 0.000000e+00 5.229127e-05
67 0.000000e+00 5.274140e-05
68 0.000000e+00 5.317757e-05
69 0.000000e+00 5.359980e-05
70 0.000000e+00 5.400816e-05
71 0.000000e+00 5.440272e-05
72 0.000000e+00 5.478361e-05
73 0.000000e+00 5.515094e-05
74 0.000000e+00 5.550486e-05
75 0.000000e+00 5.584555e-05
76 0.000000e+00 5.617318e-05
77 0.000000e+00 5.648792e-05
78 0.000000e+00 5.678995e-05
79 0.000000e+00 5.707942e-05
80 0.000000e+00 5.735649e-05
81 0.000000e+00 5.762127e-05
82 0.000000e+00 5.787385e-05
83 0.000000e+00 5.811428e-05
84 0.000000e+00 5.834259e-05
85 0.000000e+00 5.855876e-05
86 0.000000e+00 5.876274e-05
87 0.000000e+00 5.895447e-05
88 0.000000e+00 5.913389e-05
89 0.000000e+00 5.930095e-05
90 0.000000e+00 5.945558e-05
91 0.000000e+00 5.959777e-05
92 0.000000e+00 5.972750e-05
93 0.000000e+00 5.984484e-05
94 0.000000e+00 5.994985e-05
95 0.000000e+00 6.004268e-05
96 0.000000e+00 6.012348e-05
97 0.000000e+00 6.019245e-05
98 0.000000e+00 6.024982e-05
99 0.000000e+00 6.029583e-05
100 0.000000e+00 6.033074e-05
101 0.000000e+00 6.035483e-05
102 0.000000e+00 6.036837e-05
103 0.000000e+00 6.037162e-05
104 0.000000e+00 6.036487e-05
105 0.000000e+00 6.034836e-05
106 0.000000e+00 6.032237e-05
107 0.000000e+00 6.028713e-05
108 0.000000e+00 6.024290e-05
109 0.000000e+00 6.018991e-05
110 0.000000e+00 6.012840e-05
111 0.000000e+00 6.005861e-05
112 0.000000e+00 5.998076e-05
113 0.000000e+00 5.989507e-05
114 0.000000e+00 5.980179e-05
115 0.000000e+00 5.970111e-05
116 0.000000e+00 5.959327e-05
117 0.000000e+00 5.947848e-05
118 0.000000e+00 5.935696e-05
119 0.000000e+00 5.922892e-05
120 0.000000e+00 5.909458e-05
121 0.000000e+00 5.895415e-05
122 0.000000e+00 5.880785e-05
123 0.000000e+00 5.865590e-05
124 0.000000e+00 5.849852e-05
125 0.000000e+00 5.833592e-05
126 0.000000e+00 5.816833e-05
127 0.000000e+00 5.799597e-05
128 0.000000e+00 5.781906e-05
129 0.000000e+00 5.763785e-05
130 0.000000e+00 5.745256e-05
131 0.000000e+00 5.726342e-05
132 0.000000e+00 5.707069e-05
133 0.000000e+00 5.687461e-05
134 0.000000e+00 5.667544e-05
135 0.000000e+00 5.647342e-05
136 0.000000e+00 5.626882e-05
137 0.000000e+00 5.606190e-05
138 0.000000e+00 5.585295e-05
139 0.000000e+00 5.564222e-05
140 0.000000e+00 5.542999e-05
141 0.000000e+00 5.521655e-05
142 0.000000e+00 5.500218e-05
143 0.000000e+00 5.478716e-05
144 0.000000e+00 5.457177e-05
145 0.000000e+00 5.435630e-05
146 0.000000e+00 5.414104e-05
147 0.000000e+00 5.392628e-05
148 0.000000e+00 5.371230e-05
149 0.000000e+00 5.349941e-05
150 0.000000e+00 5.328788e-05
151 0.000000e+00 5.307801e-05
152 0.000000e+00 5.287008e-05
153 0.000000e+00 5.266438e-05
154 0.000000e+00 5.246119e-05
155 0.000000e+00 5.226080e-05
156 0.000000e+00 5.206349e-05
157 0.000000e+00 5.186953e-05
158 0.000000e+00 5.167921e-05
159 0.000000e+00 5.149278e-05
160 0.000000e+00 5.131053e-05
161 0.000000e+00 5.113272e-05
162 0.000000e+00 5.095960e-05
163 0.000000e+00 5.079143e-05
164 0.000000e+00 5.062846e-05
165 0.000000e+00 5.047094e-05
166 0.000000e+00 5.031910e-05
167 0.000000e+00 5.017319e-05
168 0.000000e+00 5.003343e-05
169 0.000000e+00 4.990005e-05
170 0.000000e+00 4.977327e-05
171 0.000000e+00 4.965331e-05
172 0.000000e+00 4.954037e-05
173 0.000000e+00 4.943468e-05
174 0.000000e+00 4.933641e-05
175 0.000000e+00 4.924579e-05
176 0.000000e+00 4.916298e-05
177 0.000000e+00 4.908820e-05
178 0.000000e+00 4.902161e-05
179 0.000000e+00 4.896340e-05
180 0.000000e+00 4.891374e-05
181 0.000000e+00 4.887280e-05
182 0.000000e+00 4.884074e-05
183 0.000000e+00 4.881774e-05
184 0.000000e+00 4.880393e-05
185 0.000000e+00 4.879948e-05
186 0.000000e+00 4.880453e-05
187 0.000000e+00 4.881923e-05
188 0.000000e+00 4.884370e-05
189 0.000000e+00 4.887810e-05
190 0.000000e+00 4.892254e-05
191 0.000000e+00 4.897716e-05
192 0.000000e+00 4.904206e-05
193 0.000000e+00 4.911738e-05
194 0.000000e+00 4.920323e-05
195 0.000000e+00 4.929970e-05
196 0.000000e+00 4.940691e-05
197 0.000000e+00 4.952496e-05
198 0.000000e+00 4.965393e-05
199 0.000000e+00 4.979393e-05
200 0.000000e+00 4.994504e-05
201 0.000000e+00 5.010733e-05
202 0.000000e+00 5.028088e-05
203 0.000000e+00 5.046576e-05
204 0.000000e+00 5.066204e-05
205 0.000000e+00 5.086978e-05
206 0.000000e+00 5.108902e-05
207 0.000000e+00 5.131983e-05
208 0.000000e+00 5.156223e-05
209 0.000000e+00 5.181628e-05
210 0.000000e+00 5.208199e-05
211 0.000000e+00 5.235940e-05
212 0.000000e+00 5.264852e-05
213 0.000000e+00 5.294937e-05
214 0.000000e+00 5.326196e-05
215 0.000000e+00 5.358627e-05
216 0.000000e+00 5.392231e-05
217 0.000000e+00 5.427007e-05
218 0.000000e+00 5.462952e-05
219 0.000000e+00 5.500064e-05
220 0.000000e+00 5.538339e-05
221 0.000000e+00 5.577774e-05
222 0.000000e+00 5.618363e-05
223 0.000000e+00 5.660101e-05
224 0.000000e+00 5.702982e-05
225 0.000000e+00 5.746999e-05
226 0.000000e+00 5.792145e-05
227 0.000000e+00 5.838410e-05
228 0.000000e+00 5.885786e-05
229 0.000000e+00 5.934263e-05
230 0.000000e+00 5.983832e-05
231 0.000000e+00 6.034480e-05
232 0.000000e+00 6.086196e-05
233 0.000000e+00 6.138968e-05
234 0.000000e+00 6.192783e-05
235 0.000000e+00 6.247628e-05
236 0.000000e+00 6.303488e-05
237 0.000000e+00 6.360349e-05
238 0.000000e+00 6.418196e-05
239 0.000000e+00 6.477013e-05
240 0.000000e+00 6.536784e-05
241 0.000000e+00 6.597492e-05
242 0.000000e+00 6.659120e-05
243 0.000000e+00 6.721650e-05
244 0.000000e+00 6.785065e-05
245 0.000000e+00 6.849344e-05
246 0.000000e+00 6.914469e-05
247 0.000000e+00 6.980421e-05
248 0.000000e+00 7.047180e-05
249 0.000000e+00 7.114724e-05
250 0.000000e+00 7.183034e-05
251 0.000000e+00 7.252088e-05
252 0.000000e+00 7.321865e-05
253 0.000000e+00 7.392342e-05
254 0.000000e+00 7.463498e-05
255 0.000000e+00 7.535310e-05
256 0.000000e+00 7.607754e-05
257 0.000000e+00 7.680807e-05
258 0.000000e+00 7.754447e-05
259 0.000000e+00 7.828648e-05
260 0.000000e+00 7.903388e-05
261 0.000000e+00 7.978640e-05
262 0.000000e+00 8.054381e-05
263 0.000000e+00 8.130585e-05
264 0.000000e+00 8.207227e-05
265 0.000000e+00 8.284281e-05
266 0.000000e+00 8.361721e-05
267 0.000000e+00 8.439521e-05
268 0.000000e+00 8.517655e-05
269 0.000000e+00 8.596095e-05
270 0.000000e+00 8.674815e-05
271 0.000000e+00 8.753788e-05
272 0.000000e+00 8.832986e-05
273 0.000000e+00 8.912382e-05
274 0.000000e+00 8.991947e-05
275 0.000000e+00 9.071654e-05
276 0.000000e+00 9.151474e-05
277 0.000000e+00 9.231379e-05
278 0.000000e+00 9.311340e-05
279 0.000000e+00 9.391328e-05
280 0.000000e+00 9.471315e-05
281 0.000000e+00 9.551270e-05
282 0.000000e+00 9.631165e-05
283 0.000000e+00 9.710970e-05
284 0.000000e+00 9.790656e-05
285 0.000000e+00 9.870192e-05
286 0.000000e+00 9.949548e-05
287 0.000000e+00 1.002870e-04
288 0.000000e+00 1.010760e-04
289 0.000000e+00 1.018624e-04
290 0.000000e+00 1.026458e-04
291 0.000000e+00 1.034259e-04
292 0.000000e+00 1.042024e-04
293 0.000000e+00 1.049750e-04
294 0.000000e+00 1.057435e-04
295 0.000000e+00 1.065074e-04
296 0.000000e+00 1.072666e-04
297 0.000000e+00 1.080207e-04
298 0.000000e+00 1.087695e-04
299 0.000000e+00 1.095127e-04
300 1.665639e-14 1.102499e-04
301 1.665639e-14 1.109809e-04
302 1.665639e-14 1.117055e-04
303 1.665639e-14 1.124233e-04
304 1.665639e-14 1.131342e-04
305 1.676596e-14 1.138378e-04
306 1.698510e-14 1.145338e-04
307 1.720424e-14 1.152221e-04
308 1.742337e-14 1.159024e-04
309 1.764251e-14 1.165744e-04
310 1.786165e-14 1.172379e-04
311 1.808079e-14 1.178928e-04
312 1.829992e-14 1.185387e-04
313 1.851906e-14 1.191754e-04
314 1.873820e-14 1.198028e-04
315 1.892405e-14 1.204207e-04
316 1.907661e-14 1.210288e-04
317 1.922917e-14 1.216270e-04
318 1.938173e-14 1.222151e-04
319 1.953429e-14 1.227929e-04
320 1.968685e-14 1.233602e-04
321 1.983941e-14 1.239170e-04
322 1.999197e-14 1.244630e-04
323 2.014453e-14 1.249981e-04
324 2.029709e-14 1.255222e-04
325 2.039480e-14 1.260351e-04
326 2.043767e-14 1.265366e-04
327 2.048054e-14 1.270267e-04
328 2.052342e-14 1.275053e-04
329 2.056629e-14 1.279721e-04
330 2.060916e-14 1.284272e-04
331 2.065203e-14 1.288703e-04
332 2.069490e-14 1.293014e-04
333 2.073777e-14 1.297204e-04
334 2.078064e-14 1.301271e-04
335 2.074359e-14 1.305215e-04
336 2.062661e-14 1.309035e-04
337 2.050963e-14 1.312730e-04
338 2.039266e-14 1.316299e-04
339 2.027568e-14 1.319741e-04
340 2.015870e-14 1.323055e-04
341 2.004173e-14 1.326241e-04
342 1.992475e-14 1.329297e-04
343 1.980777e-14 1.332223e-04
344 1.969080e-14 1.335018e-04
345 1.946850e-14 1.337682e-04
346 1.914089e-14 1.340213e-04
347 1.881328e-14 1.342611e-04
348 1.848567e-14 1.344875e-04
349 1.815805e-14 1.347005e-04
350 1.783044e-14 1.348999e-04
351 1.750283e-14 1.350858e-04
352 1.717522e-14 1.352581e-04
353 1.684761e-14 1.354166e-04
354 1.652000e-14 1.355615e-04
355 1.604230e-14 1.356925e-04
356 1.541452e-14 1.358098e-04
357 1.478674e-14 1.359132e-04
358 1.415896e-14 1.360027e-04
359 1.353118e-14 1.360784e-04
360 1.290340e-14 1.361401e-04
361 1.227562e-14 1.361879e-04
362 1.164784e-14 1.362218e-04
363 1.102006e-14 1.362418e-04
364 1.039228e-14 1.362478e-04
365 9.546122e-15 1.362400e-04
366 8.481575e-15 1.362183e-04
367 7.417029e-15 1.361828e-04
368 6.352483e-15 1.361334e-04
369 5.287936e-15 1.360703e-04
370 4.223390e-15 1.359936e-04
371 3.158844e-15 1.359032e-04
372 2.094297e-15 1.357993e-04
373 1.029751e-15 1.356819e-04
374 -3.479547e-17 1.355512e-04
375 -1.119546e-15 1.354072e-04
376 -2.224502e-15 1.352501e-04
377 -3.329458e-15 1.350800e-04
378 -4.434413e-15 1.348970e-04
379 -5.539369e-15 1.347013e-04
380 -6.644325e-15 1.344929e-04
381 -7.749280e-15 1.342722e-04
382 -8.854236e-15 1.340392e-04
383 -9.959192e-15 1.337941e-04
384 -1.106415e-14 1.335371e-04
385 -1.202879e-14 1.332684e-04
386 -1.285313e-14 1.329882e-04
387 -1.367747e-14 1.326967e-04
388 -1.450181e-14 1.323940e-04
389 -1.532615e-14 1.320804e-04
390 -1.615049e-14 1.317562e-04
391 -1.697483e-14 1.314215e-04
392 -1.779916e-14 1.310765e-04
393 -1.862350e-14 1.307215e-04
394 -1.944784e-14 1.303568e-04
395 -2.011352e-14 1.299825e-04
396 -2.062054e-14 1.295989e-04
397 -2.112756e-14 1.292063e-04
398 -2.163457e-14 1.288049e-04
399 -2.214159e-14 1.283950e-04
400 -2.264861e-14 1.279768e-04
401 -2.315563e-14 1.275505e-04
402 -2.366264e-14 1.271165e-04
403 -2.416966e-14 1.266750e-04
404 -2.467668e-14 1.262262e-04
405 -2.505817e-14 1.257705e-04
406 -2.531414e-14 1.253080e-04
407 -2.557011e-14 1.248391e-04
408 -2.582608e-14 1.243640e-04
409 -2.608205e-14 1.238830e-04
410 -2.633802e-14 1.233964e-04
411 -2.659398e-14 1.229044e-04
412 -2.684995e-14 1.224073e-04
413 -2.710592e-14 1.219054e-04
414 -2.736189e-14 1.213989e-04
415 -2.747225e-14 1.208881e-04
416 -2.743701e-14 1.203734e-04
417 -2.740177e-14 1.198549e-04
418 -2.736653e-14 1.193330e-04
419 -2.733129e-14 1.188079e-04
420 -2.729605e-14 1.182799e-04
421 -2.726081e-14 1.177493e-04
422 -2.722556e-14 1.172164e-04
423 -2.719032e-14 1.166815e-04
424 -2.715508e-14 1.161447e-04
425 -2.698316e-14 1.156065e-04
426 -2.667455e-14 1.150671e-04
427 -2.636595e-14 1.145268e-04
428 -2.605734e-14 1.139858e-04
429 -2.574874e-14 1.134445e-04
430 -2.544013e-14 1.129031e-04
431 -2.513153e-14 1.123619e-04
432 -2.482293e-14 1.118212e-04
433 -2.451432e-14 1.112813e-04
434 -2.420572e-14 1.107425e-04
435 -2.378307e-14 1.102050e-04
436 -2.324638e-14 1.096691e-04
437 -2.270970e-14 1.091352e-04
438 -2.217301e-14 1.086034e-04
439 -2.163633e-14 1.080741e-04
440 -2.109964e-14 1.075476e-04
441 -2.056295e-14 1.070241e-04
442 -2.002627e-14 1.065040e-04
443 -1.948958e-14 1.059875e-04
444 -1.895289e-14 1.054748e-04
445 -1.833974e-14 1.049663e-04
446 -1.765012e-14 1.044623e-04
447 -1.696050e-14 1.039629e-04
448 -1.627088e-14 1.034686e-04
449 -1.558126e-14 1.029795e-04
450 -1.489164e-14 1.024960e-04
451 -1.420202e-14 1.020183e-04
452 -1.351240e-14 1.015466e-04
453 -1.282278e-14 1.010813e-04
454 -1.213316e-14 1.006227e-04
455 -1.140599e-14 1.001709e-04
456 -1.064126e-14 9.972623e-05
457 -9.876523e-15 9.928898e-05
458 -9.111791e-15 9.885940e-05
459 -8.347059e-15 9.843774e-05
460 -7.582327e-15 9.802425e-05
461 -6.817595e-15 9.761919e-05
462 -6.052863e-15 9.722281e-05
463 -5.288131e-15 9.683535e-05
464 -4.523399e-15 9.645706e-05
465 -3.755407e-15 9.608818e-05
466 -2.984155e-15 9.572895e-05
467 -2.212903e-15 9.537960e-05
468 -1.441651e-15 9.504038e-05
469 -6.703986e-16 9.471150e-05
470 1.008534e-16 9.439319e-05
471 8.721054e-16 9.408568e-05
472 1.643357e-15 9.378919e-05
473 2.414609e-15 9.350392e-05
474 3.185861e-15 9.323009e-05
475 3.934423e-15 9.296790e-05
476 4.660295e-15 9.271756e-05
477 5.386167e-15 9.247925e-05
478 6.112039e-15 9.225318e-05
479 6.837911e-15 9.203951e-05
480 7.563783e-15 9.183845e-05
481 8.289655e-15 9.165015e-05
482 9.015527e-15 9.147480e-05
483 9.741399e-15 9.131255e-05
484 1.046727e-14 9.116356e-05
485 1.115541e-14 9.102798e-05
486 1.180583e-14 9.090596e-05
487 1.245624e-14 9.079763e-05
488 1.310665e-14 9.070313e-05
489 1.375706e-14 9.062258e-05
490 1.440748e-14 9.055611e-05
491 1.505789e-14 9.050381e-05
492 1.570830e-14 9.046580e-05
493 1.635872e-14 9.044217e-05
494 1.700913e-14 9.043300e-05
495 1.761812e-14 9.043839e-05
496 1.818570e-14 9.045840e-05
497 1.875327e-14 9.049309e-05
498 1.932085e-14 9.054253e-05
499 1.988842e-14 9.060677e-05
500 2.045600e-14 9.068585e-05
501 2.102357e-14 9.077981e-05
502 2.159115e-14 9.088868e-05
503 2.215872e-14 9.101248e-05
504 2.272630e-14 9.115124e-05
505 2.325492e-14 9.130495e-05
506 2.374459e-14 9.147362e-05
507 2.423426e-14 9.165726e-05
508 2.472394e-14 9.185584e-05
509 2.521361e-14 9.206937e-05
510 2.570328e-14 9.229781e-05
511 2.619295e-14 9.254113e-05
512 2.668262e-14 9.279932e-05
513 2.717229e-14 9.307232e-05
514 2.766196e-14 9.336009e-05
515 2.811799e-14 9.366258e-05
516 2.854038e-14 9.397975e-05
517 2.896276e-14 9.431151e-05
518 2.938515e-14 9.465782e-05
519 2.980754e-14 9.501859e-05
520 3.022992e-14 9.539376e-05
521 3.065231e-14 9.578323e-05
522 3.107470e-14 9.618694e-05
523 3.149708e-14 9.660477e-05
524 3.191947e-14 9.703664e-05
525 3.230968e-14 9.748245e-05
526 3.266773e-14 9.794209e-05
527 3.302577e-14 9.841546e-05
528 3.338382e-14 9.890243e-05
529 3.374186e-14 9.940289e-05
530 3.409990e-14 9.991671e-05
531 3.445795e-14 1.004438e-04
532 3.481599e-14 1.009839e-04
533 3.517404e-14 1.015371e-04
534 3.553208e-14 1.021030e-04
535 3.585692e-14 1.026816e-04
536 3.614857e-14 1.032728e-04
537 3.644021e-14 1.038763e-04
538 3.673185e-14 1.044920e-04
539 3.702349e-14 1.051197e-04
540 3.731513e-14 1.057593e-04
541 3.760678e-14 1.064106e-04
542 3.789842e-14 1.070734e-04
543 3.819006e-14 1.077474e-04
544 3.848170e-14 1.084327e-04
545 3.872899e-14 1.091288e-04
546 3.893191e-14 1.098356e-04
547 3.913484e-14 1.105530e-04
548 3.933777e-14 1.112806e-04
549 3.954070e-14 1.120184e-04
550 3.974362e-14 1.127660e-04
551 3.994655e-14 1.135232e-04
552 4.014948e-14 1.142898e-04
553 4.035241e-14 1.150656e-04
554 4.055533e-14 1.158503e-04
555 4.069844e-14 1.166437e-04
556 4.078174e-14 1.174455e-04
557 4.086503e-14 1.182554e-04
558 4.094832e-14 1.190733e-04
559 4.103162e-14 1.198987e-04
560 4.111491e-14 1.207315e-04
561 4.119820e-14 1.215714e-04
562 4.128150e-14 1.224181e-04
563 4.136479e-14 1.232713e-04
564 4.144808e-14 1.241308e-04
565 4.144583e-14 1.249961e-04
566 4.135803e-14 1.258672e-04
567 4.127024e-14 1.267435e-04
568 4.118244e-14 1.276250e-04
569 4.109464e-14 1.285111e-04
570 4.100684e-14 1.294017e-04
571 4.091904e-14 1.302964e-04
572 4.083125e-14 1.311950e-04
573 4.074345e-14 1.320970e-04
574 4.065565e-14 1.330022e-04
575 4.045764e-14 1.339103e-04
576 4.014941e-14 1.348209e-04
577 3.984118e-14 1.357337e-04
578 3.953295e-14 1.366485e-04
579 3.922472e-14 1.375648e-04
580 3.891649e-14 1.384823e-04
581 3.860826e-14 1.394008e-04
582 3.830003e-14 1.403198e-04
583 3.799180e-14 1.412391e-04
584 3.768357e-14 1.421583e-04
585 3.724198e-14 1.430771e-04
586 3.666703e-14 1.439952e-04
587 3.609208e-14 1.449122e-04
588 3.551713e-14 1.458277e-04
589 3.494218e-14 1.467415e-04
590 3.436724e-14 1.476533e-04
591 3.379229e-14 1.485626e-04
592 3.321734e-14 1.494691e-04
593 3.264239e-14 1.503726e-04
594 3.206744e-14 1.512727e-04
595 3.134259e-14 1.521690e-04
596 3.046782e-14 1.530612e-04
597 2.959305e-14 1.539490e-04
598 2.871828e-14 1.548321e-04
599 2.784351e-14 1.557101e-04
600 2.696874e-14 1.565827e-04
601 2.609397e-14 1.574496e-04
602 2.521920e-14 1.583104e-04
603 2.434443e-14 1.591649e-04
604 2.346966e-14 1.600127e-04
605 2.244579e-14 1.608535e-04
606 2.127281e-14 1.616869e-04
607 2.009984e-14 1.625128e-04
608 1.892686e-14 1.633307e-04
609 1.775388e-14 1.641403e-04
610 1.658091e-14 1.649414e-04
611 1.540793e-14 1.657336e-04
612 1.423495e-14 1.665167e-04
613 1.306198e-14 1.672904e-04
614 1.188900e-14 1.680543e-04
615 1.058737e-14 1.688081e-04
616 9.157081e-15 1.695517e-04
617 7.726795e-15 1.702847e-04
618 6.296508e-15 1.710068e-04
619 4.866222e-15 1.717177e-04
620 3.435936e-15 1.724172e-04
621 2.005649e-15 1.731051e-04
622 5.753632e-16 1.737810e-04
623 -8.549231e-16 1.744448e-04
624 -2.285209e-15 1.750961e-04
625 -3.798941e-15 1.757347e-04
626 -5.396117e-15 1.763604e-04
627 -6.993294e-15 1.769729e-04
628 -8.590470e-15 1.775720e-04
629 -1.018765e-14 1.781575e-04
630 -1.178482e-14 1.787292e-04
631 -1.338200e-14 1.792869e-04
632 -1.497918e-14 1.798303e-04
633 -1.657635e-14 1.803592e-04
634 -1.817353e-14 1.808736e-04
635 -1.978926e-14 1.813730e-04
636 -2.142355e-14 1.818575e-04
637 -2.305784e-14 1.823268e-04
638 -2.469213e-14 1.827808e-04
639 -2.632641e-14 1.832192e-04
640 -2.796070e-14 1.836420e-04
641 -2.959499e-14 1.840489e-04
642 -3.122928e-14 1.844399e-04
643 -3.286357e-14 1.848149e-04
644 -3.449785e-14 1.851736e-04
645 -3.607030e-14 1.855160e-04
646 -3.758090e-14 1.858420e-04
647 -3.909151e-14 1.861515e-04
648 -4.060211e-14 1.864444e-04
649 -4.211271e-14 1.867205e-04
650 -4.362332e-14 1.869799e-04
651 -4.513392e-14 1.872225e-04
652 -4.664452e-14 1.874482e-04
653 -4.815513e-14 1.876569e-04
654 -4.966573e-14 1.878487e-04
655 -5.103074e-14 1.880234e-04
656 -5.225014e-14 1.881812e-04
657 -5.346955e-14 1.883219e-04
658 -5.468896e-14 1.884455e-04
659 -5.590837e-14 1.885521e-04
660 -5.712778e-14 1.886417e-04
661 -5.834718e-14 1.887143e-04
662 -5.956659e-14 1.887700e-04
663 -6.078600e-14 1.888087e-04
664 -6.200541e-14 1.888305e-04
665 -6.300571e-14 1.888355e-04
666 -6.378692e-14 1.888238e-04
667 -6.456812e-14 1.887953e-04
668 -6.534933e-14 1.887502e-04
669 -6.613054e-14 1.886886e-04
670 -6.691174e-14 1.886106e-04
671 -6.769295e-14 1.885162e-04
672 -6.847415e-14 1.884056e-04
673 -6.925536e-14 1.882788e-04
674 -7.003656e-14 1.881361e-04
675 -7.054948e-14 1.879774e-04
676 -7.079410e-14 1.878031e-04
677 -7.103873e-14 1.876131e-04
678 -7.128336e-14 1.874076e-04
679 -7.152798e-14 1.871869e-04
680 -7.177261e-14 1.869510e-04
681 -7.201723e-14 1.867001e-04
682 -7.226186e-14 1.864343e-04
683 -7.250648e-14 1.861540e-04
684 -7.275111e-14 1.858592e-04
685 -7.271260e-14 1.855500e-04
686 -7.239096e-14 1.852268e-04
687 -7.206932e-14 1.848898e-04
688 -7.174768e-14 1.845390e-04
689 -7.142605e-14 1.841747e-04
690 -7.110441e-14 1.837972e-04
691 -7.078277e-14 1.834066e-04
692 -7.046113e-14 1.830032e-04
693 -7.013949e-14 1.825871e-04
694 -6.981786e-14 1.821587e-04
695 -6.922527e-14 1.817181e-04
696 -6.836173e-14 1.812656e-04
697 -6.749818e-14 1.808015e-04
698 -6.663464e-14 1.803259e-04
699 -6.577110e-14 1.798391e-04
700 -6.490756e-14 1.793415e-04
701 -6.404402e-14 1.788331e-04
702 -6.318048e-14 1.783144e-04
703 -6.231694e-14 1.777855e-04
704 -6.145340e-14 1.772467e-04
705 -6.036797e-14 1.766983e-04
706 -5.906066e-14 1.761406e-04
707 -5.775335e-14 1.755739e-04
708 -5.644603e-14 1.749983e-04
709 -5.513872e-14 1.744143e-04
710 -5.383141e-14 1.738220e-04
711 -5.252409e-14 1.732218e-04
712 -5.121678e-14 1.726139e-04
713 -4.990947e-14 1.719987e-04
714 -4.860215e-14 1.713764e-04
715 -4.713444e-14 1.707474e-04
716 -4.550633e-14 1.701119e-04
717 -4.387822e-14 1.694701e-04
718 -4.225010e-14 1.688226e-04
719 -4.062199e-14 1.681694e-04
720 -3.899388e-14 1.675109e-04
721 -3.736577e-14 1.668475e-04
722 -3.573765e-14 1.661793e-04
723 -3.410954e-14 1.655069e-04
724 -3.248143e-14 1.648303e-04
725 -3.075858e-14 1.641499e-04
726 -2.894100e-14 1.634662e-04
727 -2.712341e-14 1.627792e-04
728 -2.530583e-14 1.620894e-04
729 -2.348824e-14 1.613971e-04
730 -2.167066e-14 1.607025e-04
731 -1.985308e-14 1.600060e-04
732 -1.803549e-14 1.593079e-04
733 -1.621791e-14 1.586084e-04
734 -1.440032e-14 1.579080e-04
735 -1.255010e-14 1.572068e-04
736 -1.066723e-14 1.565053e-04
737 -8.784369e-15 1.558036e-04
738 -6.901505e-15 1.551021e-04
739 -5.018640e-15 1.544012e-04
740 -3.135775e-15 1.537011e-04
741 -1.252911e-15 1.530020e-04
742 6.299541e-16 1.523044e-04
743 2.512819e-15 1.516085e-04
744 4.395684e-15 1.509145e-04
745 6.260562e-15 1.502229e-04
746 8.107454e-15 1.495338e-04
747 9.954347e-15 1.488477e-04
748 1.180124e-14 1.481646e-04
749 1.364813e-14 1.474850e-04
750 1.549502e-14 1.468092e-04
751 1.734192e-14 1.461373e-04
752 1.918881e-14 1.454697e-04
753 2.103570e-14 1.448067e-04
754 2.288259e-14 1.441485e-04
755 2.468508e-14 1.434954e-04
756 2.644316e-14 1.428476e-04
757 2.820124e-14 1.422055e-04
758 2.995932e-14 1.415693e-04
759 3.171741e-14 1.409392e-04
760 3.347549e-14 1.403155e-04
761 3.523357e-14 1.396985e-04
762 3.699165e-14 1.390883e-04
763 3.874973e-14 1.384854e-04
764 4.050781e-14 1.378897e-04
765 4.221004e-14 1.373018e-04
766 4.385642e-14 1.367216e-04
767 4.550279e-14 1.361496e-04
768 4.714917e-14 1.355859e-04
769 4.879554e-14 1.350307e-04
770 5.044192e-14 1.344843e-04
771 5.208829e-14 1.339468e-04
772 5.373466e-14 1.334186e-04
773 5.538104e-14 1.328998e-04
774 5.702741e-14 1.323905e-04
775 5.862630e-14 1.318911e-04
776 6.017770e-14 1.314017e-04
777 6.172910e-14 1.309225e-04
778 6.328050e-14 1.304537e-04
779 6.483190e-14 1.299955e-04
780 6.638330e-14 1.295481e-04
781 6.793471e-14 1.291116e-04
782 6.948611e-14 1.286862e-04
783 7.103751e-14 1.282722e-04
784 7.258891e-14 1.278696e-04
785 7.411051e-14 1.274786e-04
786 7.560230e-14 1.270994e-04
787 7.709410e-14 1.267322e-04
788 7.858590e-14 1.263770e-04
789 8.007770e-14 1.260341e-04
790 8.156949e-14 1.257035e-04
791 8.306129e-14 1.253855e-04
792 8.455309e-14 1.250801e-04
793 8.604489e-14 1.247875e-04
794 8.753668e-14 1.245078e-04
795 8.902485e-14 1.242411e-04
796 9.050938e-14 1.239875e-04
797 9.199392e-14 1.237471e-04
798 9.347845e-14 1.235202e-04
799 9.496298e-14 1.233066e-04
800 9.644752e-14 1.231066e-04
801 9.793205e-14 1.229202e-04
802 9.941658e-14 1.227476e-04
803 1.009011e-13 1.225887e-04
804 1.023857e-13 1.224437e-04
805 1.038909e-13 1.223126e-04
806 1.054170e-13 1.221956e-04
807 1.069430e-13 1.220926e-04
808 1.084690e-13 1.220037e-04
809 1.099951e-13 1.219290e-04
810 1.115211e-13 1.218685e-04
811 1.130471e-13 1.218222e-04
812 1.145732e-13 1.217903e-04
813 1.160992e-13 1.217726e-04
814 1.176252e-13 1.217693e-04
815 1.191966e-13 1.217803e-04
816 1.208133e-13 1.218057e-04
817 1.224300e-13 1.218455e-04
818 1.240467e-13 1.218996e-04
819 1.256633e-13 1.219681e-04
820 1.272800e-13 1.220510e-04
821 1.288967e-13 1.221481e-04
822 1.305134e-13 1.222596e-04
823 1.321301e-13 1.223854e-04
824 1.337468e-13 1.225254e-04
825 1.354244e-13 1.226796e-04
826 1.371630e-13 1.228480e-04
827 1.389016e-13 1.230305e-04
828 1.406401e-13 1.232271e-04
829 1.423787e-13 1.234376e-04
830 1.441173e-13 1.236620e-04
831 1.458559e-13 1.239003e-04
832 1.475944e-13 1.241523e-04
833 1.493330e-13 1.244180e-04
834 1.510716e-13 1.246973e-04
835 1.528735e-13 1.249900e-04
836 1.547389e-13 1.252961e-04
837 1.566042e-13 1.256154e-04
838 1.584696e-13 1.259478e-04
839 1.603349e-13 1.262932e-04
840 1.622003e-13 1.266515e-04
841 1.640656e-13 1.270225e-04
842 1.659309e-13 1.274060e-04
843 1.677963e-13 1.278020e-04
844 1.696616e-13 1.282102e-04
845 1.715702e-13 1.286304e-04
846 1.735219e-13 1.290626e-04
847 1.754737e-13 1.295065e-04
848 1.774254e-13 1.299619e-04
849 1.793772e-13 1.304287e-04
850 1.813290e-13 1.309065e-04
851 1.832807e-13 1.313953e-04
852 1.852325e-13 1.318948e-04
853 1.871842e-13 1.324048e-04
854 1.891360e-13 1.329250e-04
855 1.910946e-13 1.334552e-04
856 1.930601e-13 1.339951e-04
857 1.950256e-13 1.345446e-04
858 1.969912e-13 1.351033e-04
859 1.989567e-13 1.356710e-04
860 2.009222e-13 1.362474e-04
861 2.028877e-13 1.368322e-04
862 2.048532e-13 1.374251e-04
863 2.068187e-13 1.380259e-04
864 2.087842e-13 1.386343e-04
865 2.106815e-13 1.392499e-04
866 2.125106e-13 1.398725e-04
867 2.143397e-13 1.405017e-04
868 2.161688e-13 1.411373e-04
869 2.179979e-13 1.417789e-04
870 2.198270e-13 1.424261e-04
871 2.216561e-13 1.430788e-04
872 2.234852e-13 1.437364e-04
873 2.253143e-13 1.443988e-04
874 2.271434e-13 1.450655e-04
875 2.287927e-13 1.457362e-04
876 2.302621e-13 1.464106e-04
877 2.317315e-13 1.470884e-04
878 2.332009e-13 1.477691e-04
879 2.346703e-13 1.484525e-04
880 2.361397e-13 1.491381e-04
881 2.376092e-13 1.498256e-04
882 2.390786e-13 1.505147e-04
883 2.405480e-13 1.512050e-04
884 2.420174e-13 1.518961e-04
885 2.431537e-13 1.525877e-04
886 2.439570e-13 1.532794e-04
887 2.447602e-13 1.539709e-04
888 2.455635e-13 1.546617e-04
889 2.463667e-13 1.553515e-04
890 2.471700e-13 1.560399e-04
891 2.479732e-13 1.567267e-04
892 2.487764e-13 1.574113e-04
893 2.495797e-13 1.580934e-04
894 2.503829e-13 1.587727e-04
895 2.506684e-13 1.594488e-04
896 2.504361e-13 1.601214e-04
897 2.502038e-13 1.607900e-04
898 2.499715e-13 1.614543e-04
899 2.497392e-13 1.621139e-04
900 2.495069e-13 1.627685e-04
901 2.492746e-13 1.634178e-04
902 2.490423e-13 1.640612e-04
903 2.488100e-13 1.646986e-04
904 2.485777e-13 1.653295e-04
905 2.476511e-13 1.659536e-04
906 2.460302e-13 1.665705e-04
907 2.444092e-13 1.671800e-04
908 2.427883e-13 1.677815e-04
909 2.411674e-13 1.683749e-04
910 2.395465e-13 1.689597e-04
911 2.379256e-13 1.695357e-04
912 2.363046e-13 1.701025e-04
913 2.346837e-13 1.706597e-04
914 2.330628e-13 1.712071e-04
915 2.305712e-13 1.717443e-04
916 2.272089e-13 1.722711e-04
917 2.238466e-13 1.727870e-04
918 2.204843e-13 1.732919e-04
919 2.171220e-13 1.737853e-04
920 2.137597e-13 1.742671e-04
921 2.103974e-13 1.747369e-04
922 2.070351e-13 1.751944e-04
923 2.036728e-13 1.756393e-04
924 2.003106e-13 1.760715e-04
925 1.959890e-13 1.764905e-04
926 1.907082e-13 1.768962e-04
927 1.854275e-13 1.772883e-04
928 1.801467e-13 1.776666e-04
929 1.748659e-13 1.780308e-04
930 1.695852e-13 1.783806e-04
931 1.643044e-13 1.787159e-04
932 1.590236e-13 1.790364e-04
933 1.537428e-13 1.793420e-04
934 1.484621e-13 1.796324e-04
935 1.422318e-13 1.799074e-04
936 1.350520e-13 1.801669e-04
937 1.278722e-13 1.804106e-04
938 1.206924e-13 1.806384e-04
939 1.135126e-13 1.808501e-04
940 1.063328e-13 1.810456e-04
941 9.915299e-14 1.812247e-04
942 9.197320e-14 1.813873e-04
943 8.479340e-14 1.815333e-04
944 7.761360e-14 1.816626e-04
945 6.962632e-14 1.817750e-04
946 6.083155e-14 1.818704e-04
947 5.203678e-14 1.819489e-04
948 4.324201e-14 1.820102e-04
949 3.444723e-14 1.820544e-04
950 2.565246e-14 1.820813e-04
951 1.685769e-14 1.820910e-04
952 8.062923e-15 1.820833e-04
953 -7.318472e-16 1.820584e-04
954 -9.526618e-15 1.820161e-04
955 -1.882937e-14 1.819566e-04
956 -2.864011e-14 1.818797e-04
957 -3.845084e-14 1.817855e-04
958 -4.826158e-14 1.816741e-04
959 -5.807231e-14 1.815455e-04
960 -6.788305e-14 1.813997e-04
961 -7.769379e-14 1.812369e-04
962 -8.750452e-14 1.810571e-04
963 -9.731526e-14 1.808603e-04
964 -1.071260e-13 1.806467e-04
965 -1.170099e-13 1.804165e-04
966 -1.269671e-13 1.801696e-04
967 -1.369242e-13 1.799063e-04
968 -1.468813e-13 1.796266e-04
969 -1.568385e-13 1.793308e-04
970 -1.667956e-13 1.790188e-04
971 -1.767527e-13 1.786910e-04
972 -1.867099e-13 1.783475e-04
973 -1.966670e-13 1.779885e-04
974 -2.066242e-13 1.776141e-04
975 -2.161531e-13 1.772245e-04
976 -2.252540e-13 1.768199e-04
977 -2.343548e-13 1.764005e-04
978 -2.434557e-13 1.759667e-04
979 -2.525565e-13 1.755184e-04
980 -2.616573e-13 1.750561e-04
981 -2.707582e-13 1.745798e-04
982 -2.798590e-13 1.740899e-04
983 -2.889598e-13 1.735866e-04
984 -2.980607e-13 1.730702e-04
985 -3.062070e-13 1.725409e-04
986 -3.133988e-13 1.719989e-04
987 -3.205906e-13 1.714445e-04
988 -3.277824e-13 1.708781e-04
989 -3.349743e-13 1.702998e-04
990 -3.421661e-13 1.697100e-04
991 -3.493579e-13 1.691089e-04
992 -3.565497e-13 1.684969e-04
993 -3.637415e-13 1.678741e-04
994 -3.709333e-13 1.672410e-04
995 -3.767265e-13 1.665979e-04
996 -3.811209e-13 1.659449e-04
997 -3.855153e-13 1.652825e-04
998 -3.899097e-13 1.646109e-04
999 -3.943041e-13 1.639305e-04
1000 -3.986985e-13 1.632416e-04
1001 -4.030929e-13 1.625445e-04
1002 -4.074873e-13 1.618395e-04
1003 -4.118817e-13 1.611270e-04
1004 -4.162761e-13 1.604072e-04
1005 -4.190360e-13 1.596805e-04
1006 -4.201614e-13 1.589473e-04
1007 -4.212868e-13 1.582078e-04
1008 -4.224122e-13 1.574625e-04
1009 -4.235377e-13 1.567115e-04
1010 -4.246631e-13 1.559554e-04
1011 -4.257885e-13 1.551943e-04
1012 -4.269139e-13 1.544287e-04
1013 -4.280393e-13 1.536589e-04
1014 -4.291647e-13 1.528852e-04
1015 -4.285757e-13 1.521079e-04
1016 -4.262722e-13 1.513274e-04
1017 -4.239687e-13 1.505441e-04
1018 -4.216653e-13 1.497582e-04
1019 -4.193618e-13 1.489701e-04
1020 -4.170584e-13 1.481802e-04
1021 -4.147549e-13 1.473887e-04
1022 -4.124514e-13 1.465961e-04
1023 -4.101480e-13 1.458025e-04
1024 -4.078445e-13 1.450084e-04
1025 -4.039751e-13 1.442141e-04
1026 -3.985398e-13 1.434199e-04
1027 -3.931045e-13 1.426262e-04
1028 -3.876692e-13 1.418332e-04
1029 -3.822339e-13 1.410412e-04
1030 -3.767986e-13 1.402507e-04
1031 -3.713633e-13 1.394618e-04
1032 -3.659280e-13 1.386750e-04
1033 -3.604927e-13 1.378904e-04
1034 -3.550574e-13 1.371085e-04
1035 -3.483751e-13 1.363295e-04
1036 -3.404458e-13 1.355537e-04
1037 -3.325165e-13 1.347813e-04
1038 -3.245872e-13 1.340128e-04
1039 -3.166579e-13 1.332483e-04
1040 -3.087287e-13 1.324881e-04
1041 -3.007994e-13 1.317325e-04
1042 -2.928701e-13 1.309818e-04
1043 -2.849408e-13 1.302363e-04
1044 -2.770115e-13 1.294961e-04
1045 -2.682265e-13 1.287615e-04
1046 -2.585860e-13 1.280329e-04
1047 -2.489455e-13 1.273103e-04
1048 -2.393049e-13 1.265941e-04
1049 -2.296644e-13 1.258844e-04
1050 -2.200238e-13 1.251815e-04
1051 -2.103833e-13 1.244857e-04
1052 -2.007427e-13 1.237970e-04
1053 -1.911022e-13 1.231157e-04
1054 -1.814617e-13 1.224420e-04
1055 -1.713957e-13 1.217761e-04
1056 -1.609042e-13 1.211182e-04
1057 -1.504128e-13 1.204683e-04
1058 -1.399213e-13 1.198267e-04
1059 -1.294299e-13 1.191936e-04
1060 -1.189385e-13 1.185690e-04
1061 -1.084470e-13 1.179532e-04
1062 -9.795557e-14 1.173462e-04
1063 -8.746412e-14 1.167481e-04
1064 -7.697268e-14 1.161592e-04
1065 -6.642225e-14 1.155795e-04
1066 -5.581282e-14 1.150091e-04
1067 -4.520339e-14 1.144481e-04
1068 -3.459395e-14 1.138966e-04
1069 -2.398452e-14 1.133548e-04
1070 -1.337509e-14 1.128226e-04
1071 -2.765664e-15 1.123002e-04
1072 7.843766e-15 1.117876e-04
1073 1.845320e-14 1.112850e-04
1074 2.906263e-14 1.107923e-04
1075 3.944212e-14 1.103096e-04
1076 4.959168e-14 1.098369e-04
1077 5.974125e-14 1.093744e-04
1078 6.989081e-14 1.089221e-04
1079 8.004037e-14 1.084799e-04
1080 9.018993e-14 1.080479e-04
1081 1.003395e-13 1.076262e-04
1082 1.104891e-13 1.072147e-04
1083 1.206386e-13 1.068134e-04
1084 1.307882e-13 1.064224e-04
1085 1.405283e-13 1.060417e-04
1086 1.498590e-13 1.056713e-04
1087 1.591896e-13 1.053111e-04
1088 1.685203e-13 1.049612e-04
1089 1.778509e-13 1.046215e-04
1090 1.871816e-13 1.042921e-04
1091 1.965122e-13 1.039728e-04
1092 2.058429e-13 1.036637e-04
1093 2.151736e-13 1.033648e-04
1094 2.245042e-13 1.030759e-04
1095 2.333409e-13 1.027971e-04
1096 2.416835e-13 1.025283e-04
1097 2.500262e-13 1.022695e-04
1098 2.583689e-13 1.020206e-04
1099 2.667116e-13 1.017816e-04
1100 2.750542e-13 1.015523e-04
1101 2.833969e-13 1.013329e-04
1102 2.917396e-13 1.011231e-04
1103 3.000822e-13 1.009229e-04
1104 3.084249e-13 1.007322e-04
1105 3.162780e-13 1.005511e-04
1106 3.236416e-13 1.003793e-04
1107 3.310052e-13 1.002168e-04
1108 3.383688e-13 1.000636e-04
1109 3.457324e-13 9.991950e-05
1110 3.530960e-13 9.978447e-05
1111 3.604596e-13 9.965840e-05
1112 3.678232e-13 9.954121e-05
1113 3.751867e-13 9.943280e-05
1114 3.825503e-13 9.933307e-05
1115 3.894759e-13 9.924193e-05
1116 3.959634e-13 9.915927e-05
1117 4.024509e-13 9.908498e-05
1118 4.089385e-13 9.901897e-05
1119 4.154260e-13 9.896112e-05
1120 4.219135e-13 9.891133e-05
1121 4.284010e-13 9.886949e-05
1122 4.348886e-13 9.883548e-05
1123 4.413761e-13 9.880918e-05
1124 4.478636e-13 9.879050e-05
1125 4.539358e-13 9.877929e-05
1126 4.595926e-13 9.877546e-05
1127 4.652495e-13 9.877888e-05
1128 4.709063e-13 9.878943e-05
1129 4.765631e-13 9.880699e-05
1130 4.822200e-13 9.883143e-05
1131 4.878768e-13 9.886264e-05
1132 4.935336e-13 9.890049e-05
1133 4.991905e-13 9.894486e-05
1134 5.048473e-13 9.899562e-05
1135 5.101281e-13 9.905265e-05
1136 5.150329e-13 9.911581e-05
1137 5.199376e-13 9.918500e-05
1138 5.248424e-13 9.926007e-05
1139 5.297472e-13 9.934091e-05
1140 5.346519e-13 9.942738e-05
1141 5.395567e-13 9.951936e-05
1142 5.444615e-13 9.961673e-05
1143 5.493662e-13 9.971935e-05
1144 5.542710e-13 9.982711e-05
1145 5.587306e-13 9.993987e-05
1146 5.627450e-13 1.000575e-04
1147 5.667594e-13 1.001799e-04
1148 5.707739e-13 1.003070e-04
1149 5.747883e-13 1.004385e-04
1150 5.788027e-13 1.005744e-04
1151 5.828172e-13 1.007146e-04
1152 5.868316e-13 1.008590e-04
1153 5.908460e-13 1.010074e-04
1154 5.948605e-13 1.011597e-04
1155 5.983526e-13 1.013158e-04
1156 6.013224e-13 1.014755e-04
1157 6.042922e-13 1.016388e-04
1158 6.072620e-13 1.018056e-04
1159 6.102318e-13 1.019757e-04
1160 6.132017e-13 1.021490e-04
1161 6.161715e-13 1.023255e-04
1162 6.191413e-13 1.025049e-04
1163 6.221111e-13 1.026873e-04
1164 6.250809e-13 1.028724e-04
1165 6.273500e-13 1.030603e-04
1166 6.289182e-13 1.032507e-04
1167 6.304865e-13 1.034435e-04
1168 6.320548e-13 1.036388e-04
1169 6.336231e-13 1.038363e-04
1170 6.351914e-13 1.040360e-04
1171 6.367597e-13 1.042378e-04
1172 6.383279e-13 1.044415e-04
1173 6.398962e-13 1.046471e-04
1174 6.414645e-13 1.048545e-04
1175 6.421001e-13 1.050636e-04
1176 6.418029e-13 1.052742e-04
1177 6.415057e-13 1.054864e-04
1178 6.412085e-13 1.057000e-04
1179 6.409113e-13 1.059148e-04
1180 6.406142e-13 1.061309e-04
1181 6.403170e-13 1.063482e-04
1182 6.400198e-13 1.065665e-04
1183 6.397226e-13 1.067857e-04
1184 6.394255e-13 1.070058e-04
1185 6.379042e-13 1.072267e-04
1186 6.351590e-13 1.074483e-04
1187 6.324137e-13 1.076705e-04
1188 6.296685e-13 1.078933e-04
1189 6.269232e-13 1.081165e-04
1190 6.241780e-13 1.083401e-04
1191 6.214327e-13 1.085640e-04
1192 6.186875e-13 1.087881e-04
1193 6.159422e-13 1.090124e-04
1194 6.131970e-13 1.092367e-04
1195 6.089476e-13 1.094611e-04
1196 6.031942e-13 1.096853e-04
1197 5.974408e-13 1.099094e-04
1198 5.916874e-13 1.101332e-04
1199 5.859340e-13 1.103568e-04
1200 5.801806e-13 1.105800e-04
1201 5.744272e-13 1.108027e-04
1202 5.686737e-13 1.110250e-04
1203 5.629203e-13 1.112466e-04
1204 5.571669e-13 1.114676e-04
1205 5.496734e-13 1.116879e-04
1206 5.404399e-13 1.119075e-04
1207 5.312063e-13 1.121262e-04
1208 5.219728e-13 1.123440e-04
1209 5.127392e-13 1.125608e-04
1210 5.035057e-13 1.127766e-04
1211 4.942722e-13 1.129913e-04
1212 4.850386e-13 1.132049e-04
1213 4.758051e-13 1.134173e-04
1214 4.665715e-13 1.136284e-04
1215 4.555005e-13 1.138382e-04
1216 4.425920e-13 1.140466e-04
1217 4.296835e-13 1.142536e-04
1218 4.167750e-13 1.144591e-04
1219 4.038665e-13 1.146631e-04
1220 3.909580e-13 1.148654e-04
1221 3.780495e-13 1.150662e-04
1222 3.651410e-13 1.152652e-04
1223 3.522325e-13 1.154625e-04
1224 3.393240e-13 1.156580e-04
1225 3.246437e-13 1.158517e-04
1226 3.081916e-13 1.160434e-04
1227 2.917395e-13 1.162333e-04
1228 2.752875e-13 1.164211e-04
1229 2.588354e-13 1.166069e-04
1230 2.423833e-13 1.167907e-04
1231 2.259313e-13 1.169723e-04
1232 2.094792e-13 1.171518e-04
1233 1.930271e-13 1.173291e-04
1234 1.765750e-13 1.175041e-04
1235 1.586691e-13 1.176768e-04
1236 1.393093e-13 1.178473e-04
1237 1.199495e-13 1.180153e-04
1238 1.005897e-13 1.181810e-04
1239 8.122994e-14 1.183442e-04
1240 6.187014e-14 1.185050e-04
1241 4.251035e-14 1.186632e-04
1242 2.315056e-14 1.188189e-04
1243 3.790770e-15 1.189720e-04
1244 -1.556902e-14 1.191225e-04
1245 -3.583870e-14 1.192704e-04
1246 -5.701825e-14 1.194156e-04
1247 -7.819781e-14 1.195580e-04
1248 -9.937737e-14 1.196977e-04
1249 -1.205569e-13 1.198347e-04
1250 -1.417365e-13 1.199689e-04
1251 -1.629160e-13 1.201002e-04
1252 -1.840956e-13 1.202286e-04
1253 -2.052752e-13 1.203542e-04
1254 -2.264547e-13 1.204769e-04
1255 -2.477651e-13 1.205966e-04
1256 -2.692064e-13 1.207134e-04
1257 -2.906477e-13 1.208272e-04
1258 -3.120889e-13 1.209380e-04
1259 -3.335302e-13 1.210457e-04
1260 -3.549715e-13 1.211504e-04
1261 -3.764128e-13 1.212520e-04
1262 -3.978540e-13 1.213505e-04
1263 -4.192953e-13 1.214459e-04
1264 -4.407366e-13 1.215382e-04
1265 -4.613894e-13 1.216273e-04
1266 -4.812537e-13 1.217132e-04
1267 -5.011180e-13 1.217959e-04
1268 -5.209823e-13 1.218754e-04
1269 -5.408466e-13 1.219517e-04
1270 -5.607110e-13 1.220248e-04
1271 -5.805753e-13 1.220945e-04
1272 -6.004396e-13 1.221610e-04
1273 -6.203039e-13 1.222243e-04
1274 -6.401682e-13 1.222842e-04
1275 -6.582798e-13 1.223408e-04
1276 -6.746385e-13 1.223940e-04
1277 -6.909973e-13 1.224440e-04
1278 -7.073561e-13 1.224906e-04
1279 -7.237149e-13 1.225338e-04
1280 -7.400737e-13 1.225736e-04
1281 -7.564324e-13 1.226101e-04
1282 -7.727912e-13 1.226432e-04
1283 -7.891500e-13 1.226729e-04
1284 -8.055088e-13 1.226992e-04
1285 -8.192902e-13 1.227220e-04
1286 -8.304942e-13 1.227415e-04
1287 -8.416983e-13 1.227575e-04
1288 -8.529024e-13 1.227701e-04
1289 -8.641064e-13 1.227793e-04
1290 -8.753105e-13 1.227850e-04
1291 -8.865145e-13 1.227873e-04
1292 -8.977186e-13 1.227861e-04
1293 -9.089226e-13 1.227815e-04
1294 -9.201267e-13 1.227734e-04
1295 -9.281469e-13 1.227619e-04
1296 -9.329832e-13 1.227469e-04
1297 -9.378195e-13 1.227285e-04
1298 -9.426558e-13 1.227066e-04
1299 -9.474921e-13 1.226812e-04
1300 -9.523284e-13 1.226524e-04
1301 -9.571646e-13 1.226202e-04
1302 -9.620009e-13 1.225845e-04
1303 -9.668372e-13 1.225453e-04
1304 -9.716735e-13 1.225027e-04
1305 -9.730223e-13 1.224567e-04
1306 -9.708836e-13 1.224072e-04
1307 -9.687448e-13 1.223543e-04
1308 -9.666061e-13 1.222979e-04
1309 -9.644673e-13 1.222381e-04
1310 -9.623286e-13 1.221749e-04
1311 -9.601898e-13 1.221083e-04
1312 -9.580511e-13 1.220383e-04
1313 -9.559123e-13 1.219649e-04
1314 -9.537736e-13 1.218880e-04
1315 -9.482871e-13 1.218078e-04
1316 -9.394529e-13 1.217242e-04
1317 -9.306188e-13 1.216373e-04
1318 -9.217846e-13 1.215470e-04
1319 -9.129504e-13 1.214533e-04
1320 -9.041162e-13 1.213563e-04
1321 -8.952820e-13 1.212559e-04
1322 -8.864478e-13 1.211523e-04
1323 -8.776137e-13 1.210453e-04
1324 -8.687795e-13 1.209350e-04
1325 -8.569718e-13 1.208214e-04
1326 -8.421905e-13 1.207046e-04
1327 -8.274093e-13 1.205845e-04
1328 -8.126281e-13 1.204611e-04
1329 -7.978468e-13 1.203345e-04
1330 -7.830656e-13 1.202047e-04
1331 -7.682844e-13 1.200716e-04
1332 -7.535032e-13 1.199354e-04
1333 -7.387219e-13 1.197960e-04
1334 -7.239407e-13 1.196534e-04
1335 -7.068584e-13 1.195077e-04
1336 -6.874752e-13 1.193588e-04
1337 -6.680919e-13 1.192068e-04
1338 -6.487086e-13 1.190517e-04
1339 -6.293254e-13 1.188935e-04
1340 -6.099421e-13 1.187323e-04
1341 -5.905588e-13 1.185679e-04
1342 -5.711756e-13 1.184006e-04
1343 -5.517923e-13 1.182302e-04
1344 -5.324090e-13 1.180569e-04
1345 -5.114841e-13 1.178805e-04
1346 -4.890175e-13 1.177012e-04
1347 -4.665509e-13 1.175190e-04
1348 -4.440843e-13 1.173338e-04
1349 -4.216178e-13 1.171457e-04
1350 -3.991512e-13 1.169547e-04
1351 -3.766846e-13 1.167609e-04
1352 -3.542180e-13 1.165642e-04
1353 -3.317514e-13 1.163647e-04
1354 -3.092848e-13 1.161624e-04
1355 -2.860375e-13 1.159573e-04
1356 -2.620094e-13 1.157495e-04
1357 -2.379813e-13 1.155389e-04
1358 -2.139532e-13 1.153256e-04
1359 -1.899251e-13 1.151095e-04
1360 -1.658970e-13 1.148909e-04
1361 -1.418689e-13 1.146695e-04
1362 -1.178408e-13 1.144456e-04
1363 -9.381272e-14 1.142190e-04
1364 -6.978463e-14 1.139899e-04
1365 -4.562781e-14 1.137581e-04
1366 -2.134228e-14 1.135239e-04
1367 2.943254e-15 1.132871e-04
1368 2.722879e-14 1.130479e-04
1369 5.151432e-14 1.128062e-04
1370 7.579985e-14 1.125620e-04
1371 1.000854e-13 1.123155e-04
1372 1.243709e-13 1.120665e-04
1373 1.486564e-13 1.118152e-04
1374 1.729420e-13 1.115615e-04
1375 1.968582e-13 1.113056e-04
1376 2.204052e-13 1.110473e-04
1377 2.439521e-13 1.107868e-04
1378 2.674991e-13 1.105240e-04
1379 2.910460e-13 1.102590e-04
1380 3.145930e-13 1.099918e-04
1381 3.381399e-13 1.097225e-04
1382 3.616868e-13 1.094510e-04
1383 3.852338e-13 1.091775e-04
1384 4.087807e-13 1.089018e-04
1385 4.316444e-13 1.086241e-04
1386 4.538246e-13 1.083444e-04
1387 4.760049e-13 1.080626e-04
1388 4.981852e-13 1.077789e-04
1389 5.203655e-13 1.074932e-04
1390 5.425458e-13 1.072056e-04
1391 5.647261e-13 1.069161e-04
1392 5.869064e-13 1.066248e-04
1393 6.090867e-13 1.063316e-04
1394 6.312670e-13 1.060366e-04
1395 6.526451e-13 1.057398e-04
1396 6.732210e-13 1.054413e-04
1397 6.937969e-13 1.051410e-04
1398 7.143728e-13 1.048390e-04
1399 7.349487e-13 1.045353e-04
1400 7.555246e-13 1.042300e-04
1401 7.761006e-13 1.039231e-04
1402 7.966765e-13 1.036146e-04
1403 8.172524e-13 1.033045e-04
1404 8.378283e-13 1.029929e-04
1405 8.575948e-13 1.026798e-04
1406 8.765518e-13 1.023652e-04
1407 8.955089e-13 1.020492e-04
1408 9.144659e-13 1.017317e-04
1409 9.334230e-13 1.014128e-04
1410 9.523800e-13 1.010926e-04
1411 9.713371e-13 1.007710e-04
1412 9.902942e-13 1.004481e-04
1413 1.009251e-12 1.001240e-04
1414 1.028208e-12 9.979854e-05
1415 1.046495e-12 9.947189e-05
1416 1.064111e-12 9.914405e-05
1417 1.081728e-12 9.881503e-05
1418 1.099344e-12 9.848486e-05
1419 1.116961e-12 9.815359e-05
1420 1.134577e-12 9.782122e-05
1421 1.152194e-12 9.748780e-05
1422 1.169810e-12 9.715334e-05
1423 1.187427e-12 9.681788e-05
1424 1.205043e-12 9.648144e-05
1425 1.222079e-12 9.614406e-05
1426 1.238535e-12 9.580575e-05
1427 1.254991e-12 9.546655e-05
1428 1.271447e-12 9.512649e-05
1429 1.287903e-12 9.478558e-05
1430 1.304359e-12 9.444386e-05
1431 1.320815e-12 9.410136e-05
1432 1.337270e-12 9.375810e-05
1433 1.353726e-12 9.341411e-05
1434 1.370182e-12 9.306942e-05
1435 1.386144e-12 9.272405e-05
1436 1.401611e-12 9.237803e-05
1437 1.417079e-12 9.203138e-05
1438 1.432546e-12 9.168414e-05
1439 1.448013e-12 9.133633e-05
1440 1.463481e-12 9.098797e-05
1441 1.478948e-12 9.063909e-05
1442 1.494416e-12 9.028973e-05
1443 1.509883e-12 8.993989e-05
1444 1.525351e-12 8.958961e-05
1445 1.540344e-12 8.923892e-05
1446 1.554864e-12 8.888784e-05
1447 1.569384e-12 8.853639e-05
1448 1.583903e-12 8.818460e-05
1449 1.598423e-12 8.783250e-05
1450 1.612943e-12 8.748010e-05
1451 1.627463e-12 8.712744e-05
1452 1.641982e-12 8.677454e-05
1453 1.656502e-12 8.642142e-05
1454 1.671022e-12 8.606810e-05
1455 1.684924e-12 8.571462e-05
1456 1.698207e-12 8.536099e-05
1457 1.711491e-12 8.500724e-05
1458 1.724775e-12 8.465339e-05
1459 1.738059e-12 8.429946e-05
1460 1.751343e-12 8.394547e-05
1461 1.764626e-12 8.359146e-05
1462 1.777910e-12 8.323744e-05
1463 1.791194e-12 8.288343e-05
1464 1.804478e-12 8.252945e-05
1465 1.816930e-12 8.217554e-05
1466 1.828551e-12 8.182170e-05
1467 1.840172e-12 8.146797e-05
1468 1.851792e-12 8.111435e-05
1469 1.863413e-12 8.076088e-05
1470 1.875034e-12 8.040758e-05
1471 1.886655e-12 8.005446e-05
1472 1.898276e-12 7.970155e-05
1473 1.909897e-12 7.934886e-05
1474 1.921518e-12 7.899642e-05
1475 1.931890e-12 7.864425e-05
1476 1.941015e-12 7.829237e-05
1477 1.950139e-12 7.794079e-05
1478 1.959264e-12 7.758954e-05
1479 1.968388e-12 7.723863e-05
1480 1.977513e-12 7.688810e-05
1481 1.986638e-12 7.653794e-05
1482 1.995762e-12 7.618819e-05
1483 2.004887e-12 7.583886e-05
1484 2.014011e-12 7.548997e-05
1485 2.021250e-12 7.514154e-05
1486 2.026603e-12 7.479359e-05
1487 2.031956e-12 7.444613e-05
1488 2.037309e-12 7.409919e-05
1489 2.042662e-12 7.375277e-05
1490 2.048015e-12 7.340691e-05
1491 2.053368e-12 7.306161e-05
1492 2.058722e-12 7.271689e-05
1493 2.064075e-12 7.237278e-05
1494 2.069428e-12 7.202928e-05
1495 2.072163e-12 7.168642e-05
1496 2.072281e-12 7.134420e-05
1497 2.072398e-12 7.100265e-05
1498 2.072516e-12 7.066179e-05
1499 2.072634e-12 7.032162e-05
1500 2.072751e-12 6.998217e-05
1501 2.072869e-12 6.964345e-05
1502 2.072987e-12 6.930548e-05
1503 2.073104e-12 6.896827e-05
1504 2.073222e-12 6.863183e-05
1505 2.069850e-12 6.829619e-05
1506 2.062988e-12 6.796135e-05
1507 2.056126e-12 6.762734e-05
1508 2.049265e-12 6.729416e-05
1509 2.042403e-12 6.696183e-05
1510 2.035541e-12 6.663037e-05
1511 2.028679e-12 6.629978e-05
1512 2.021818e-12 6.597009e-05
1513 2.014956e-12 6.564131e-05
1514 2.008094e-12 6.531344e-05
1515 1.996969e-12 6.498651e-05
1516 1.981581e-12 6.466053e-05
1517 1.966193e-12 6.433551e-05
1518 1.950804e-12 6.401146e-05
1519 1.935416e-12 6.368840e-05
1520 1.920028e-12 6.336633e-05
1521 1.904640e-12 6.304528e-05
1522 1.889251e-12 6.272525e-05
1523 1.873863e-12 6.240626e-05
1524 1.858475e-12 6.208832e-05
1525 1.838183e-12 6.177144e-05
1526 1.812987e-12 6.145563e-05
1527 1.787791e-12 6.114090e-05
1528 1.762595e-12 6.082727e-05
1529 1.737399e-12 6.051475e-05
1530 1.712204e-12 6.020334e-05
1531 1.687008e-12 5.989306e-05
1532 1.661812e-12 5.958393e-05
1533 1.636616e-12 5.927594e-05
1534 1.611420e-12 5.896912e-05
1535 1.580923e-12 5.866346e-05
1536 1.545124e-12 5.835899e-05
1537 1.509326e-12 5.805571e-05
1538 1.473527e-12 5.775364e-05
1539 1.437729e-12 5.745277e-05
1540 1.401930e-12 5.715313e-05
1541 1.366131e-12 5.685472e-05
1542 1.330333e-12 5.655755e-05
1543 1.294534e-12 5.626163e-05
1544 1.258736e-12 5.596697e-05
1545 1.217806e-12 5.567358e-05
1546 1.171747e-12 5.538147e-05
1547 1.125688e-12 5.509065e-05
1548 1.079628e-12 5.480111e-05
1549 1.033569e-12 5.451289e-05
1550 9.875094e-13 5.422597e-05
1551 9.414499e-13 5.394038e-05
1552 8.953905e-13 5.365611e-05
1553 8.493311e-13 5.337318e-05
1554 8.032716e-13 5.309159e-05
1555 7.528203e-13 5.281135e-05
1556 6.979771e-13 5.253248e-05
1557 6.431339e-13 5.225496e-05
1558 5.882907e-13 5.197883e-05
1559 5.334475e-13 5.170407e-05
1560 4.786043e-13 5.143070e-05
1561 4.237611e-13 5.115873e-05
1562 3.689179e-13 5.088816e-05
1563 3.140746e-13 5.061899e-05
1564 2.592314e-13 5.035124e-05
1565 2.014564e-13 5.008492e-05
1566 1.407496e-13 4.982001e-05
1567 8.004277e-14 4.955655e-05
1568 1.933594e-14 4.929452e-05
1569 -4.137088e-14 4.903393e-05
1570 -1.020777e-13 4.877480e-05
1571 -1.627845e-13 4.851712e-05
1572 -2.234914e-13 4.826091e-05
1573 -2.841982e-13 4.800616e-05
1574 -3.449050e-13 4.775288e-05
1575 -4.065637e-13 4.750108e-05
1576 -4.691742e-13 4.725076e-05
1577 -5.317847e-13 4.700193e-05
1578 -5.943952e-13 4.675459e-05
1579 -6.570057e-13 4.650875e-05
1580 -7.196162e-13 4.626441e-05
1581 -7.822267e-13 4.602157e-05
1582 -8.448372e-13 4.578024e-05
1583 -9.074477e-13 4.554043e-05
1584 -9.700582e-13 4.530213e-05
1585 -1.031139e-12 4.506536e-05
1586 -1.090690e-12 4.483010e-05
1587 -1.150241e-12 4.459638e-05
1588 -1.209792e-12 4.436419e-05
1589 -1.269343e-12 4.413353e-05
1590 -1.328894e-12 4.390442e-05
1591 -1.388445e-12 4.367684e-05
1592 -1.447996e-12 4.345081e-05
1593 -1.507547e-12 4.322632e-05
1594 -1.567098e-12 4.300339e-05
1595 -1.622611e-12 4.278201e-05
1596 -1.674086e-12 4.256218e-05
1597 -1.725560e-12 4.234392e-05
1598 -1.777035e-12 4.212721e-05
1599 -1.828510e-12 4.191206e-05
1600 -1.879984e-12 4.169848e-05
1601 -1.931459e-12 4.148647e-05
1602 -1.982934e-12 4.127603e-05
1603 -2.034408e-12 4.106715e-05
1604 -2.085883e-12 4.085985e-05
1605 -2.130910e-12 4.065412e-05
1606 -2.169489e-12 4.044996e-05
1607 -2.208069e-12 4.024738e-05
1608 -2.246648e-12 4.004638e-05
1609 -2.285228e-12 3.984696e-05
1610 -2.323807e-12 3.964911e-05
1611 -2.362387e-12 3.945285e-05
1612 -2.400966e-12 3.925817e-05
1613 -2.439546e-12 3.906507e-05
1614 -2.478125e-12 3.887355e-05
1615 -2.508215e-12 3.868361e-05
1616 -2.529816e-12 3.849526e-05
1617 -2.551417e-12 3.830849e-05
1618 -2.573018e-12 3.812331e-05
1619 -2.594619e-12 3.793971e-05
1620 -2.616220e-12 3.775769e-05
1621 -2.637820e-12 3.757726e-05
1622 -2.659421e-12 3.739840e-05
1623 -2.681022e-12 3.722114e-05
1624 -2.702623e-12 3.704545e-05
1625 -2.714899e-12 3.687135e-05
1626 -2.717849e-12 3.669883e-05
1627 -2.720800e-12 3.652788e-05
1628 -2.723750e-12 3.635852e-05
1629 -2.726701e-12 3.619074e-05
1630 -2.729651e-12 3.602453e-05
1631 -2.732602e-12 3.585990e-05
1632 -2.735553e-12 3.569685e-05
1633 -2.738503e-12 3.553537e-05
1634 -2.741454e-12 3.537546e-05
1635 -2.734719e-12 3.521713e-05
1636 -2.718298e-12 3.506036e-05
1637 -2.701878e-12 3.490516e-05
1638 -2.685457e-12 3.475153e-05
1639 -2.669037e-12 3.459946e-05
1640 -2.652617e-12 3.444895e-05
1641 -2.636196e-12 3.430001e-05
1642 -2.619776e-12 3.415262e-05
1643 -2.603355e-12 3.400679e-05
1644 -2.586935e-12 3.386251e-05
1645 -2.561749e-12 3.371978e-05
1646 -2.527797e-12 3.357860e-05
1647 -2.493845e-12 3.343896e-05
1648 -2.459893e-12 3.330087e-05
1649 -2.425941e-12 3.316432e-05
1650 -2.391989e-12 3.302931e-05
1651 -2.358037e-12 3.289583e-05
1652 -2.324085e-12 3.276388e-05
1653 -2.290134e-12 3.263346e-05
1654 -2.256182e-12 3.250457e-05
1655 -2.214836e-12 3.237719e-05
1656 -2.166097e-12 3.225134e-05
1657 -2.117357e-12 3.212700e-05
1658 -2.068618e-12 3.200417e-05
1659 -2.019878e-12 3.188285e-05
1660 -1.971139e-12 3.176303e-05
1661 -1.922399e-12 3.164472e-05
1662 -1.873660e-12 3.152790e-05
1663 -1.824921e-12 3.141257e-05
1664 -1.776181e-12 3.129873e-05
1665 -1.721823e-12 3.118638e-05
1666 -1.661846e-12 3.107550e-05
1667 -1.601869e-12 3.096610e-05
1668 -1.541893e-12 3.085818e-05
1669 -1.481916e-12 3.075172e-05
1670 -1.421939e-12 3.064672e-05
1671 -1.361962e-12 3.054318e-05
1672 -1.301985e-12 3.044109e-05
1673 -1.242009e-12 3.034046e-05
1674 -1.182032e-12 3.024126e-05
1675 -1.118707e-12 3.014351e-05
1676 -1.052035e-12 3.004719e-05
1677 -9.853626e-13 2.995230e-05
1678 -9.186902e-13 2.985883e-05
1679 -8.520178e-13 2.976678e-05
1680 -7.853454e-13 2.967615e-05
1681 -7.186731e-13 2.958692e-05
1682 -6.520007e-13 2.949910e-05
1683 -5.853283e-13 2.941267e-05
1684 -5.186559e-13 2.932763e-05
1685 -4.505155e-13 2.924399e-05
1686 -3.809070e-13 2.916172e-05
1687 -3.112985e-13 2.908083e-05
1688 -2.416900e-13 2.900130e-05
1689 -1.720815e-13 2.892314e-05
1690 -1.024730e-13 2.884634e-05
1691 -3.286456e-14 2.877089e-05
1692 3.674394e-14 2.869679e-05
1693 1.063524e-13 2.862402e-05
1694 1.759609e-13 2.855259e-05
1695 2.452747e-13 2.848248e-05
1696 3.142939e-13 2.841370e-05
1697 3.833130e-13 2.834623e-05
1698 4.523321e-13 2.828006e-05
1699 5.213512e-13 2.821520e-05
1700 5.903703e-13 2.815163e-05
1701 6.593895e-13 2.808935e-05
1702 7.284086e-13 2.802836e-05
1703 7.974277e-13 2.796863e-05
1704 8.664468e-13 2.791018e-05
1705 9.338838e-13 2.785299e-05
1706 9.997385e-13 2.779705e-05
1707 1.065593e-12 2.774236e-05
1708 1.131448e-12 2.768890e-05
1709 1.197303e-12 2.763669e-05
1710 1.263158e-12 2.758569e-05
1711 1.329012e-12 2.753592e-05
1712 1.394867e-12 2.748736e-05
1713 1.460722e-12 2.744000e-05
1714 1.526577e-12 2.739384e-05
1715 1.589865e-12 2.734887e-05
1716 1.650587e-12 2.730508e-05
1717 1.711309e-12 2.726247e-05
1718 1.772031e-12 2.722102e-05
1719 1.832753e-12 2.718074e-05
1720 1.893475e-12 2.714160e-05
1721 1.954197e-12 2.710361e-05
1722 2.014919e-12 2.706676e-05
1723 2.075641e-12 2.703103e-05
1724 2.136363e-12 2.699642e-05
1725 2.194119e-12 2.696293e-05
1726 2.248909e-12 2.693054e-05
1727 2.303699e-12 2.689925e-05
1728 2.358489e-12 2.686905e-05
1729 2.413280e-12 2.683993e-05
1730 2.468070e-12 2.681188e-05
1731 2.522860e-12 2.678490e-05
1732 2.577650e-12 2.675897e-05
1733 2.632440e-12 2.673409e-05
1734 2.687230e-12 2.671025e-05
1735 2.738607e-12 2.668744e-05
1736 2.786571e-12 2.666565e-05
1737 2.834535e-12 2.664488e-05
1738 2.882499e-12 2.662512e-05
1739 2.930463e-12 2.660635e-05
1740 2.978427e-12 2.658857e-05
1741 3.026391e-12 2.657177e-05
1742 3.074355e-12 2.655594e-05
1743 3.122319e-12 2.654108e-05
1744 3.170283e-12 2.652717e-05
1745 3.214684e-12 2.651420e-05
1746 3.255523e-12 2.650217e-05
1747 3.296363e-12 2.649107e-05
1748 3.337202e-12 2.648089e-05
1749 3.378041e-12 2.647162e-05
1750 3.418880e-12 2.646325e-05
1751 3.459719e-12 2.645577e-05
1752 3.500558e-12 2.644918e-05
1753 3.541397e-12 2.644346e-05
1754 3.582236e-12 2.643860e-05
1755 3.619296e-12 2.643460e-05
1756 3.652575e-12 2.643145e-05
1757 3.685855e-12 2.642913e-05
1758 3.719135e-12 2.642765e-05
1759 3.752414e-12 2.642698e-05
1760 3.785694e-12 2.642712e-05
1761 3.818974e-12 2.642807e-05
1762 3.852253e-12 2.642980e-05
1763 3.885533e-12 2.643232e-05
1764 3.918813e-12 2.643561e-05
1765 3.947761e-12 2.643966e-05
1766 3.972377e-12 2.644446e-05
1767 3.996994e-12 2.645001e-05
1768 4.021610e-12 2.645630e-05
1769 4.046227e-12 2.646331e-05
1770 4.070843e-12 2.647104e-05
1771 4.095460e-12 2.647947e-05
1772 4.120076e-12 2.648860e-05
1773 4.144693e-12 2.649842e-05
1774 4.169309e-12 2.650891e-05
1775 4.189293e-12 2.652007e-05
1776 4.204644e-12 2.653189e-05
1777 4.219995e-12 2.654436e-05
1778 4.235347e-12 2.655747e-05
1779 4.250698e-12 2.657120e-05
1780 4.266049e-12 2.658556e-05
1781 4.281400e-12 2.660052e-05
1782 4.296751e-12 2.661609e-05
1783 4.312102e-12 2.663224e-05
1784 4.327453e-12 2.664898e-05
1785 4.337403e-12 2.666628e-05
1786 4.341952e-12 2.668415e-05
1787 4.346502e-12 2.670256e-05
1788 4.351051e-12 2.672152e-05
1789 4.355600e-12 2.674100e-05
1790 4.360149e-12 2.676101e-05
1791 4.364698e-12 2.678153e-05
1792 4.369247e-12 2.680255e-05
1793 4.373796e-12 2.682406e-05
1794 4.378345e-12 2.684605e-05
1795 4.376393e-12 2.686851e-05
1796 4.367939e-12 2.689143e-05
1797 4.359485e-12 2.691481e-05
1798 4.351030e-12 2.693862e-05
1799 4.342576e-12 2.696287e-05
1800 4.334122e-12 2.698753e-05
1801 4.325668e-12 2.701261e-05
1802 4.317214e-12 2.703809e-05
1803 4.308760e-12 2.706396e-05
1804 4.300306e-12 2.709021e-05
1805 4.284656e-12 2.711683e-05
1806 4.261810e-12 2.714381e-05
1807 4.238964e-12 2.717114e-05
1808 4.216118e-12 2.719881e-05
1809 4.193272e-12 2.722681e-05
1810 4.170426e-12 2.725513e-05
1811 4.147580e-12 2.728376e-05
1812 4.124735e-12 2.731269e-05
1813 4.101889e-12 2.734191e-05
1814 4.079043e-12 2.737141e-05
1815 4.047932e-12 2.740118e-05
1816 4.008556e-12 2.743121e-05
1817 3.969181e-12 2.746149e-05
1818 3.929805e-12 2.749200e-05
1819 3.890429e-12 2.752275e-05
1820 3.851054e-12 2.755372e-05
1821 3.811678e-12 2.758489e-05
1822 3.772303e-12 2.761626e-05
1823 3.732927e-12 2.764782e-05
1824 3.693551e-12 2.767956e-05
1825 3.645601e-12 2.771147e-05
1826 3.589076e-12 2.774354e-05
1827 3.532551e-12 2.777575e-05
1828 3.476026e-12 2.780810e-05
1829 3.419501e-12 2.784058e-05
1830 3.362976e-12 2.787318e-05
1831 3.306451e-12 2.790589e-05
1832 3.249926e-12 2.793869e-05
1833 3.193401e-12 2.797158e-05
1834 3.136876e-12 2.800455e-05
1835 3.071792e-12 2.803758e-05
1836 2.998147e-12 2.807068e-05
1837 2.924503e-12 2.810382e-05
1838 2.850858e-12 2.813700e-05
1839 2.777214e-12 2.817020e-05
1840 2.703569e-12 2.820343e-05
1841 2.629925e-12 2.823666e-05
1842 2.556280e-12 2.826989e-05
1843 2.482636e-12 2.830310e-05
1844 2.408991e-12 2.833630e-05
1845 2.327543e-12 2.836946e-05
1846 2.238290e-12 2.840258e-05
1847 2.149037e-12 2.843565e-05
1848 2.059784e-12 2.846865e-05
1849 1.970531e-12 2.850158e-05
1850 1.881278e-12 2.853444e-05
1851 1.792025e-12 2.856720e-05
1852 1.702772e-12 2.859985e-05
1853 1.613520e-12 2.863240e-05
1854 1.524267e-12 2.866483e-05
1855 1.428894e-12 2.869712e-05
1856 1.327403e-12 2.872928e-05
1857 1.225911e-12 2.876129e-05
1858 1.124420e-12 2.879313e-05
1859 1.022928e-12 2.882481e-05
1860 9.214365e-13 2.885630e-05
1861 8.199449e-13 2.888761e-05
1862 7.184533e-13 2.891872e-05
1863 6.169617e-13 2.894962e-05
1864 5.154701e-13 2.898030e-05
1865 4.102963e-13 2.901076e-05
1866 3.014403e-13 2.904098e-05
1867 1.925843e-13 2.907095e-05
1868 8.372830e-14 2.910067e-05
1869 -2.512770e-14 2.913012e-05
1870 -1.339837e-13 2.915930e-05
1871 -2.428397e-13 2.918819e-05
1872 -3.516957e-13 2.921679e-05
1873 -4.605517e-13 2.924509e-05
1874 -5.694077e-13 2.927308e-05
1875 -6.786834e-13 2.930074e-05
1876 -7.883787e-13 2.932808e-05
1877 -8.980741e-13 2.935507e-05
1878 -1.007769e-12 2.938172e-05
1879 -1.117465e-12 2.940800e-05
1880 -1.227160e-12 2.943392e-05
1881 -1.336856e-12 2.945947e-05
1882 -1.446551e-12 2.948463e-05
1883 -1.556246e-12 2.950939e-05
1884 -1.665942e-12 2.953375e-05
1885 -1.772403e-12 2.955770e-05
1886 -1.875630e-12 2.958123e-05
1887 -1.978858e-12 2.960433e-05
1888 -2.082085e-12 2.962699e-05
1889 -2.185313e-12 2.964920e-05
1890 -2.288540e-12 2.967095e-05
1891 -2.391768e-12 2.969224e-05
1892 -2.494995e-12 2.971306e-05
1893 -2.598223e-12 2.973339e-05
1894 -2.701450e-12 2.975323e-05
1895 -2.797281e-12 2.977257e-05
1896 -2.885716e-12 2.979140e-05
1897 -2.974151e-12 2.980972e-05
1898 -3.062585e-12 2.982751e-05
1899 -3.151020e-12 2.984477e-05
1900 -3.239455e-12 2.986148e-05
1901 -3.327890e-12 2.987765e-05
1902 -3.416324e-12 2.989325e-05
1903 -3.504759e-12 2.990829e-05
1904 -3.593194e-12 2.992276e-05
1905 -3.680025e-12 2.993664e-05
1906 -3.765253e-12 2.994992e-05
1907 -3.850482e-12 2.996261e-05
1908 -3.935710e-12 2.997469e-05
1909 -4.020938e-12 2.998616e-05
1910 -4.106166e-12 2.999700e-05
1911 -4.191394e-12 3.000721e-05
1912 -4.276623e-12 3.001678e-05
1913 -4.361851e-12 3.002571e-05
1914 -4.447079e-12 3.003398e-05
1915 -4.537125e-12 3.004159e-05
1916 -4.631989e-12 3.004852e-05
1917 -4.726853e-12 3.005478e-05
1918 -4.821717e-12 3.006036e-05
1919 -4.916581e-12 3.006524e-05
1920 -5.011444e-12 3.006942e-05
1921 -5.106308e-12 3.007290e-05
1922 -5.201172e-12 3.007565e-05
1923 -5.296036e-12 3.007769e-05
1924 -5.390900e-12 3.007900e-05
1925 -5.469045e-12 3.007957e-05
1926 -5.530473e-12 3.007940e-05
1927 -5.591900e-12 3.007848e-05
1928 -5.653327e-12 3.007680e-05
1929 -5.714754e-12 3.007435e-05
1930 -5.776181e-12 3.007114e-05
1931 -5.837608e-12 3.006714e-05
1932 -5.899035e-12 3.006236e-05
1933 -5.960463e-12 3.005679e-05
1934 -6.021890e-12 3.005042e-05
1935 -6.043128e-12 3.004325e-05
1936 -6.024177e-12 3.003526e-05
1937 -6.005225e-12 3.002646e-05
1938 -5.986274e-12 3.001683e-05
1939 -5.967323e-12 3.000638e-05
1940 -5.948372e-12 2.999508e-05
1941 -5.929421e-12 2.998294e-05
1942 -5.910470e-12 2.996995e-05
1943 -5.891519e-12 2.995611e-05
1944 -5.872568e-12 2.994141e-05
1945 -5.829646e-12 2.992584e-05
1946 -5.762752e-12 2.990939e-05
1947 -5.695859e-12 2.989207e-05
1948 -5.628966e-12 2.987386e-05
1949 -5.562073e-12 2.985476e-05
1950 -5.495180e-12 2.983477e-05
1951 -5.428287e-12 2.981387e-05
1952 -5.361394e-12 2.979207e-05
1953 -5.294500e-12 2.976935e-05
1954 -5.227607e-12 2.974572e-05
1955 -5.152271e-12 2.972116e-05
1956 -5.068491e-12 2.969568e-05
1957 -4.984712e-12 2.966926e-05
1958 -4.900932e-12 2.964190e-05
1959 -4.817152e-12 2.961360e-05
1960 -4.733373e-12 2.958435e-05
1961 -4.649593e-12 2.955415e-05
1962 -4.565813e-12 2.952299e-05
1963 -4.482034e-12 2.949087e-05
1964 -4.398254e-12 2.945778e-05
1965 -4.312340e-12 2.942372e-05
1966 -4.224290e-12 2.938868e-05
1967 -4.136240e-12 2.935266e-05
1968 -4.048191e-12 2.931566e-05
1969 -3.960141e-12 2.927766e-05
1970 -3.872091e-12 2.923868e-05
1971 -3.784042e-12 2.919869e-05
1972 -3.695992e-12 2.915771e-05
1973 -3.607942e-12 2.911572e-05
1974 -3.519893e-12 2.907272e-05
1975 -3.434637e-12 2.902871e-05
1976 -3.352176e-12 2.898368e-05
1977 -3.269714e-12 2.893763e-05
1978 -3.187253e-12 2.889056e-05
1979 -3.104791e-12 2.884246e-05
1980 -3.022330e-12 2.879333e-05
1981 -2.939868e-12 2.874316e-05
1982 -2.857407e-12 2.869196e-05
1983 -2.774946e-12 2.863972e-05
1984 -2.692484e-12 2.858644e-05
1985 -2.625584e-12 2.853211e-05
1986 -2.574246e-12 2.847673e-05
1987 -2.522908e-12 2.842030e-05
1988 -2.471570e-12 2.836281e-05
1989 -2.420232e-12 2.830427e-05
1990 -2.368894e-12 2.824467e-05
1991 -2.317556e-12 2.818401e-05
1992 -2.266218e-12 2.812229e-05
1993 -2.214879e-12 2.805950e-05
1994 -2.163541e-12 2.799564e-05
1995 -2.112203e-12 2.793071e-05
1996 -2.112203e-12 2.786470e-05
1997 -2.112203e-12 2.779763e-05
1998 -2.112203e-12 2.772948e-05
1999 -2.112203e-12 2.766025e-05
2000 -2.112203e-12 2.758994e-05
2001 -2.112203e-12 2.751855e-05
