0 0.000000e+00 1.046539e-06
1 0.000000e+00 1.046539e-06
2 0.000000e+00 1.046539e-06
3 0.000000e+00 1.936274e-06
4 0.000000e+00 2.869832e-06
5 0.000000e+00 3.839517e-06
6 0.000000e+00 4.838399e-06
7 0.000000e+00 5.860273e-06
8 0.000000e+00 6.899623e-06
9 0.000000e+00 7.951590e-06
10 0.000000e+00 9.011932e-06
11 0.000000e+00 1.007699e-05
12 0.000000e+00 1.114365e-05
13 0.000000e+00 1.220931e-05
14 0.000000e+00 1.327185e-05
15 0.000000e+00 1.432956e-05
16 0.000000e+00 1.538117e-05
17 0.000000e+00 1.642575e-05
18 0.000000e+00 1.746271e-05
19 0.000000e+00 1.849175e-05
20 0.000000e+00 1.951283e-05
21 0.000000e+00 2.052613e-05
22 0.000000e+00 2.153202e-05
23 0.000000e+00 2.253102e-05
24 0.000000e+00 2.352376e-05
25 0.000000e+00 2.451094e-05
26 0.000000e+00 2.549331e-05
27 0.000000e+00 2.647164e-05
28 0.000000e+00 2.744664e-05
29 0.000000e+00 2.841897e-05
30 0.000000e+00 2.938919e-05
31 0.000000e+00 3.035772e-05
32 0.000000e+00 3.132480e-05
33 0.000000e+00 3.229045e-05
34 0.000000e+00 3.325449e-05
35 0.000000e+00 3.421651e-05
36 0.000000e+00 3.517594e-05
37 0.000000e+00 3.613211e-05
38 0.000000e+00 3.708423e-05
39 0.000000e+00 3.803150e-05
40 0.000000e+00 3.897311e-05
41 0.000000e+00 3.990831e-05
42 0.000000e+00 4.083641e-05
43 0.000000e+00 4.175686e-05
44 0.000000e+00 4.266927e-05
45 0.000000e+00 4.357339e-05
46 0.000000e+00 4.446911e-05
47 0.000000e+00 4.535646e-05
48 0.000000e+00 4.623556e-05
49 0.000000e+00 4.710663e-05
50 0.000000e+00 4.796999e-05
51 0.000000e+00 4.882600e-05
52 0.000000e+00 4.967507e-05
53 0.000000e+00 5.051768e-05
54 0.000000e+00 5.135429e-05
55 0.000000e+00 5.218538e-05
56 0.000000e+00 5.301143e-05
57 0.000000e+00 5.383284e-05
58 0.000000e+00 5.464999e-05
59 0.000000e+00 5.546316e-05
60 0.000000e+00 5.627254e-05
61 0.000000e+00 5.707819e-05
62 0.000000e+00 5.788005e-05
63 0.000000e+00 5.867790e-05
64 0.000000e+00 5.947133e-05
65 0.000000e+00 6.025983e-05
66 0.000000e+00 6.104277e-05
67 0.000000e+00 6.181950e-05
68 0.000000e+00 6.258937e-05
69 0.000000e+00 6.335175e-05
70 0.000000e+00 6.410612e-05
71 0.000000e+00 6.485209e-05
72 0.000000e+00 6.558946e-05
73 0.000000e+00 6.631823e-05
74 0.000000e+00 6.703866e-05
75 0.000000e+00 6.775124e-05
76 0.000000e+00 6.845659e-05
77 0.000000e+00 6.915548e-05
78 0.000000e+00 6.984871e-05
79 0.000000e+00 7.053711e-05
80 0.000000e+00 7.122144e-05
81 0.000000e+00 7.190240e-05
82 0.000000e+00 7.258052e-05
83 0.000000e+00 7.325612e-05
84 0.000000e+00 7.392931e-05
85 0.000000e+00 7.459997e-05
86 0.000000e+00 7.526782e-05
87 0.000000e+00 7.593244e-05
88 0.000000e+00 7.659331e-05
89 0.000000e+00 7.724987e-05
90 0.000000e+00 7.790152e-05
91 0.000000e+00 7.854770e-05
92 0.000000e+00 7.918792e-05
93 0.000000e+00 7.982177e-05
94 0.000000e+00 8.044898e-05
95 0.000000e+00 8.106941e-05
96 0.000000e+00 8.168303e-05
97 0.000000e+00 8.228989e-05
98 0.000000e+00 8.289013e-05
99 0.000000e+00 8.348395e-05
100 0.000000e+00 8.407158e-05
101 0.000000e+00 8.465330e-05
102 0.000000e+00 8.522939e-05
103 0.000000e+00 8.580013e-05
104 0.000000e+00 8.636577e-05
105 0.000000e+00 8.692657e-05
106 0.000000e+00 8.748274e-05
107 0.000000e+00 8.803449e-05
108 0.000000e+00 8.858202e-05
109 0.000000e+00 8.912548e-05
110 0.000000e+00 8.966505e-05
111 0.000000e+00 9.020087e-05
112 0.000000e+00 9.073305e-05
113 0.000000e+00 9.126173e-05
114 0.000000e+00 9.178700e-05
115 0.000000e+00 9.230896e-05
116 0.000000e+00 9.282768e-05
117 0.000000e+00 9.334325e-05
118 0.000000e+00 9.385571e-05
119 0.000000e+00 9.436513e-05
120 0.000000e+00 9.487156e-05
121 0.000000e+00 9.537502e-05
122 0.000000e+00 9.587556e-05
123 0.000000e+00 9.637320e-05
124 0.000000e+00 9.686798e-05
125 0.000000e+00 9.735990e-05
126 0.000000e+00 9.784898e-05
127 0.000000e+00 9.833525e-05
128 0.000000e+00 9.881871e-05
129 0.000000e+00 9.929938e-05
130 0.000000e+00 9.977728e-05
131 0.000000e+00 1.002524e-04
132 0.000000e+00 1.007248e-04
133 0.000000e+00 1.011945e-04
134 0.000000e+00 1.016614e-04
135 0.000000e+00 1.021257e-04
136 0.000000e+00 1.025873e-04
137 0.000000e+00 1.030463e-04
138 0.000000e+00 1.035028e-04
139 0.000000e+00 1.039566e-04
140 0.000000e+00 1.044080e-04
141 0.000000e+00 1.048570e-04
142 0.000000e+00 1.053035e-04
143 0.000000e+00 1.057476e-04
144 0.000000e+00 1.061895e-04
145 0.000000e+00 1.066290e-04
146 0.000000e+00 1.070664e-04
147 0.000000e+00 1.075016e-04
148 0.000000e+00 1.079347e-04
149 0.000000e+00 1.083658e-04
150 0.000000e+00 1.087950e-04
151 0.000000e+00 1.092222e-04
152 0.000000e+00 1.096476e-04
153 0.000000e+00 1.100712e-04
154 0.000000e+00 1.104931e-04
155 0.000000e+00 1.109134e-04
156 0.000000e+00 1.113321e-04
157 0.000000e+00 1.117493e-04
158 0.000000e+00 1.121651e-04
159 0.000000e+00 1.125796e-04
160 0.000000e+00 1.129928e-04
161 0.000000e+00 1.134048e-04
162 0.000000e+00 1.138156e-04
163 0.000000e+00 1.142254e-04
164 0.000000e+00 1.146342e-04
165 0.000000e+00 1.150422e-04
166 0.000000e+00 1.154493e-04
167 0.000000e+00 1.158556e-04
168 0.000000e+00 1.162613e-04
169 0.000000e+00 1.166663e-04
170 0.000000e+00 1.170708e-04
171 0.000000e+00 1.174749e-04
172 0.000000e+00 1.178786e-04
173 0.000000e+00 1.182820e-04
174 0.000000e+00 1.186851e-04
175 0.000000e+00 1.190880e-04
176 0.000000e+00 1.194909e-04
177 0.000000e+00 1.198937e-04
178 0.000000e+00 1.202965e-04
179 0.000000e+00 1.206995e-04
180 0.000000e+00 1.211026e-04
181 0.000000e+00 1.215059e-04
182 0.000000e+00 1.219095e-04
183 0.000000e+00 1.223135e-04
184 0.000000e+00 1.227178e-04
185 0.000000e+00 1.231227e-04
186 0.000000e+00 1.235280e-04
187 0.000000e+00 1.239339e-04
188 0.000000e+00 1.243405e-04
189 0.000000e+00 1.247477e-04
190 0.000000e+00 1.251556e-04
191 0.000000e+00 1.255643e-04
192 0.000000e+00 1.259738e-04
193 0.000000e+00 1.263841e-04
194 0.000000e+00 1.267953e-04
195 0.000000e+00 1.272074e-04
196 0.000000e+00 1.276205e-04
197 0.000000e+00 1.280345e-04
198 0.000000e+00 1.284495e-04
199 0.000000e+00 1.288656e-04
200 0.000000e+00 1.292827e-04
201 0.000000e+00 1.297008e-04
202 0.000000e+00 1.301201e-04
203 0.000000e+00 1.305405e-04
204 0.000000e+00 1.309620e-04
205 0.000000e+00 1.313846e-04
206 0.000000e+00 1.318084e-04
207 0.000000e+00 1.322333e-04
208 0.000000e+00 1.326594e-04
209 0.000000e+00 1.330867e-04
210 0.000000e+00 1.335152e-04
211 0.000000e+00 1.339449e-04
212 0.000000e+00 1.343758e-04
213 0.000000e+00 1.348080e-04
214 0.000000e+00 1.352413e-04
215 0.000000e+00 1.356759e-04
216 0.000000e+00 1.361117e-04
217 0.000000e+00 1.365487e-04
218 0.000000e+00 1.369870e-04
219 0.000000e+00 1.374266e-04
220 0.000000e+00 1.378674e-04
221 0.000000e+00 1.383095e-04
222 0.000000e+00 1.387528e-04
223 0.000000e+00 1.391974e-04
224 0.000000e+00 1.396433e-04
225 0.000000e+00 1.400905e-04
226 0.000000e+00 1.405390e-04
227 0.000000e+00 1.409888e-04
228 0.000000e+00 1.414399e-04
229 0.000000e+00 1.418923e-04
230 0.000000e+00 1.423461e-04
231 0.000000e+00 1.428012e-04
232 0.000000e+00 1.432577e-04
233 0.000000e+00 1.437155e-04
234 0.000000e+00 1.441746e-04
235 0.000000e+00 1.446352e-04
236 0.000000e+00 1.450971e-04
237 0.000000e+00 1.455604e-04
238 0.000000e+00 1.460251e-04
239 0.000000e+00 1.464912e-04
240 0.000000e+00 1.469586e-04
241 0.000000e+00 1.474275e-04
242 0.000000e+00 1.478977e-04
243 0.000000e+00 1.483694e-04
244 0.000000e+00 1.488424e-04
245 0.000000e+00 1.493168e-04
246 0.000000e+00 1.497926e-04
247 0.000000e+00 1.502698e-04
248 0.000000e+00 1.507483e-04
249 0.000000e+00 1.512282e-04
250 0.000000e+00 1.517094e-04
251 0.000000e+00 1.521919e-04
252 0.000000e+00 1.526758e-04
253 0.000000e+00 1.531609e-04
254 0.000000e+00 1.536473e-04
255 0.000000e+00 1.541350e-04
256 0.000000e+00 1.546238e-04
257 0.000000e+00 1.551139e-04
258 0.000000e+00 1.556051e-04
259 0.000000e+00 1.560974e-04
260 0.000000e+00 1.565908e-04
261 0.000000e+00 1.570852e-04
262 0.000000e+00 1.575807e-04
263 0.000000e+00 1.580771e-04
264 0.000000e+00 1.585745e-04
265 0.000000e+00 1.590728e-04
266 0.000000e+00 1.595719e-04
267 0.000000e+00 1.600718e-04
268 0.000000e+00 1.605724e-04
269 0.000000e+00 1.610738e-04
270 0.000000e+00 1.615758e-04
271 0.000000e+00 1.620784e-04
272 0.000000e+00 1.625816e-04
273 0.000000e+00 1.630853e-04
274 0.000000e+00 1.635894e-04
275 0.000000e+00 1.640940e-04
276 0.000000e+00 1.645988e-04
277 0.000000e+00 1.651040e-04
278 0.000000e+00 1.656094e-04
279 0.000000e+00 1.661150e-04
280 0.000000e+00 1.666208e-04
281 0.000000e+00 1.671266e-04
282 0.000000e+00 1.676324e-04
283 0.000000e+00 1.681382e-04
284 0.000000e+00 1.686439e-04
285 0.000000e+00 1.691495e-04
286 0.000000e+00 1.696548e-04
287 0.000000e+00 1.701599e-04
288 0.000000e+00 1.706648e-04
289 0.000000e+00 1.711692e-04
290 0.000000e+00 1.716733e-04
291 0.000000e+00 1.721769e-04
292 0.000000e+00 1.726800e-04
293 0.000000e+00 1.731825e-04
294 0.000000e+00 1.736844e-04
295 0.000000e+00 1.741857e-04
296 0.000000e+00 1.746862e-04
297 0.000000e+00 1.751860e-04
298 0.000000e+00 1.756850e-04
299 0.000000e+00 1.761832e-04
300 1.686554e-15 1.766805e-04
301 1.686554e-15 1.771768e-04
302 1.686554e-15 1.776722e-04
303 1.686554e-15 1.781666e-04
304 1.686554e-15 1.786599e-04
305 1.689594e-15 1.791522e-04
306 1.695674e-15 1.796433e-04
307 1.701753e-15 1.801333e-04
308 1.707833e-15 1.806221e-04
309 1.713913e-15 1.811096e-04
310 1.719993e-15 1.815960e-04
311 1.726073e-15 1.820810e-04
312 1.732152e-15 1.825648e-04
313 1.738232e-15 1.830472e-04
314 1.744312e-15 1.835283e-04
315 1.749048e-15 1.840081e-04
316 1.752442e-15 1.844865e-04
317 1.755835e-15 1.849635e-04
318 1.759228e-15 1.854390e-04
319 1.762622e-15 1.859132e-04
320 1.766015e-15 1.863859e-04
321 1.769408e-15 1.868572e-04
322 1.772801e-15 1.873270e-04
323 1.776195e-15 1.877954e-04
324 1.779588e-15 1.882623e-04
325 1.781421e-15 1.887277e-04
326 1.781694e-15 1.891916e-04
327 1.781966e-15 1.896540e-04
328 1.782239e-15 1.901149e-04
329 1.782511e-15 1.905743e-04
330 1.782784e-15 1.910321e-04
331 1.783057e-15 1.914884e-04
332 1.783329e-15 1.919431e-04
333 1.783602e-15 1.923962e-04
334 1.783874e-15 1.928478e-04
335 1.782223e-15 1.932977e-04
336 1.778648e-15 1.937460e-04
337 1.775073e-15 1.941927e-04
338 1.771497e-15 1.946376e-04
339 1.767922e-15 1.950809e-04
340 1.764347e-15 1.955225e-04
341 1.760772e-15 1.959623e-04
342 1.757196e-15 1.964003e-04
343 1.753621e-15 1.968365e-04
344 1.750046e-15 1.972708e-04
345 1.744489e-15 1.977032e-04
346 1.736952e-15 1.981337e-04
347 1.729414e-15 1.985621e-04
348 1.721877e-15 1.989886e-04
349 1.714339e-15 1.994129e-04
350 1.706802e-15 1.998351e-04
351 1.699264e-15 2.002551e-04
352 1.691727e-15 2.006729e-04
353 1.684189e-15 2.010883e-04
354 1.676651e-15 2.015014e-04
355 1.667326e-15 2.019121e-04
356 1.656212e-15 2.023204e-04
357 1.645098e-15 2.027261e-04
358 1.633984e-15 2.031293e-04
359 1.622870e-15 2.035299e-04
360 1.611756e-15 2.039278e-04
361 1.600642e-15 2.043230e-04
362 1.589528e-15 2.047155e-04
363 1.578414e-15 2.051052e-04
364 1.567300e-15 2.054921e-04
365 1.554787e-15 2.058761e-04
366 1.540877e-15 2.062572e-04
367 1.526966e-15 2.066354e-04
368 1.513055e-15 2.070107e-04
369 1.499144e-15 2.073829e-04
370 1.485233e-15 2.077523e-04
371 1.471322e-15 2.081186e-04
372 1.457412e-15 2.084819e-04
373 1.443501e-15 2.088422e-04
374 1.429590e-15 2.091996e-04
375 1.415212e-15 2.095539e-04
376 1.400368e-15 2.099053e-04
377 1.385523e-15 2.102538e-04
378 1.370679e-15 2.105993e-04
379 1.355834e-15 2.109420e-04
380 1.340990e-15 2.112817e-04
381 1.326145e-15 2.116187e-04
382 1.311300e-15 2.119529e-04
383 1.296456e-15 2.122843e-04
384 1.281611e-15 2.126131e-04
385 1.267143e-15 2.129392e-04
386 1.253050e-15 2.132628e-04
387 1.238957e-15 2.135838e-04
388 1.224864e-15 2.139023e-04
389 1.210772e-15 2.142185e-04
390 1.196679e-15 2.145323e-04
391 1.182586e-15 2.148438e-04
392 1.168493e-15 2.151531e-04
393 1.154400e-15 2.154602e-04
394 1.140308e-15 2.157653e-04
395 1.127737e-15 2.160683e-04
396 1.116689e-15 2.163694e-04
397 1.105641e-15 2.166685e-04
398 1.094594e-15 2.169659e-04
399 1.083546e-15 2.172614e-04
400 1.072498e-15 2.175553e-04
401 1.061450e-15 2.178476e-04
402 1.050402e-15 2.181383e-04
403 1.039354e-15 2.184274e-04
404 1.028306e-15 2.187151e-04
405 1.019716e-15 2.190014e-04
406 1.013585e-15 2.192864e-04
407 1.007454e-15 2.195701e-04
408 1.001322e-15 2.198525e-04
409 9.951910e-16 2.201338e-04
410 9.890597e-16 2.204139e-04
411 9.829283e-16 2.206929e-04
412 9.767970e-16 2.209708e-04
413 9.706656e-16 2.212478e-04
414 9.645343e-16 2.215238e-04
415 9.611636e-16 2.217988e-04
416 9.605537e-16 2.220729e-04
417 9.599438e-16 2.223462e-04
418 9.593339e-16 2.226187e-04
419 9.587240e-16 2.228903e-04
420 9.581140e-16 2.231612e-04
421 9.575041e-16 2.234314e-04
422 9.568942e-16 2.237009e-04
423 9.562843e-16 2.239696e-04
424 9.556743e-16 2.242377e-04
425 9.579427e-16 2.245052e-04
426 9.630893e-16 2.247720e-04
427 9.682359e-16 2.250382e-04
428 9.733825e-16 2.253039e-04
429 9.785291e-16 2.255689e-04
430 9.836757e-16 2.258334e-04
431 9.888223e-16 2.260974e-04
432 9.939689e-16 2.263608e-04
433 9.991155e-16 2.266236e-04
434 1.004262e-15 2.268860e-04
435 1.011895e-15 2.271478e-04
436 1.022013e-15 2.274091e-04
437 1.032132e-15 2.276699e-04
438 1.042251e-15 2.279302e-04
439 1.052369e-15 2.281899e-04
440 1.062488e-15 2.284492e-04
441 1.072606e-15 2.287079e-04
442 1.082725e-15 2.289661e-04
443 1.092844e-15 2.292238e-04
444 1.102962e-15 2.294810e-04
445 1.115184e-15 2.297377e-04
446 1.129510e-15 2.299939e-04
447 1.143835e-15 2.302496e-04
448 1.158161e-15 2.305047e-04
449 1.172486e-15 2.307594e-04
450 1.186812e-15 2.310136e-04
451 1.201137e-15 2.312673e-04
452 1.215463e-15 2.315205e-04
453 1.229788e-15 2.317733e-04
454 1.244114e-15 2.320257e-04
455 1.260184e-15 2.322776e-04
456 1.277997e-15 2.325291e-04
457 1.295811e-15 2.327802e-04
458 1.313625e-15 2.330310e-04
459 1.331439e-15 2.332815e-04
460 1.349253e-15 2.335317e-04
461 1.367067e-15 2.337816e-04
462 1.384880e-15 2.340313e-04
463 1.402694e-15 2.342809e-04
464 1.420508e-15 2.345304e-04
465 1.439757e-15 2.347797e-04
466 1.460442e-15 2.350291e-04
467 1.481127e-15 2.352786e-04
468 1.501812e-15 2.355282e-04
469 1.522497e-15 2.357779e-04
470 1.543182e-15 2.360279e-04
471 1.563867e-15 2.362783e-04
472 1.584551e-15 2.365290e-04
473 1.605236e-15 2.367803e-04
474 1.625921e-15 2.370320e-04
475 1.647992e-15 2.372844e-04
476 1.671450e-15 2.375375e-04
477 1.694908e-15 2.377913e-04
478 1.718365e-15 2.380460e-04
479 1.741823e-15 2.383016e-04
480 1.765281e-15 2.385582e-04
481 1.788738e-15 2.388158e-04
482 1.812196e-15 2.390745e-04
483 1.835654e-15 2.393344e-04
484 1.859111e-15 2.395955e-04
485 1.883824e-15 2.398579e-04
486 1.909790e-15 2.401217e-04
487 1.935757e-15 2.403868e-04
488 1.961723e-15 2.406534e-04
489 1.987690e-15 2.409214e-04
490 2.013656e-15 2.411910e-04
491 2.039623e-15 2.414621e-04
492 2.065589e-15 2.417347e-04
493 2.091556e-15 2.420089e-04
494 2.117522e-15 2.422847e-04
495 2.144895e-15 2.425620e-04
496 2.173673e-15 2.428410e-04
497 2.202451e-15 2.431215e-04
498 2.231229e-15 2.434035e-04
499 2.260007e-15 2.436871e-04
500 2.288786e-15 2.439722e-04
501 2.317564e-15 2.442588e-04
502 2.346342e-15 2.445468e-04
503 2.375120e-15 2.448362e-04
504 2.403898e-15 2.451270e-04
505 2.434199e-15 2.454191e-04
506 2.466022e-15 2.457125e-04
507 2.497844e-15 2.460071e-04
508 2.529667e-15 2.463029e-04
509 2.561490e-15 2.465998e-04
510 2.593313e-15 2.468978e-04
511 2.625135e-15 2.471968e-04
512 2.656958e-15 2.474968e-04
513 2.688781e-15 2.477976e-04
514 2.720604e-15 2.480993e-04
515 2.754093e-15 2.484018e-04
516 2.789249e-15 2.487050e-04
517 2.824404e-15 2.490089e-04
518 2.859560e-15 2.493134e-04
519 2.894716e-15 2.496185e-04
520 2.929872e-15 2.499241e-04
521 2.965028e-15 2.502301e-04
522 3.000183e-15 2.505366e-04
523 3.035339e-15 2.508435e-04
524 3.070495e-15 2.511506e-04
525 3.107334e-15 2.514581e-04
526 3.145857e-15 2.517659e-04
527 3.184380e-15 2.520738e-04
528 3.222904e-15 2.523820e-04
529 3.261427e-15 2.526903e-04
530 3.299950e-15 2.529988e-04
531 3.338473e-15 2.533074e-04
532 3.376996e-15 2.536161e-04
533 3.415519e-15 2.539249e-04
534 3.454042e-15 2.542338e-04
535 3.494426e-15 2.545427e-04
536 3.536669e-15 2.548516e-04
537 3.578913e-15 2.551606e-04
538 3.621157e-15 2.554695e-04
539 3.663401e-15 2.557785e-04
540 3.705645e-15 2.560874e-04
541 3.747889e-15 2.563963e-04
542 3.790133e-15 2.567051e-04
543 3.832377e-15 2.570139e-04
544 3.874621e-15 2.573227e-04
545 3.918570e-15 2.576313e-04
546 3.964224e-15 2.579399e-04
547 4.009878e-15 2.582484e-04
548 4.055532e-15 2.585567e-04
549 4.101187e-15 2.588650e-04
550 4.146841e-15 2.591731e-04
551 4.192495e-15 2.594810e-04
552 4.238149e-15 2.597888e-04
553 4.283804e-15 2.600964e-04
554 4.329458e-15 2.604038e-04
555 4.376806e-15 2.607110e-04
556 4.425847e-15 2.610179e-04
557 4.474888e-15 2.613245e-04
558 4.523929e-15 2.616309e-04
559 4.572971e-15 2.619370e-04
560 4.622012e-15 2.622427e-04
561 4.671053e-15 2.625480e-04
562 4.720095e-15 2.628529e-04
563 4.769136e-15 2.631574e-04
564 4.818177e-15 2.634614e-04
565 4.868346e-15 2.637650e-04
566 4.919643e-15 2.640680e-04
567 4.970940e-15 2.643704e-04
568 5.022237e-15 2.646722e-04
569 5.073534e-15 2.649734e-04
570 5.124831e-15 2.652739e-04
571 5.176128e-15 2.655737e-04
572 5.227425e-15 2.658727e-04
573 5.278722e-15 2.661709e-04
574 5.330019e-15 2.664683e-04
575 5.382190e-15 2.667648e-04
576 5.435236e-15 2.670604e-04
577 5.488281e-15 2.673550e-04
578 5.541327e-15 2.676486e-04
579 5.594372e-15 2.679411e-04
580 5.647418e-15 2.682325e-04
581 5.700463e-15 2.685228e-04
582 5.753509e-15 2.688118e-04
583 5.806554e-15 2.690996e-04
584 5.859600e-15 2.693861e-04
585 5.912982e-15 2.696713e-04
586 5.966701e-15 2.699550e-04
587 6.020419e-15 2.702373e-04
588 6.074138e-15 2.705181e-04
589 6.127857e-15 2.707973e-04
590 6.181576e-15 2.710749e-04
591 6.235295e-15 2.713509e-04
592 6.289014e-15 2.716251e-04
593 6.342733e-15 2.718976e-04
594 6.396452e-15 2.721683e-04
595 6.449538e-15 2.724371e-04
596 6.501992e-15 2.727040e-04
597 6.554446e-15 2.729689e-04
598 6.606900e-15 2.732318e-04
599 6.659354e-15 2.734926e-04
600 6.711808e-15 2.737512e-04
601 6.764261e-15 2.740077e-04
602 6.816715e-15 2.742619e-04
603 6.869169e-15 2.745139e-04
604 6.921623e-15 2.747635e-04
605 6.972707e-15 2.750106e-04
606 7.022420e-15 2.752553e-04
607 7.072133e-15 2.754975e-04
608 7.121846e-15 2.757372e-04
609 7.171559e-15 2.759742e-04
610 7.221271e-15 2.762085e-04
611 7.270984e-15 2.764402e-04
612 7.320697e-15 2.766690e-04
613 7.370410e-15 2.768950e-04
614 7.420123e-15 2.771182e-04
615 7.467543e-15 2.773384e-04
616 7.512669e-15 2.775556e-04
617 7.557795e-15 2.777698e-04
618 7.602921e-15 2.779809e-04
619 7.648046e-15 2.781889e-04
620 7.693172e-15 2.783937e-04
621 7.738298e-15 2.785953e-04
622 7.783424e-15 2.787936e-04
623 7.828550e-15 2.789886e-04
624 7.873676e-15 2.791802e-04
625 7.917456e-15 2.793684e-04
626 7.959889e-15 2.795532e-04
627 8.002323e-15 2.797344e-04
628 8.044756e-15 2.799122e-04
629 8.087190e-15 2.800863e-04
630 8.129623e-15 2.802568e-04
631 8.172057e-15 2.804236e-04
632 8.214490e-15 2.805867e-04
633 8.256924e-15 2.807461e-04
634 8.299358e-15 2.809017e-04
635 8.341420e-15 2.810534e-04
636 8.383113e-15 2.812013e-04
637 8.424805e-15 2.813454e-04
638 8.466498e-15 2.814855e-04
639 8.508190e-15 2.816216e-04
640 8.549882e-15 2.817537e-04
641 8.591575e-15 2.818819e-04
642 8.633267e-15 2.820059e-04
643 8.674959e-15 2.821259e-04
644 8.716652e-15 2.822418e-04
645 8.758189e-15 2.823536e-04
646 8.799571e-15 2.824613e-04
647 8.840952e-15 2.825647e-04
648 8.882334e-15 2.826640e-04
649 8.923716e-15 2.827590e-04
650 8.965097e-15 2.828498e-04
651 9.006479e-15 2.829364e-04
652 9.047861e-15 2.830187e-04
653 9.089242e-15 2.830968e-04
654 9.130624e-15 2.831705e-04
655 9.172740e-15 2.832400e-04
656 9.215590e-15 2.833051e-04
657 9.258440e-15 2.833660e-04
658 9.301290e-15 2.834225e-04
659 9.344140e-15 2.834747e-04
660 9.386990e-15 2.835226e-04
661 9.429840e-15 2.835661e-04
662 9.472690e-15 2.836054e-04
663 9.515540e-15 2.836403e-04
664 9.558390e-15 2.836709e-04
665 9.602785e-15 2.836972e-04
666 9.648725e-15 2.837191e-04
667 9.694665e-15 2.837368e-04
668 9.740605e-15 2.837502e-04
669 9.786545e-15 2.837593e-04
670 9.832485e-15 2.837641e-04
671 9.878425e-15 2.837646e-04
672 9.924365e-15 2.837610e-04
673 9.970305e-15 2.837530e-04
674 1.001625e-14 2.837409e-04
675 1.006442e-14 2.837246e-04
676 1.011482e-14 2.837041e-04
677 1.016523e-14 2.836795e-04
678 1.021563e-14 2.836507e-04
679 1.026604e-14 2.836178e-04
680 1.031644e-14 2.835808e-04
681 1.036685e-14 2.835397e-04
682 1.041726e-14 2.834946e-04
683 1.046766e-14 2.834455e-04
684 1.051807e-14 2.833924e-04
685 1.057143e-14 2.833354e-04
686 1.062777e-14 2.832744e-04
687 1.068410e-14 2.832095e-04
688 1.074043e-14 2.831407e-04
689 1.079676e-14 2.830682e-04
690 1.085309e-14 2.829918e-04
691 1.090942e-14 2.829116e-04
692 1.096575e-14 2.828278e-04
693 1.102208e-14 2.827402e-04
694 1.107842e-14 2.826489e-04
695 1.113707e-14 2.825541e-04
696 1.119804e-14 2.824557e-04
697 1.125902e-14 2.823537e-04
698 1.131999e-14 2.822482e-04
699 1.138097e-14 2.821393e-04
700 1.144195e-14 2.820269e-04
701 1.150292e-14 2.819112e-04
702 1.156390e-14 2.817921e-04
703 1.162487e-14 2.816698e-04
704 1.168585e-14 2.815442e-04
705 1.174934e-14 2.814154e-04
706 1.181536e-14 2.812834e-04
707 1.188138e-14 2.811483e-04
708 1.194740e-14 2.810102e-04
709 1.201342e-14 2.808691e-04
710 1.207944e-14 2.807249e-04
711 1.214546e-14 2.805779e-04
712 1.221148e-14 2.804280e-04
713 1.227750e-14 2.802753e-04
714 1.234352e-14 2.801198e-04
715 1.241133e-14 2.799616e-04
716 1.248093e-14 2.798007e-04
717 1.255054e-14 2.796372e-04
718 1.262014e-14 2.794712e-04
719 1.268975e-14 2.793026e-04
720 1.275936e-14 2.791316e-04
721 1.282896e-14 2.789582e-04
722 1.289857e-14 2.787824e-04
723 1.296817e-14 2.786043e-04
724 1.303778e-14 2.784239e-04
725 1.310908e-14 2.782414e-04
726 1.318207e-14 2.780568e-04
727 1.325507e-14 2.778700e-04
728 1.332806e-14 2.776812e-04
729 1.340106e-14 2.774905e-04
730 1.347406e-14 2.772978e-04
731 1.354705e-14 2.771033e-04
732 1.362005e-14 2.769069e-04
733 1.369305e-14 2.767088e-04
734 1.376604e-14 2.765090e-04
735 1.384006e-14 2.763076e-04
736 1.391509e-14 2.761046e-04
737 1.399012e-14 2.759000e-04
738 1.406515e-14 2.756940e-04
739 1.414018e-14 2.754866e-04
740 1.421522e-14 2.752778e-04
741 1.429025e-14 2.750677e-04
742 1.436528e-14 2.748563e-04
743 1.444031e-14 2.746438e-04
744 1.451534e-14 2.744301e-04
745 1.459093e-14 2.742154e-04
746 1.466707e-14 2.739996e-04
747 1.474321e-14 2.737828e-04
748 1.481935e-14 2.735651e-04
749 1.489549e-14 2.733466e-04
750 1.497163e-14 2.731273e-04
751 1.504777e-14 2.729072e-04
752 1.512391e-14 2.726864e-04
753 1.520005e-14 2.724650e-04
754 1.527619e-14 2.722429e-04
755 1.535326e-14 2.720204e-04
756 1.543127e-14 2.717974e-04
757 1.550928e-14 2.715739e-04
758 1.558730e-14 2.713501e-04
759 1.566531e-14 2.711259e-04
760 1.574332e-14 2.709015e-04
761 1.582133e-14 2.706768e-04
762 1.589934e-14 2.704520e-04
763 1.597735e-14 2.702271e-04
764 1.605536e-14 2.700021e-04
765 1.613411e-14 2.697771e-04
766 1.621360e-14 2.695521e-04
767 1.629309e-14 2.693272e-04
768 1.637258e-14 2.691025e-04
769 1.645207e-14 2.688779e-04
770 1.653155e-14 2.686535e-04
771 1.661104e-14 2.684295e-04
772 1.669053e-14 2.682057e-04
773 1.677002e-14 2.679824e-04
774 1.684951e-14 2.677594e-04
775 1.693078e-14 2.675370e-04
776 1.701383e-14 2.673150e-04
777 1.709689e-14 2.670936e-04
778 1.717994e-14 2.668728e-04
779 1.726299e-14 2.666526e-04
780 1.734604e-14 2.664331e-04
781 1.742910e-14 2.662144e-04
782 1.751215e-14 2.659964e-04
783 1.759520e-14 2.657793e-04
784 1.767826e-14 2.655630e-04
785 1.776325e-14 2.653476e-04
786 1.785018e-14 2.651332e-04
787 1.793711e-14 2.649197e-04
788 1.802404e-14 2.647073e-04
789 1.811097e-14 2.644959e-04
790 1.819791e-14 2.642856e-04
791 1.828484e-14 2.640764e-04
792 1.837177e-14 2.638684e-04
793 1.845870e-14 2.636616e-04
794 1.854563e-14 2.634561e-04
795 1.863538e-14 2.632518e-04
796 1.872793e-14 2.630488e-04
797 1.882049e-14 2.628472e-04
798 1.891305e-14 2.626469e-04
799 1.900560e-14 2.624481e-04
800 1.909816e-14 2.622506e-04
801 1.919072e-14 2.620547e-04
802 1.928327e-14 2.618602e-04
803 1.937583e-14 2.616673e-04
804 1.946839e-14 2.614759e-04
805 1.956370e-14 2.612861e-04
806 1.966176e-14 2.610980e-04
807 1.975983e-14 2.609114e-04
808 1.985789e-14 2.607265e-04
809 1.995596e-14 2.605433e-04
810 2.005403e-14 2.603618e-04
811 2.015209e-14 2.601820e-04
812 2.025016e-14 2.600040e-04
813 2.034822e-14 2.598277e-04
814 2.044629e-14 2.596533e-04
815 2.054725e-14 2.594806e-04
816 2.065111e-14 2.593098e-04
817 2.075497e-14 2.591408e-04
818 2.085883e-14 2.589737e-04
819 2.096269e-14 2.588084e-04
820 2.106655e-14 2.586451e-04
821 2.117041e-14 2.584836e-04
822 2.127427e-14 2.583241e-04
823 2.137813e-14 2.581665e-04
824 2.148199e-14 2.580108e-04
825 2.158886e-14 2.578571e-04
826 2.169873e-14 2.577053e-04
827 2.180860e-14 2.575555e-04
828 2.191847e-14 2.574077e-04
829 2.202834e-14 2.572619e-04
830 2.213822e-14 2.571181e-04
831 2.224809e-14 2.569762e-04
832 2.235796e-14 2.568363e-04
833 2.246783e-14 2.566984e-04
834 2.257770e-14 2.565626e-04
835 2.269028e-14 2.564287e-04
836 2.280557e-14 2.562968e-04
837 2.292086e-14 2.561669e-04
838 2.303615e-14 2.560389e-04
839 2.315145e-14 2.559130e-04
840 2.326674e-14 2.557890e-04
841 2.338203e-14 2.556670e-04
842 2.349732e-14 2.555470e-04
843 2.361261e-14 2.554289e-04
844 2.372790e-14 2.553127e-04
845 2.384439e-14 2.551985e-04
846 2.396207e-14 2.550862e-04
847 2.407975e-14 2.549758e-04
848 2.419742e-14 2.548673e-04
849 2.431510e-14 2.547606e-04
850 2.443278e-14 2.546558e-04
851 2.455046e-14 2.545529e-04
852 2.466814e-14 2.544517e-04
853 2.478582e-14 2.543524e-04
854 2.490350e-14 2.542548e-04
855 2.502157e-14 2.541590e-04
856 2.514004e-14 2.540648e-04
857 2.525852e-14 2.539724e-04
858 2.537699e-14 2.538817e-04
859 2.549546e-14 2.537925e-04
860 2.561393e-14 2.537050e-04
861 2.573240e-14 2.536191e-04
862 2.585087e-14 2.535347e-04
863 2.596934e-14 2.534519e-04
864 2.608782e-14 2.533705e-04
865 2.620439e-14 2.532905e-04
866 2.631907e-14 2.532120e-04
867 2.643374e-14 2.531349e-04
868 2.654842e-14 2.530591e-04
869 2.666310e-14 2.529846e-04
870 2.677777e-14 2.529113e-04
871 2.689245e-14 2.528393e-04
872 2.700713e-14 2.527684e-04
873 2.712180e-14 2.526988e-04
874 2.723648e-14 2.526302e-04
875 2.734676e-14 2.525626e-04
876 2.745264e-14 2.524961e-04
877 2.755853e-14 2.524305e-04
878 2.766441e-14 2.523659e-04
879 2.777030e-14 2.523022e-04
880 2.787618e-14 2.522393e-04
881 2.798207e-14 2.521772e-04
882 2.808795e-14 2.521158e-04
883 2.819384e-14 2.520552e-04
884 2.829972e-14 2.519952e-04
885 2.839777e-14 2.519358e-04
886 2.848799e-14 2.518770e-04
887 2.857820e-14 2.518187e-04
888 2.866842e-14 2.517608e-04
889 2.875863e-14 2.517034e-04
890 2.884885e-14 2.516464e-04
891 2.893906e-14 2.515896e-04
892 2.902928e-14 2.515332e-04
893 2.911949e-14 2.514769e-04
894 2.920971e-14 2.514209e-04
895 2.928851e-14 2.513650e-04
896 2.935590e-14 2.513091e-04
897 2.942330e-14 2.512533e-04
898 2.949069e-14 2.511975e-04
899 2.955808e-14 2.511416e-04
900 2.962547e-14 2.510855e-04
901 2.969287e-14 2.510294e-04
902 2.976026e-14 2.509730e-04
903 2.982765e-14 2.509163e-04
904 2.989505e-14 2.508594e-04
905 2.994850e-14 2.508021e-04
906 2.998802e-14 2.507444e-04
907 3.002754e-14 2.506862e-04
908 3.006706e-14 2.506275e-04
909 3.010658e-14 2.505683e-04
910 3.014610e-14 2.505085e-04
911 3.018562e-14 2.504481e-04
912 3.022514e-14 2.503870e-04
913 3.026465e-14 2.503252e-04
914 3.030417e-14 2.502626e-04
915 3.032527e-14 2.501992e-04
916 3.032795e-14 2.501350e-04
917 3.033063e-14 2.500698e-04
918 3.033331e-14 2.500038e-04
919 3.033599e-14 2.499367e-04
920 3.033867e-14 2.498686e-04
921 3.034135e-14 2.497995e-04
922 3.034403e-14 2.497293e-04
923 3.034671e-14 2.496579e-04
924 3.034938e-14 2.495854e-04
925 3.033264e-14 2.495116e-04
926 3.029646e-14 2.494366e-04
927 3.026029e-14 2.493604e-04
928 3.022411e-14 2.492828e-04
929 3.018794e-14 2.492039e-04
930 3.015176e-14 2.491236e-04
931 3.011559e-14 2.490419e-04
932 3.007941e-14 2.489587e-04
933 3.004324e-14 2.488741e-04
934 3.000707e-14 2.487880e-04
935 2.995091e-14 2.487004e-04
936 2.987478e-14 2.486113e-04
937 2.979864e-14 2.485205e-04
938 2.972251e-14 2.484282e-04
939 2.964637e-14 2.483343e-04
940 2.957024e-14 2.482387e-04
941 2.949411e-14 2.481415e-04
942 2.941797e-14 2.480426e-04
943 2.934184e-14 2.479420e-04
944 2.926570e-14 2.478397e-04
945 2.916946e-14 2.477357e-04
946 2.905312e-14 2.476300e-04
947 2.893677e-14 2.475225e-04
948 2.882042e-14 2.474133e-04
949 2.870407e-14 2.473023e-04
950 2.858773e-14 2.471896e-04
951 2.847138e-14 2.470751e-04
952 2.835503e-14 2.469589e-04
953 2.823869e-14 2.468408e-04
954 2.812234e-14 2.467210e-04
955 2.799235e-14 2.465995e-04
956 2.784873e-14 2.464761e-04
957 2.770510e-14 2.463511e-04
958 2.756148e-14 2.462242e-04
959 2.741785e-14 2.460957e-04
960 2.727423e-14 2.459654e-04
961 2.713060e-14 2.458333e-04
962 2.698698e-14 2.456996e-04
963 2.684335e-14 2.455642e-04
964 2.669972e-14 2.454271e-04
965 2.654732e-14 2.452884e-04
966 2.638614e-14 2.451480e-04
967 2.622496e-14 2.450060e-04
968 2.606378e-14 2.448623e-04
969 2.590260e-14 2.447172e-04
970 2.574141e-14 2.445704e-04
971 2.558023e-14 2.444221e-04
972 2.541905e-14 2.442724e-04
973 2.525787e-14 2.441211e-04
974 2.509669e-14 2.439684e-04
975 2.493688e-14 2.438143e-04
976 2.477844e-14 2.436588e-04
977 2.462000e-14 2.435019e-04
978 2.446156e-14 2.433437e-04
979 2.430311e-14 2.431843e-04
980 2.414467e-14 2.430235e-04
981 2.398623e-14 2.428615e-04
982 2.382779e-14 2.426984e-04
983 2.366935e-14 2.425341e-04
984 2.351091e-14 2.423686e-04
985 2.336274e-14 2.422021e-04
986 2.322485e-14 2.420346e-04
987 2.308695e-14 2.418660e-04
988 2.294906e-14 2.416965e-04
989 2.281116e-14 2.415261e-04
990 2.267326e-14 2.413548e-04
991 2.253537e-14 2.411826e-04
992 2.239747e-14 2.410097e-04
993 2.225958e-14 2.408360e-04
994 2.212168e-14 2.406615e-04
995 2.200309e-14 2.404865e-04
996 2.190380e-14 2.403107e-04
997 2.180450e-14 2.401345e-04
998 2.170521e-14 2.399576e-04
999 2.160592e-14 2.397803e-04
1000 2.150663e-14 2.396026e-04
1001 2.140734e-14 2.394244e-04
1002 2.130805e-14 2.392459e-04
1003 2.120876e-14 2.390671e-04
1004 2.110947e-14 2.388880e-04
1005 2.103653e-14 2.387087e-04
1006 2.098996e-14 2.385292e-04
1007 2.094338e-14 2.383496e-04
1008 2.089680e-14 2.381699e-04
1009 2.085023e-14 2.379902e-04
1010 2.080365e-14 2.378105e-04
1011 2.075707e-14 2.376309e-04
1012 2.071050e-14 2.374513e-04
1013 2.066392e-14 2.372720e-04
1014 2.061734e-14 2.370928e-04
1015 2.059997e-14 2.369138e-04
1016 2.061181e-14 2.367352e-04
1017 2.062364e-14 2.365569e-04
1018 2.063547e-14 2.363789e-04
1019 2.064731e-14 2.362014e-04
1020 2.065914e-14 2.360243e-04
1021 2.067097e-14 2.358478e-04
1022 2.068281e-14 2.356718e-04
1023 2.069464e-14 2.354964e-04
1024 2.070647e-14 2.353216e-04
1025 2.074691e-14 2.351476e-04
1026 2.081596e-14 2.349742e-04
1027 2.088500e-14 2.348016e-04
1028 2.095405e-14 2.346298e-04
1029 2.102309e-14 2.344589e-04
1030 2.109213e-14 2.342888e-04
1031 2.116118e-14 2.341197e-04
1032 2.123022e-14 2.339515e-04
1033 2.129927e-14 2.337843e-04
1034 2.136831e-14 2.336181e-04
1035 2.146430e-14 2.334530e-04
1036 2.158722e-14 2.332890e-04
1037 2.171015e-14 2.331262e-04
1038 2.183307e-14 2.329645e-04
1039 2.195600e-14 2.328040e-04
1040 2.207892e-14 2.326447e-04
1041 2.220185e-14 2.324867e-04
1042 2.232478e-14 2.323300e-04
1043 2.244770e-14 2.321746e-04
1044 2.257063e-14 2.320205e-04
1045 2.271502e-14 2.318678e-04
1046 2.288088e-14 2.317165e-04
1047 2.304674e-14 2.315666e-04
1048 2.321260e-14 2.314182e-04
1049 2.337846e-14 2.312712e-04
1050 2.354432e-14 2.311257e-04
1051 2.371019e-14 2.309817e-04
1052 2.387605e-14 2.308392e-04
1053 2.404191e-14 2.306982e-04
1054 2.420777e-14 2.305587e-04
1055 2.439223e-14 2.304209e-04
1056 2.459530e-14 2.302846e-04
1057 2.479836e-14 2.301498e-04
1058 2.500143e-14 2.300167e-04
1059 2.520450e-14 2.298851e-04
1060 2.540756e-14 2.297552e-04
1061 2.561063e-14 2.296269e-04
1062 2.581370e-14 2.295001e-04
1063 2.601676e-14 2.293750e-04
1064 2.621983e-14 2.292515e-04
1065 2.643635e-14 2.291296e-04
1066 2.666632e-14 2.290093e-04
1067 2.689630e-14 2.288906e-04
1068 2.712627e-14 2.287736e-04
1069 2.735625e-14 2.286581e-04
1070 2.758622e-14 2.285442e-04
1071 2.781619e-14 2.284320e-04
1072 2.804617e-14 2.283213e-04
1073 2.827614e-14 2.282122e-04
1074 2.850612e-14 2.281046e-04
1075 2.874727e-14 2.279986e-04
1076 2.899959e-14 2.278941e-04
1077 2.925191e-14 2.277912e-04
1078 2.950424e-14 2.276898e-04
1079 2.975656e-14 2.275899e-04
1080 3.000888e-14 2.274915e-04
1081 3.026121e-14 2.273945e-04
1082 3.051353e-14 2.272990e-04
1083 3.076585e-14 2.272050e-04
1084 3.101818e-14 2.271123e-04
1085 3.128001e-14 2.270211e-04
1086 3.155135e-14 2.269312e-04
1087 3.182270e-14 2.268427e-04
1088 3.209404e-14 2.267555e-04
1089 3.236538e-14 2.266696e-04
1090 3.263673e-14 2.265850e-04
1091 3.290807e-14 2.265017e-04
1092 3.317941e-14 2.264196e-04
1093 3.345075e-14 2.263387e-04
1094 3.372210e-14 2.262590e-04
1095 3.400088e-14 2.261805e-04
1096 3.428710e-14 2.261031e-04
1097 3.457331e-14 2.260268e-04
1098 3.485953e-14 2.259515e-04
1099 3.514575e-14 2.258773e-04
1100 3.543197e-14 2.258042e-04
1101 3.571818e-14 2.257320e-04
1102 3.600440e-14 2.256608e-04
1103 3.629062e-14 2.255905e-04
1104 3.657684e-14 2.255210e-04
1105 3.687096e-14 2.254525e-04
1106 3.717299e-14 2.253848e-04
1107 3.747502e-14 2.253178e-04
1108 3.777704e-14 2.252517e-04
1109 3.807907e-14 2.251862e-04
1110 3.838110e-14 2.251215e-04
1111 3.868313e-14 2.250574e-04
1112 3.898516e-14 2.249939e-04
1113 3.928718e-14 2.249310e-04
1114 3.958921e-14 2.248687e-04
1115 3.990008e-14 2.248069e-04
1116 4.021980e-14 2.247455e-04
1117 4.053951e-14 2.246846e-04
1118 4.085922e-14 2.246242e-04
1119 4.117894e-14 2.245640e-04
1120 4.149865e-14 2.245043e-04
1121 4.181836e-14 2.244448e-04
1122 4.213808e-14 2.243856e-04
1123 4.245779e-14 2.243266e-04
1124 4.277750e-14 2.242678e-04
1125 4.310400e-14 2.242091e-04
1126 4.343727e-14 2.241506e-04
1127 4.377054e-14 2.240921e-04
1128 4.410381e-14 2.240337e-04
1129 4.443708e-14 2.239752e-04
1130 4.477035e-14 2.239168e-04
1131 4.510362e-14 2.238582e-04
1132 4.543689e-14 2.237996e-04
1133 4.577016e-14 2.237407e-04
1134 4.610343e-14 2.236817e-04
1135 4.644552e-14 2.236225e-04
1136 4.679643e-14 2.235630e-04
1137 4.714733e-14 2.235032e-04
1138 4.749824e-14 2.234431e-04
1139 4.784915e-14 2.233826e-04
1140 4.820005e-14 2.233217e-04
1141 4.855096e-14 2.232604e-04
1142 4.890186e-14 2.231985e-04
1143 4.925277e-14 2.231362e-04
1144 4.960368e-14 2.230733e-04
1145 4.996034e-14 2.230098e-04
1146 5.032276e-14 2.229457e-04
1147 5.068518e-14 2.228809e-04
1148 5.104759e-14 2.228155e-04
1149 5.141001e-14 2.227493e-04
1150 5.177243e-14 2.226823e-04
1151 5.213485e-14 2.226146e-04
1152 5.249727e-14 2.225460e-04
1153 5.285969e-14 2.224766e-04
1154 5.322211e-14 2.224063e-04
1155 5.359126e-14 2.223351e-04
1156 5.396715e-14 2.222629e-04
1157 5.434303e-14 2.221898e-04
1158 5.471892e-14 2.221156e-04
1159 5.509481e-14 2.220404e-04
1160 5.547069e-14 2.219641e-04
1161 5.584658e-14 2.218867e-04
1162 5.622247e-14 2.218082e-04
1163 5.659836e-14 2.217285e-04
1164 5.697424e-14 2.216477e-04
1165 5.735355e-14 2.215656e-04
1166 5.773628e-14 2.214823e-04
1167 5.811901e-14 2.213978e-04
1168 5.850174e-14 2.213119e-04
1169 5.888447e-14 2.212248e-04
1170 5.926720e-14 2.211363e-04
1171 5.964993e-14 2.210464e-04
1172 6.003266e-14 2.209552e-04
1173 6.041539e-14 2.208625e-04
1174 6.079812e-14 2.207684e-04
1175 6.118168e-14 2.206728e-04
1176 6.156606e-14 2.205758e-04
1177 6.195044e-14 2.204773e-04
1178 6.233482e-14 2.203772e-04
1179 6.271920e-14 2.202756e-04
1180 6.310358e-14 2.201724e-04
1181 6.348796e-14 2.200677e-04
1182 6.387234e-14 2.199613e-04
1183 6.425673e-14 2.198533e-04
1184 6.464111e-14 2.197437e-04
1185 6.502270e-14 2.196323e-04
1186 6.540151e-14 2.195194e-04
1187 6.578031e-14 2.194047e-04
1188 6.615912e-14 2.192883e-04
1189 6.653793e-14 2.191701e-04
1190 6.691673e-14 2.190502e-04
1191 6.729554e-14 2.189285e-04
1192 6.767435e-14 2.188051e-04
1193 6.805316e-14 2.186798e-04
1194 6.843196e-14 2.185527e-04
1195 6.880456e-14 2.184238e-04
1196 6.917096e-14 2.182930e-04
1197 6.953735e-14 2.181604e-04
1198 6.990375e-14 2.180259e-04
1199 7.027014e-14 2.178895e-04
1200 7.063654e-14 2.177512e-04
1201 7.100293e-14 2.176110e-04
1202 7.136933e-14 2.174688e-04
1203 7.173572e-14 2.173247e-04
1204 7.210212e-14 2.171787e-04
1205 7.245750e-14 2.170307e-04
1206 7.280187e-14 2.168807e-04
1207 7.314624e-14 2.167287e-04
1208 7.349061e-14 2.165747e-04
1209 7.383498e-14 2.164187e-04
1210 7.417936e-14 2.162607e-04
1211 7.452373e-14 2.161007e-04
1212 7.486810e-14 2.159386e-04
1213 7.521247e-14 2.157745e-04
1214 7.555684e-14 2.156083e-04
1215 7.588883e-14 2.154400e-04
1216 7.620844e-14 2.152697e-04
1217 7.652805e-14 2.150973e-04
1218 7.684766e-14 2.149228e-04
1219 7.716726e-14 2.147463e-04
1220 7.748687e-14 2.145676e-04
1221 7.780648e-14 2.143868e-04
1222 7.812609e-14 2.142039e-04
1223 7.844570e-14 2.140189e-04
1224 7.876531e-14 2.138317e-04
1225 7.906907e-14 2.136425e-04
1226 7.935700e-14 2.134511e-04
1227 7.964492e-14 2.132575e-04
1228 7.993284e-14 2.130618e-04
1229 8.022076e-14 2.128640e-04
1230 8.050869e-14 2.126640e-04
1231 8.079661e-14 2.124618e-04
1232 8.108453e-14 2.122576e-04
1233 8.137245e-14 2.120511e-04
1234 8.166038e-14 2.118425e-04
1235 8.193668e-14 2.116317e-04
1236 8.220138e-14 2.114187e-04
1237 8.246607e-14 2.112036e-04
1238 8.273076e-14 2.109863e-04
1239 8.299545e-14 2.107669e-04
1240 8.326014e-14 2.105452e-04
1241 8.352483e-14 2.103214e-04
1242 8.378952e-14 2.100955e-04
1243 8.405421e-14 2.098673e-04
1244 8.431891e-14 2.096370e-04
1245 8.457526e-14 2.094045e-04
1246 8.482328e-14 2.091699e-04
1247 8.507130e-14 2.089330e-04
1248 8.531932e-14 2.086940e-04
1249 8.556734e-14 2.084529e-04
1250 8.581536e-14 2.082096e-04
1251 8.606338e-14 2.079641e-04
1252 8.631140e-14 2.077164e-04
1253 8.655942e-14 2.074666e-04
1254 8.680743e-14 2.072147e-04
1255 8.705538e-14 2.069606e-04
1256 8.730326e-14 2.067043e-04
1257 8.755114e-14 2.064459e-04
1258 8.779902e-14 2.061854e-04
1259 8.804689e-14 2.059227e-04
1260 8.829477e-14 2.056579e-04
1261 8.854265e-14 2.053910e-04
1262 8.879052e-14 2.051220e-04
1263 8.903840e-14 2.048508e-04
1264 8.928628e-14 2.045775e-04
1265 8.954455e-14 2.043021e-04
1266 8.981320e-14 2.040247e-04
1267 9.008186e-14 2.037451e-04
1268 9.035051e-14 2.034634e-04
1269 9.061917e-14 2.031797e-04
1270 9.088783e-14 2.028939e-04
1271 9.115648e-14 2.026060e-04
1272 9.142514e-14 2.023161e-04
1273 9.169379e-14 2.020241e-04
1274 9.196245e-14 2.017300e-04
1275 9.225140e-14 2.014340e-04
1276 9.256066e-14 2.011359e-04
1277 9.286991e-14 2.008357e-04
1278 9.317916e-14 2.005336e-04
1279 9.348841e-14 2.002295e-04
1280 9.379767e-14 1.999233e-04
1281 9.410692e-14 1.996152e-04
1282 9.441617e-14 1.993051e-04
1283 9.472542e-14 1.989930e-04
1284 9.503468e-14 1.986790e-04
1285 9.537679e-14 1.983630e-04
1286 9.575175e-14 1.980451e-04
1287 9.612671e-14 1.977253e-04
1288 9.650168e-14 1.974035e-04
1289 9.687664e-14 1.970798e-04
1290 9.725161e-14 1.967542e-04
1291 9.762657e-14 1.964268e-04
1292 9.800153e-14 1.960975e-04
1293 9.837650e-14 1.957663e-04
1294 9.875146e-14 1.954332e-04
1295 9.916696e-14 1.950983e-04
1296 9.962298e-14 1.947616e-04
1297 1.000790e-13 1.944231e-04
1298 1.005350e-13 1.940827e-04
1299 1.009910e-13 1.937406e-04
1300 1.014471e-13 1.933966e-04
1301 1.019031e-13 1.930510e-04
1302 1.023591e-13 1.927035e-04
1303 1.028151e-13 1.923543e-04
1304 1.032712e-13 1.920034e-04
1305 1.037678e-13 1.916508e-04
1306 1.043052e-13 1.912964e-04
1307 1.048426e-13 1.909404e-04
1308 1.053800e-13 1.905827e-04
1309 1.059173e-13 1.902233e-04
1310 1.064547e-13 1.898623e-04
1311 1.069921e-13 1.894996e-04
1312 1.075295e-13 1.891353e-04
1313 1.080668e-13 1.887694e-04
1314 1.086042e-13 1.884020e-04
1315 1.091871e-13 1.880329e-04
1316 1.098154e-13 1.876623e-04
1317 1.104437e-13 1.872901e-04
1318 1.110720e-13 1.869164e-04
1319 1.117004e-13 1.865412e-04
1320 1.123287e-13 1.861644e-04
1321 1.129570e-13 1.857862e-04
1322 1.135854e-13 1.854065e-04
1323 1.142137e-13 1.850254e-04
1324 1.148420e-13 1.846428e-04
1325 1.155066e-13 1.842588e-04
1326 1.162073e-13 1.838733e-04
1327 1.169080e-13 1.834865e-04
1328 1.176088e-13 1.830983e-04
1329 1.183095e-13 1.827087e-04
1330 1.190103e-13 1.823178e-04
1331 1.197110e-13 1.819256e-04
1332 1.204118e-13 1.815320e-04
1333 1.211125e-13 1.811372e-04
1334 1.218133e-13 1.807410e-04
1335 1.225459e-13 1.803436e-04
1336 1.233104e-13 1.799450e-04
1337 1.240749e-13 1.795451e-04
1338 1.248393e-13 1.791440e-04
1339 1.256038e-13 1.787417e-04
1340 1.263683e-13 1.783383e-04
1341 1.271328e-13 1.779337e-04
1342 1.278973e-13 1.775279e-04
1343 1.286618e-13 1.771210e-04
1344 1.294263e-13 1.767130e-04
1345 1.302120e-13 1.763039e-04
1346 1.310188e-13 1.758937e-04
1347 1.318256e-13 1.754825e-04
1348 1.326325e-13 1.750702e-04
1349 1.334393e-13 1.746569e-04
1350 1.342462e-13 1.742426e-04
1351 1.350530e-13 1.738273e-04
1352 1.358599e-13 1.734111e-04
1353 1.366667e-13 1.729939e-04
1354 1.374735e-13 1.725758e-04
1355 1.382934e-13 1.721567e-04
1356 1.391264e-13 1.717368e-04
1357 1.399594e-13 1.713160e-04
1358 1.407924e-13 1.708943e-04
1359 1.416254e-13 1.704718e-04
1360 1.424584e-13 1.700484e-04
1361 1.432913e-13 1.696243e-04
1362 1.441243e-13 1.691994e-04
1363 1.449573e-13 1.687737e-04
1364 1.457903e-13 1.683472e-04
1365 1.466345e-13 1.679201e-04
1366 1.474901e-13 1.674922e-04
1367 1.483456e-13 1.670636e-04
1368 1.492012e-13 1.666344e-04
1369 1.500567e-13 1.662045e-04
1370 1.509123e-13 1.657739e-04
1371 1.517678e-13 1.653428e-04
1372 1.526233e-13 1.649110e-04
1373 1.534789e-13 1.644787e-04
1374 1.543344e-13 1.640458e-04
1375 1.551903e-13 1.636123e-04
1376 1.560466e-13 1.631784e-04
1377 1.569029e-13 1.627439e-04
1378 1.577592e-13 1.623089e-04
1379 1.586155e-13 1.618735e-04
1380 1.594718e-13 1.614376e-04
1381 1.603281e-13 1.610013e-04
1382 1.611844e-13 1.605646e-04
1383 1.620407e-13 1.601275e-04
1384 1.628970e-13 1.596900e-04
1385 1.637536e-13 1.592522e-04
1386 1.646103e-13 1.588140e-04
1387 1.654671e-13 1.583755e-04
1388 1.663239e-13 1.579368e-04
1389 1.671807e-13 1.574977e-04
1390 1.680375e-13 1.570584e-04
1391 1.688942e-13 1.566188e-04
1392 1.697510e-13 1.561790e-04
1393 1.706078e-13 1.557390e-04
1394 1.714646e-13 1.552988e-04
1395 1.723228e-13 1.548585e-04
1396 1.731824e-13 1.544180e-04
1397 1.740421e-13 1.539773e-04
1398 1.749017e-13 1.535366e-04
1399 1.757613e-13 1.530957e-04
1400 1.766210e-13 1.526548e-04
1401 1.774806e-13 1.522139e-04
1402 1.783402e-13 1.517728e-04
1403 1.791999e-13 1.513318e-04
1404 1.800595e-13 1.508908e-04
1405 1.809174e-13 1.504498e-04
1406 1.817736e-13 1.500088e-04
1407 1.826298e-13 1.495679e-04
1408 1.834860e-13 1.491270e-04
1409 1.843422e-13 1.486862e-04
1410 1.851984e-13 1.482456e-04
1411 1.860546e-13 1.478050e-04
1412 1.869108e-13 1.473646e-04
1413 1.877670e-13 1.469244e-04
1414 1.886232e-13 1.464843e-04
1415 1.894848e-13 1.460445e-04
1416 1.903518e-13 1.456048e-04
1417 1.912188e-13 1.451654e-04
1418 1.920858e-13 1.447263e-04
1419 1.929529e-13 1.442874e-04
1420 1.938199e-13 1.438487e-04
1421 1.946869e-13 1.434104e-04
1422 1.955539e-13 1.429724e-04
1423 1.964209e-13 1.425348e-04
1424 1.972880e-13 1.420974e-04
1425 1.981530e-13 1.416605e-04
1426 1.990161e-13 1.412239e-04
1427 1.998791e-13 1.407878e-04
1428 2.007422e-13 1.403520e-04
1429 2.016052e-13 1.399167e-04
1430 2.024683e-13 1.394819e-04
1431 2.033313e-13 1.390475e-04
1432 2.041944e-13 1.386136e-04
1433 2.050574e-13 1.381802e-04
1434 2.059205e-13 1.377473e-04
1435 2.067814e-13 1.373150e-04
1436 2.076402e-13 1.368832e-04
1437 2.084990e-13 1.364519e-04
1438 2.093578e-13 1.360213e-04
1439 2.102166e-13 1.355912e-04
1440 2.110753e-13 1.351618e-04
1441 2.119341e-13 1.347330e-04
1442 2.127929e-13 1.343048e-04
1443 2.136517e-13 1.338772e-04
1444 2.145105e-13 1.334504e-04
1445 2.153681e-13 1.330242e-04
1446 2.162246e-13 1.325987e-04
1447 2.170811e-13 1.321740e-04
1448 2.179376e-13 1.317500e-04
1449 2.187941e-13 1.313267e-04
1450 2.196506e-13 1.309042e-04
1451 2.205071e-13 1.304824e-04
1452 2.213635e-13 1.300614e-04
1453 2.222200e-13 1.296413e-04
1454 2.230765e-13 1.292219e-04
1455 2.239201e-13 1.288034e-04
1456 2.247509e-13 1.283857e-04
1457 2.255816e-13 1.279689e-04
1458 2.264123e-13 1.275529e-04
1459 2.272431e-13 1.271378e-04
1460 2.280738e-13 1.267236e-04
1461 2.289046e-13 1.263103e-04
1462 2.297353e-13 1.258979e-04
1463 2.305661e-13 1.254865e-04
1464 2.313968e-13 1.250760e-04
1465 2.322135e-13 1.246664e-04
1466 2.330161e-13 1.242578e-04
1467 2.338187e-13 1.238502e-04
1468 2.346213e-13 1.234436e-04
1469 2.354240e-13 1.230380e-04
1470 2.362266e-13 1.226334e-04
1471 2.370292e-13 1.222298e-04
1472 2.378318e-13 1.218272e-04
1473 2.386344e-13 1.214257e-04
1474 2.394370e-13 1.210253e-04
1475 2.402154e-13 1.206259e-04
1476 2.409696e-13 1.202276e-04
1477 2.417238e-13 1.198303e-04
1478 2.424780e-13 1.194342e-04
1479 2.432322e-13 1.190392e-04
1480 2.439864e-13 1.186453e-04
1481 2.447406e-13 1.182525e-04
1482 2.454947e-13 1.178609e-04
1483 2.462489e-13 1.174704e-04
1484 2.470031e-13 1.170811e-04
1485 2.477156e-13 1.166929e-04
1486 2.483864e-13 1.163059e-04
1487 2.490573e-13 1.159201e-04
1488 2.497281e-13 1.155355e-04
1489 2.503989e-13 1.151521e-04
1490 2.510697e-13 1.147699e-04
1491 2.517406e-13 1.143889e-04
1492 2.524114e-13 1.140092e-04
1493 2.530822e-13 1.136306e-04
1494 2.537530e-13 1.132534e-04
1495 2.543714e-13 1.128774e-04
1496 2.549373e-13 1.125026e-04
1497 2.555033e-13 1.121291e-04
1498 2.560692e-13 1.117569e-04
1499 2.566351e-13 1.113860e-04
1500 2.572010e-13 1.110164e-04
1501 2.577670e-13 1.106480e-04
1502 2.583329e-13 1.102810e-04
1503 2.588988e-13 1.099153e-04
1504 2.594647e-13 1.095509e-04
1505 2.599610e-13 1.091878e-04
1506 2.603877e-13 1.088261e-04
1507 2.608144e-13 1.084657e-04
1508 2.612411e-13 1.081067e-04
1509 2.616678e-13 1.077490e-04
1510 2.620944e-13 1.073927e-04
1511 2.625211e-13 1.070377e-04
1512 2.629478e-13 1.066841e-04
1513 2.633745e-13 1.063319e-04
1514 2.638012e-13 1.059811e-04
1515 2.641470e-13 1.056317e-04
1516 2.644121e-13 1.052836e-04
1517 2.646772e-13 1.049370e-04
1518 2.649422e-13 1.045918e-04
1519 2.652073e-13 1.042480e-04
1520 2.654723e-13 1.039056e-04
1521 2.657374e-13 1.035646e-04
1522 2.660024e-13 1.032251e-04
1523 2.662675e-13 1.028869e-04
1524 2.665326e-13 1.025503e-04
1525 2.667068e-13 1.022150e-04
1526 2.667903e-13 1.018812e-04
1527 2.668738e-13 1.015489e-04
1528 2.669573e-13 1.012180e-04
1529 2.670408e-13 1.008886e-04
1530 2.671243e-13 1.005606e-04
1531 2.672078e-13 1.002342e-04
1532 2.672913e-13 9.990913e-05
1533 2.673748e-13 9.958559e-05
1534 2.674583e-13 9.926352e-05
1535 2.674376e-13 9.894293e-05
1536 2.673129e-13 9.862383e-05
1537 2.671881e-13 9.830622e-05
1538 2.670634e-13 9.799010e-05
1539 2.669386e-13 9.767548e-05
1540 2.668138e-13 9.736236e-05
1541 2.666891e-13 9.705073e-05
1542 2.665643e-13 9.674061e-05
1543 2.664396e-13 9.643200e-05
1544 2.663148e-13 9.612489e-05
1545 2.660939e-13 9.581930e-05
1546 2.657770e-13 9.551522e-05
1547 2.654600e-13 9.521266e-05
1548 2.651430e-13 9.491162e-05
1549 2.648260e-13 9.461210e-05
1550 2.645091e-13 9.431410e-05
1551 2.641921e-13 9.401762e-05
1552 2.638751e-13 9.372267e-05
1553 2.635581e-13 9.342925e-05
1554 2.632412e-13 9.313736e-05
1555 2.628292e-13 9.284700e-05
1556 2.623221e-13 9.255818e-05
1557 2.618151e-13 9.227088e-05
1558 2.613081e-13 9.198513e-05
1559 2.608010e-13 9.170090e-05
1560 2.602940e-13 9.141822e-05
1561 2.597870e-13 9.113707e-05
1562 2.592800e-13 9.085747e-05
1563 2.587729e-13 9.057940e-05
1564 2.582659e-13 9.030288e-05
1565 2.576277e-13 9.002789e-05
1566 2.568583e-13 8.975445e-05
1567 2.560890e-13 8.948255e-05
1568 2.553196e-13 8.921219e-05
1569 2.545502e-13 8.894337e-05
1570 2.537809e-13 8.867610e-05
1571 2.530115e-13 8.841037e-05
1572 2.522421e-13 8.814618e-05
1573 2.514727e-13 8.788353e-05
1574 2.507034e-13 8.762243e-05
1575 2.495934e-13 8.736286e-05
1576 2.481428e-13 8.710484e-05
1577 2.466922e-13 8.684836e-05
1578 2.452416e-13 8.659342e-05
1579 2.437909e-13 8.634002e-05
1580 2.423403e-13 8.608815e-05
1581 2.408897e-13 8.583783e-05
1582 2.394391e-13 8.558904e-05
1583 2.379885e-13 8.534179e-05
1584 2.365379e-13 8.509607e-05
1585 2.348761e-13 8.485188e-05
1586 2.330031e-13 8.460923e-05
1587 2.311301e-13 8.436811e-05
1588 2.292571e-13 8.412852e-05
1589 2.273841e-13 8.389045e-05
1590 2.255111e-13 8.365392e-05
1591 2.236381e-13 8.341890e-05
1592 2.217651e-13 8.318541e-05
1593 2.198921e-13 8.295344e-05
1594 2.180192e-13 8.272299e-05
1595 2.160470e-13 8.249405e-05
1596 2.139756e-13 8.226663e-05
1597 2.119042e-13 8.204073e-05
1598 2.098328e-13 8.181633e-05
1599 2.077614e-13 8.159344e-05
1600 2.056900e-13 8.137206e-05
1601 2.036187e-13 8.115218e-05
1602 2.015473e-13 8.093380e-05
1603 1.994759e-13 8.071691e-05
1604 1.974045e-13 8.050153e-05
1605 1.952835e-13 8.028763e-05
1606 1.931127e-13 8.007523e-05
1607 1.909420e-13 7.986431e-05
1608 1.887713e-13 7.965487e-05
1609 1.866006e-13 7.944692e-05
1610 1.844299e-13 7.924044e-05
1611 1.822591e-13 7.903544e-05
1612 1.800884e-13 7.883190e-05
1613 1.779177e-13 7.862984e-05
1614 1.757470e-13 7.842924e-05
1615 1.735489e-13 7.823009e-05
1616 1.713235e-13 7.803241e-05
1617 1.690982e-13 7.783618e-05
1618 1.668728e-13 7.764139e-05
1619 1.646474e-13 7.744806e-05
1620 1.624220e-13 7.725616e-05
1621 1.601966e-13 7.706570e-05
1622 1.579712e-13 7.687668e-05
1623 1.557459e-13 7.668908e-05
1624 1.535205e-13 7.650291e-05
1625 1.512901e-13 7.631817e-05
1626 1.490546e-13 7.613484e-05
1627 1.468191e-13 7.595292e-05
1628 1.445836e-13 7.577241e-05
1629 1.423482e-13 7.559330e-05
1630 1.401127e-13 7.541559e-05
1631 1.378772e-13 7.523928e-05
1632 1.356418e-13 7.506436e-05
1633 1.334063e-13 7.489082e-05
1634 1.311708e-13 7.471866e-05
1635 1.289029e-13 7.454788e-05
1636 1.266027e-13 7.437847e-05
1637 1.243024e-13 7.421043e-05
1638 1.220021e-13 7.404374e-05
1639 1.197019e-13 7.387841e-05
1640 1.174016e-13 7.371443e-05
1641 1.151013e-13 7.355180e-05
1642 1.128010e-13 7.339051e-05
1643 1.105008e-13 7.323055e-05
1644 1.082005e-13 7.307192e-05
1645 1.058416e-13 7.291462e-05
1646 1.034241e-13 7.275863e-05
1647 1.010066e-13 7.260395e-05
1648 9.858912e-14 7.245059e-05
1649 9.617162e-14 7.229852e-05
1650 9.375412e-14 7.214775e-05
1651 9.133663e-14 7.199827e-05
1652 8.891913e-14 7.185007e-05
1653 8.650164e-14 7.170316e-05
1654 8.408414e-14 7.155751e-05
1655 8.155465e-14 7.141313e-05
1656 7.891317e-14 7.127001e-05
1657 7.627169e-14 7.112815e-05
1658 7.363021e-14 7.098753e-05
1659 7.098873e-14 7.084815e-05
1660 6.834725e-14 7.071002e-05
1661 6.570577e-14 7.057310e-05
1662 6.306429e-14 7.043742e-05
1663 6.042281e-14 7.030295e-05
1664 5.778133e-14 7.016968e-05
1665 5.496611e-14 7.003763e-05
1666 5.197715e-14 6.990677e-05
1667 4.898818e-14 6.977710e-05
1668 4.599922e-14 6.964861e-05
1669 4.301026e-14 6.952130e-05
1670 4.002129e-14 6.939516e-05
1671 3.703233e-14 6.927018e-05
1672 3.404337e-14 6.914636e-05
1673 3.105441e-14 6.902369e-05
1674 2.806544e-14 6.890217e-05
1675 2.487729e-14 6.878178e-05
1676 2.148994e-14 6.866252e-05
1677 1.810259e-14 6.854438e-05
1678 1.471524e-14 6.842735e-05
1679 1.132788e-14 6.831143e-05
1680 7.940534e-15 6.819661e-05
1681 4.553183e-15 6.808289e-05
1682 1.165832e-15 6.797025e-05
1683 -2.221518e-15 6.785869e-05
1684 -5.608869e-15 6.774820e-05
1685 -8.673860e-15 6.763878e-05
1686 -1.141649e-14 6.753041e-05
1687 -1.415912e-14 6.742309e-05
1688 -1.690175e-14 6.731682e-05
1689 -1.964438e-14 6.721157e-05
1690 -2.238701e-14 6.710735e-05
1691 -2.512964e-14 6.700416e-05
1692 -2.787227e-14 6.690197e-05
1693 -3.061490e-14 6.680079e-05
1694 -3.335754e-14 6.670060e-05
1695 -3.568602e-14 6.660140e-05
1696 -3.760036e-14 6.650318e-05
1697 -3.951470e-14 6.640593e-05
1698 -4.142904e-14 6.630965e-05
1699 -4.334338e-14 6.621432e-05
1700 -4.525772e-14 6.611994e-05
1701 -4.717206e-14 6.602651e-05
1702 -4.908640e-14 6.593400e-05
1703 -5.100074e-14 6.584242e-05
1704 -5.291508e-14 6.575176e-05
1705 -5.465458e-14 6.566200e-05
1706 -5.621922e-14 6.557315e-05
1707 -5.778386e-14 6.548519e-05
1708 -5.934850e-14 6.539811e-05
1709 -6.091315e-14 6.531191e-05
1710 -6.247779e-14 6.522658e-05
1711 -6.404243e-14 6.514210e-05
1712 -6.560708e-14 6.505848e-05
1713 -6.717172e-14 6.497570e-05
1714 -6.873636e-14 6.489375e-05
1715 -7.019811e-14 6.481263e-05
1716 -7.155695e-14 6.473233e-05
1717 -7.291579e-14 6.465283e-05
1718 -7.427464e-14 6.457414e-05
1719 -7.563348e-14 6.449624e-05
1720 -7.699233e-14 6.441913e-05
1721 -7.835117e-14 6.434278e-05
1722 -7.971002e-14 6.426721e-05
1723 -8.106886e-14 6.419239e-05
1724 -8.242770e-14 6.411833e-05
1725 -8.372992e-14 6.404500e-05
1726 -8.497551e-14 6.397241e-05
1727 -8.622110e-14 6.390054e-05
1728 -8.746669e-14 6.382939e-05
1729 -8.871228e-14 6.375894e-05
1730 -8.995787e-14 6.368919e-05
1731 -9.120346e-14 6.362012e-05
1732 -9.244905e-14 6.355174e-05
1733 -9.369464e-14 6.348403e-05
1734 -9.494023e-14 6.341699e-05
1735 -9.614962e-14 6.335059e-05
1736 -9.732282e-14 6.328484e-05
1737 -9.849601e-14 6.321973e-05
1738 -9.966921e-14 6.315524e-05
1739 -1.008424e-13 6.309138e-05
1740 -1.020156e-13 6.302812e-05
1741 -1.031888e-13 6.296546e-05
1742 -1.043620e-13 6.290339e-05
1743 -1.055352e-13 6.284191e-05
1744 -1.067084e-13 6.278100e-05
1745 -1.078656e-13 6.272066e-05
1746 -1.090069e-13 6.266087e-05
1747 -1.101482e-13 6.260163e-05
1748 -1.112894e-13 6.254292e-05
1749 -1.124307e-13 6.248475e-05
1750 -1.135720e-13 6.242709e-05
1751 -1.147133e-13 6.236995e-05
1752 -1.158545e-13 6.231330e-05
1753 -1.169958e-13 6.225715e-05
1754 -1.181371e-13 6.220148e-05
1755 -1.192774e-13 6.214629e-05
1756 -1.204167e-13 6.209156e-05
1757 -1.215561e-13 6.203729e-05
1758 -1.226955e-13 6.198347e-05
1759 -1.238348e-13 6.193008e-05
1760 -1.249742e-13 6.187713e-05
1761 -1.261135e-13 6.182459e-05
1762 -1.272529e-13 6.177246e-05
1763 -1.283922e-13 6.172074e-05
1764 -1.295316e-13 6.166941e-05
1765 -1.306714e-13 6.161846e-05
1766 -1.318116e-13 6.156789e-05
1767 -1.329518e-13 6.151768e-05
1768 -1.340920e-13 6.146782e-05
1769 -1.352322e-13 6.141832e-05
1770 -1.363724e-13 6.136915e-05
1771 -1.375127e-13 6.132031e-05
1772 -1.386529e-13 6.127179e-05
1773 -1.397931e-13 6.122358e-05
1774 -1.409333e-13 6.117567e-05
1775 -1.420872e-13 6.112805e-05
1776 -1.432548e-13 6.108072e-05
1777 -1.444224e-13 6.103366e-05
1778 -1.455900e-13 6.098686e-05
1779 -1.467576e-13 6.094032e-05
1780 -1.479252e-13 6.089402e-05
1781 -1.490928e-13 6.084797e-05
1782 -1.502604e-13 6.080214e-05
1783 -1.514281e-13 6.075653e-05
1784 -1.525957e-13 6.071112e-05
1785 -1.537827e-13 6.066592e-05
1786 -1.549891e-13 6.062091e-05
1787 -1.561955e-13 6.057608e-05
1788 -1.574019e-13 6.053143e-05
1789 -1.586083e-13 6.048694e-05
1790 -1.598147e-13 6.044260e-05
1791 -1.610211e-13 6.039841e-05
1792 -1.622275e-13 6.035436e-05
1793 -1.634339e-13 6.031043e-05
1794 -1.646403e-13 6.026663e-05
1795 -1.658653e-13 6.022293e-05
1796 -1.671088e-13 6.017933e-05
1797 -1.683524e-13 6.013583e-05
1798 -1.695959e-13 6.009240e-05
1799 -1.708395e-13 6.004905e-05
1800 -1.720830e-13 6.000577e-05
1801 -1.733266e-13 5.996254e-05
1802 -1.745701e-13 5.991935e-05
1803 -1.758136e-13 5.987621e-05
1804 -1.770572e-13 5.983309e-05
1805 -1.783329e-13 5.978999e-05
1806 -1.796408e-13 5.974690e-05
1807 -1.809488e-13 5.970382e-05
1808 -1.822567e-13 5.966072e-05
1809 -1.835646e-13 5.961762e-05
1810 -1.848725e-13 5.957448e-05
1811 -1.861805e-13 5.953131e-05
1812 -1.874884e-13 5.948810e-05
1813 -1.887963e-13 5.944484e-05
1814 -1.901043e-13 5.940151e-05
1815 -1.914336e-13 5.935812e-05
1816 -1.927842e-13 5.931465e-05
1817 -1.941349e-13 5.927110e-05
1818 -1.954855e-13 5.922744e-05
1819 -1.968362e-13 5.918369e-05
1820 -1.981869e-13 5.913982e-05
1821 -1.995375e-13 5.909583e-05
1822 -2.008882e-13 5.905171e-05
1823 -2.022389e-13 5.900745e-05
1824 -2.035895e-13 5.896304e-05
1825 -2.049686e-13 5.891848e-05
1826 -2.063762e-13 5.887375e-05
1827 -2.077837e-13 5.882885e-05
1828 -2.091912e-13 5.878377e-05
1829 -2.105988e-13 5.873849e-05
1830 -2.120063e-13 5.869302e-05
1831 -2.134138e-13 5.864735e-05
1832 -2.148214e-13 5.860145e-05
1833 -2.162289e-13 5.855534e-05
1834 -2.176364e-13 5.850899e-05
1835 -2.190643e-13 5.846240e-05
1836 -2.205126e-13 5.841556e-05
1837 -2.219608e-13 5.836846e-05
1838 -2.234091e-13 5.832110e-05
1839 -2.248573e-13 5.827347e-05
1840 -2.263056e-13 5.822555e-05
1841 -2.277538e-13 5.817734e-05
1842 -2.292021e-13 5.812884e-05
1843 -2.306503e-13 5.808003e-05
1844 -2.320985e-13 5.803090e-05
1845 -2.335566e-13 5.798146e-05
1846 -2.350244e-13 5.793168e-05
1847 -2.364922e-13 5.788156e-05
1848 -2.379600e-13 5.783110e-05
1849 -2.394279e-13 5.778028e-05
1850 -2.408957e-13 5.772910e-05
1851 -2.423635e-13 5.767756e-05
1852 -2.438313e-13 5.762563e-05
1853 -2.452991e-13 5.757332e-05
1854 -2.467670e-13 5.752061e-05
1855 -2.482489e-13 5.746750e-05
1856 -2.497451e-13 5.741399e-05
1857 -2.512412e-13 5.736006e-05
1858 -2.527374e-13 5.730570e-05
1859 -2.542335e-13 5.725091e-05
1860 -2.557296e-13 5.719568e-05
1861 -2.572258e-13 5.714001e-05
1862 -2.587219e-13 5.708388e-05
1863 -2.602180e-13 5.702729e-05
1864 -2.617142e-13 5.697024e-05
1865 -2.631902e-13 5.691270e-05
1866 -2.646461e-13 5.685469e-05
1867 -2.661020e-13 5.679618e-05
1868 -2.675580e-13 5.673717e-05
1869 -2.690139e-13 5.667766e-05
1870 -2.704698e-13 5.661764e-05
1871 -2.719257e-13 5.655709e-05
1872 -2.733817e-13 5.649602e-05
1873 -2.748376e-13 5.643442e-05
1874 -2.762935e-13 5.637228e-05
1875 -2.777151e-13 5.630959e-05
1876 -2.791025e-13 5.624634e-05
1877 -2.804899e-13 5.618254e-05
1878 -2.818772e-13 5.611817e-05
1879 -2.832646e-13 5.605322e-05
1880 -2.846519e-13 5.598769e-05
1881 -2.860393e-13 5.592157e-05
1882 -2.874266e-13 5.585486e-05
1883 -2.888140e-13 5.578755e-05
1884 -2.902014e-13 5.571963e-05
1885 -2.915460e-13 5.565110e-05
1886 -2.928480e-13 5.558194e-05
1887 -2.941500e-13 5.551216e-05
1888 -2.954520e-13 5.544175e-05
1889 -2.967540e-13 5.537070e-05
1890 -2.980560e-13 5.529900e-05
1891 -2.993580e-13 5.522665e-05
1892 -3.006599e-13 5.515365e-05
1893 -3.019619e-13 5.507997e-05
1894 -3.032639e-13 5.500564e-05
1895 -3.044766e-13 5.493062e-05
1896 -3.056001e-13 5.485492e-05
1897 -3.067235e-13 5.477854e-05
1898 -3.078469e-13 5.470146e-05
1899 -3.089704e-13 5.462369e-05
1900 -3.100938e-13 5.454521e-05
1901 -3.112172e-13 5.446602e-05
1902 -3.123407e-13 5.438611e-05
1903 -3.134641e-13 5.430548e-05
1904 -3.145875e-13 5.422413e-05
1905 -3.156417e-13 5.414204e-05
1906 -3.166267e-13 5.405922e-05
1907 -3.176116e-13 5.397566e-05
1908 -3.185966e-13 5.389135e-05
1909 -3.195815e-13 5.380628e-05
1910 -3.205665e-13 5.372046e-05
1911 -3.215514e-13 5.363387e-05
1912 -3.225364e-13 5.354652e-05
1913 -3.235213e-13 5.345839e-05
1914 -3.245063e-13 5.336949e-05
1915 -3.253863e-13 5.327980e-05
1916 -3.261614e-13 5.318933e-05
1917 -3.269365e-13 5.309806e-05
1918 -3.277116e-13 5.300600e-05
1919 -3.284867e-13 5.291314e-05
1920 -3.292618e-13 5.281947e-05
1921 -3.300369e-13 5.272499e-05
1922 -3.308120e-13 5.262970e-05
1923 -3.315871e-13 5.253359e-05
1924 -3.323621e-13 5.243666e-05
1925 -3.330265e-13 5.233890e-05
1926 -3.335800e-13 5.224031e-05
1927 -3.341335e-13 5.214088e-05
1928 -3.346870e-13 5.204062e-05
1929 -3.352406e-13 5.193952e-05
1930 -3.357941e-13 5.183756e-05
1931 -3.363476e-13 5.173476e-05
1932 -3.369011e-13 5.163111e-05
1933 -3.374547e-13 5.152660e-05
1934 -3.380082e-13 5.142122e-05
1935 -3.384867e-13 5.131498e-05
1936 -3.388901e-13 5.120788e-05
1937 -3.392936e-13 5.109990e-05
1938 -3.396970e-13 5.099105e-05
1939 -3.401005e-13 5.088133e-05
1940 -3.405039e-13 5.077072e-05
1941 -3.409073e-13 5.065923e-05
1942 -3.413108e-13 5.054685e-05
1943 -3.417142e-13 5.043358e-05
1944 -3.421177e-13 5.031942e-05
1945 -3.424191e-13 5.020437e-05
1946 -3.426185e-13 5.008842e-05
1947 -3.428179e-13 4.997157e-05
1948 -3.430174e-13 4.985382e-05
1949 -3.432168e-13 4.973516e-05
1950 -3.434162e-13 4.961560e-05
1951 -3.436156e-13 4.949513e-05
1952 -3.438150e-13 4.937374e-05
1953 -3.440145e-13 4.925144e-05
1954 -3.442139e-13 4.912823e-05
1955 -3.443711e-13 4.900410e-05
1956 -3.444861e-13 4.887905e-05
1957 -3.446011e-13 4.875307e-05
1958 -3.447162e-13 4.862618e-05
1959 -3.448312e-13 4.849836e-05
1960 -3.449462e-13 4.836962e-05
1961 -3.450612e-13 4.823994e-05
1962 -3.451763e-13 4.810934e-05
1963 -3.452913e-13 4.797781e-05
1964 -3.454063e-13 4.784535e-05
1965 -3.454606e-13 4.771196e-05
1966 -3.454541e-13 4.757763e-05
1967 -3.454476e-13 4.744237e-05
1968 -3.454411e-13 4.730617e-05
1969 -3.454346e-13 4.716904e-05
1970 -3.454281e-13 4.703097e-05
1971 -3.454216e-13 4.689196e-05
1972 -3.454151e-13 4.675202e-05
1973 -3.454086e-13 4.661113e-05
1974 -3.454021e-13 4.646931e-05
1975 -3.453807e-13 4.632655e-05
1976 -3.453444e-13 4.618285e-05
1977 -3.453081e-13 4.603822e-05
1978 -3.452718e-13 4.589264e-05
1979 -3.452355e-13 4.574613e-05
1980 -3.451992e-13 4.559867e-05
1981 -3.451629e-13 4.545028e-05
1982 -3.451266e-13 4.530095e-05
1983 -3.450903e-13 4.515068e-05
1984 -3.450540e-13 4.499948e-05
1985 -3.466817e-13 4.484734e-05
1986 -3.499733e-13 4.469426e-05
1987 -3.532649e-13 4.454025e-05
1988 -3.565565e-13 4.438531e-05
1989 -3.598481e-13 4.422944e-05
1990 -3.631397e-13 4.407263e-05
1991 -3.664313e-13 4.391489e-05
1992 -3.697229e-13 4.375622e-05
1993 -3.730145e-13 4.359663e-05
1994 -3.763061e-13 4.343611e-05
1995 -3.795977e-13 4.327467e-05
1996 -3.795977e-13 4.311230e-05
1997 -3.795977e-13 4.294902e-05
1998 -3.795977e-13 4.278481e-05
1999 -3.795977e-13 4.261969e-05
2000 -3.795977e-13 4.245365e-05
2001 -3.795977e-13 4.228670e-05
