0 0.000000e+00 5.504576e-07
1 0.000000e+00 5.504576e-07
2 0.000000e+00 5.504576e-07
3 0.000000e+00 1.036113e-06
4 0.000000e+00 1.538695e-06
5 0.000000e+00 2.055387e-06
6 0.000000e+00 2.583651e-06
7 0.000000e+00 3.121216e-06
8 0.000000e+00 3.666062e-06
9 0.000000e+00 4.216407e-06
10 0.000000e+00 4.770692e-06
11 0.000000e+00 5.327572e-06
12 0.000000e+00 5.885897e-06
13 0.000000e+00 6.444701e-06
14 0.000000e+00 7.003190e-06
15 0.000000e+00 7.560724e-06
16 0.000000e+00 8.116808e-06
17 0.000000e+00 8.671073e-06
18 0.000000e+00 9.223270e-06
19 0.000000e+00 9.773250e-06
20 0.000000e+00 1.032095e-05
21 0.000000e+00 1.086639e-05
22 0.000000e+00 1.140964e-05
23 0.000000e+00 1.195082e-05
24 0.000000e+00 1.249010e-05
25 0.000000e+00 1.302764e-05
26 0.000000e+00 1.356364e-05
27 0.000000e+00 1.409828e-05
28 0.000000e+00 1.463170e-05
29 0.000000e+00 1.516404e-05
30 0.000000e+00 1.569537e-05
31 0.000000e+00 1.622570e-05
32 0.000000e+00 1.675497e-05
33 0.000000e+00 1.728305e-05
34 0.000000e+00 1.780967e-05
35 0.000000e+00 1.833453e-05
36 0.000000e+00 1.885725e-05
37 0.000000e+00 1.937742e-05
38 0.000000e+00 1.989462e-05
39 0.000000e+00 2.040844e-05
40 0.000000e+00 2.091852e-05
41 0.000000e+00 2.142455e-05
42 0.000000e+00 2.192630e-05
43 0.000000e+00 2.242365e-05
44 0.000000e+00 2.291659e-05
45 0.000000e+00 2.340523e-05
46 0.000000e+00 2.388975e-05
47 0.000000e+00 2.437040e-05
48 0.000000e+00 2.484745e-05
49 0.000000e+00 2.532121e-05
50 0.000000e+00 2.579195e-05
51 0.000000e+00 2.625995e-05
52 0.000000e+00 2.672538e-05
53 0.000000e+00 2.718839e-05
54 0.000000e+00 2.764900e-05
55 0.000000e+00 2.810717e-05
56 0.000000e+00 2.856276e-05
57 0.000000e+00 2.901561e-05
58 0.000000e+00 2.946552e-05
59 0.000000e+00 2.991225e-05
60 0.000000e+00 3.035556e-05
61 0.000000e+00 3.079524e-05
62 0.000000e+00 3.123109e-05
63 0.000000e+00 3.166296e-05
64 0.000000e+00 3.209075e-05
65 0.000000e+00 3.251442e-05
66 0.000000e+00 3.293395e-05
67 0.000000e+00 3.334938e-05
68 0.000000e+00 3.376075e-05
69 0.000000e+00 3.416813e-05
70 0.000000e+00 3.457160e-05
71 0.000000e+00 3.497123e-05
72 0.000000e+00 3.536708e-05
73 0.000000e+00 3.575918e-05
74 0.000000e+00 3.614757e-05
75 0.000000e+00 3.653222e-05
76 0.000000e+00 3.691312e-05
77 0.000000e+00 3.729022e-05
78 0.000000e+00 3.766348e-05
79 0.000000e+00 3.803284e-05
80 0.000000e+00 3.839824e-05
81 0.000000e+00 3.875964e-05
82 0.000000e+00 3.911699e-05
83 0.000000e+00 3.947027e-05
84 0.000000e+00 3.981946e-05
85 0.000000e+00 4.016457e-05
86 0.000000e+00 4.050562e-05
87 0.000000e+00 4.084264e-05
88 0.000000e+00 4.117567e-05
89 0.000000e+00 4.150474e-05
90 0.000000e+00 4.182992e-05
91 0.000000e+00 4.215125e-05
92 0.000000e+00 4.246877e-05
93 0.000000e+00 4.278254e-05
94 0.000000e+00 4.309260e-05
95 0.000000e+00 4.339899e-05
96 0.000000e+00 4.370173e-05
97 0.000000e+00 4.400086e-05
98 0.000000e+00 4.429641e-05
99 0.000000e+00 4.458841e-05
100 0.000000e+00 4.487688e-05
101 0.000000e+00 4.516187e-05
102 0.000000e+00 4.544340e-05
103 0.000000e+00 4.572152e-05
104 0.000000e+00 4.599626e-05
105 0.000000e+00 4.626768e-05
106 0.000000e+00 4.653583e-05
107 0.000000e+00 4.680076e-05
108 0.000000e+00 4.706254e-05
109 0.000000e+00 4.732122e-05
110 0.000000e+00 4.757689e-05
111 0.000000e+00 4.782961e-05
112 0.000000e+00 4.807945e-05
113 0.000000e+00 4.832650e-05
114 0.000000e+00 4.857085e-05
115 0.000000e+00 4.881256e-05
116 0.000000e+00 4.905174e-05
117 0.000000e+00 4.928847e-05
118 0.000000e+00 4.952285e-05
119 0.000000e+00 4.975496e-05
120 0.000000e+00 4.998492e-05
121 0.000000e+00 5.021281e-05
122 0.000000e+00 5.043875e-05
123 0.000000e+00 5.066282e-05
124 0.000000e+00 5.088514e-05
125 0.000000e+00 5.110580e-05
126 0.000000e+00 5.132492e-05
127 0.000000e+00 5.154260e-05
128 0.000000e+00 5.175895e-05
129 0.000000e+00 5.197407e-05
130 0.000000e+00 5.218808e-05
131 0.000000e+00 5.240108e-05
132 0.000000e+00 5.261317e-05
133 0.000000e+00 5.282447e-05
134 0.000000e+00 5.303509e-05
135 0.000000e+00 5.324512e-05
136 0.000000e+00 5.345468e-05
137 0.000000e+00 5.366387e-05
138 0.000000e+00 5.387279e-05
139 0.000000e+00 5.408156e-05
140 0.000000e+00 5.429028e-05
141 0.000000e+00 5.449904e-05
142 0.000000e+00 5.470796e-05
143 0.000000e+00 5.491714e-05
144 0.000000e+00 5.512669e-05
145 0.000000e+00 5.533671e-05
146 0.000000e+00 5.554730e-05
147 0.000000e+00 5.575858e-05
148 0.000000e+00 5.597064e-05
149 0.000000e+00 5.618359e-05
150 0.000000e+00 5.639754e-05
151 0.000000e+00 5.661259e-05
152 0.000000e+00 5.682885e-05
153 0.000000e+00 5.704642e-05
154 0.000000e+00 5.726542e-05
155 0.000000e+00 5.748595e-05
156 0.000000e+00 5.770811e-05
157 0.000000e+00 5.793203e-05
158 0.000000e+00 5.815780e-05
159 0.000000e+00 5.838554e-05
160 0.000000e+00 5.861536e-05
161 0.000000e+00 5.884738e-05
162 0.000000e+00 5.908169e-05
163 0.000000e+00 5.931842e-05
164 0.000000e+00 5.955768e-05
165 0.000000e+00 5.979960e-05
166 0.000000e+00 6.004427e-05
167 0.000000e+00 6.029182e-05
168 0.000000e+00 6.054237e-05
169 0.000000e+00 6.079603e-05
170 0.000000e+00 6.105292e-05
171 0.000000e+00 6.131315e-05
172 0.000000e+00 6.157685e-05
173 0.000000e+00 6.184412e-05
174 0.000000e+00 6.211509e-05
175 0.000000e+00 6.238986e-05
176 0.000000e+00 6.266855e-05
177 0.000000e+00 6.295127e-05
178 0.000000e+00 6.323813e-05
179 0.000000e+00 6.352925e-05
180 0.000000e+00 6.382472e-05
181 0.000000e+00 6.412465e-05
182 0.000000e+00 6.442915e-05
183 0.000000e+00 6.473832e-05
184 0.000000e+00 6.505226e-05
185 0.000000e+00 6.537106e-05
186 0.000000e+00 6.569482e-05
187 0.000000e+00 6.602362e-05
188 0.000000e+00 6.635756e-05
189 0.000000e+00 6.669673e-05
190 0.000000e+00 6.704120e-05
191 0.000000e+00 6.739104e-05
192 0.000000e+00 6.774635e-05
193 0.000000e+00 6.810718e-05
194 0.000000e+00 6.847361e-05
195 0.000000e+00 6.884569e-05
196 0.000000e+00 6.922348e-05
197 0.000000e+00 6.960705e-05
198 0.000000e+00 6.999644e-05
199 0.000000e+00 7.039169e-05
200 0.000000e+00 7.079285e-05
201 0.000000e+00 7.119996e-05
202 0.000000e+00 7.161305e-05
203 0.000000e+00 7.203214e-05
204 0.000000e+00 7.245727e-05
205 0.000000e+00 7.288844e-05
206 0.000000e+00 7.332568e-05
207 0.000000e+00 7.376900e-05
208 0.000000e+00 7.421840e-05
209 0.000000e+00 7.467388e-05
210 0.000000e+00 7.513544e-05
211 0.000000e+00 7.560307e-05
212 0.000000e+00 7.607675e-05
213 0.000000e+00 7.655647e-05
214 0.000000e+00 7.704219e-05
215 0.000000e+00 7.753390e-05
216 0.000000e+00 7.803155e-05
217 0.000000e+00 7.853510e-05
218 0.000000e+00 7.904451e-05
219 0.000000e+00 7.955973e-05
220 0.000000e+00 8.008070e-05
221 0.000000e+00 8.060736e-05
222 0.000000e+00 8.113965e-05
223 0.000000e+00 8.167748e-05
224 0.000000e+00 8.222077e-05
225 0.000000e+00 8.276946e-05
226 0.000000e+00 8.332343e-05
227 0.000000e+00 8.388261e-05
228 0.000000e+00 8.444688e-05
229 0.000000e+00 8.501615e-05
230 0.000000e+00 8.559031e-05
231 0.000000e+00 8.616924e-05
232 0.000000e+00 8.675283e-05
233 0.000000e+00 8.734095e-05
234 0.000000e+00 8.793348e-05
235 0.000000e+00 8.853029e-05
236 0.000000e+00 8.913126e-05
237 0.000000e+00 8.973624e-05
238 0.000000e+00 9.034511e-05
239 0.000000e+00 9.095771e-05
240 0.000000e+00 9.157392e-05
241 0.000000e+00 9.219359e-05
242 0.000000e+00 9.281657e-05
243 0.000000e+00 9.344271e-05
244 0.000000e+00 9.407187e-05
245 0.000000e+00 9.470390e-05
246 0.000000e+00 9.533864e-05
247 0.000000e+00 9.597595e-05
248 0.000000e+00 9.661567e-05
249 0.000000e+00 9.725765e-05
250 0.000000e+00 9.790174e-05
251 0.000000e+00 9.854779e-05
252 0.000000e+00 9.919564e-05
253 0.000000e+00 9.984515e-05
254 0.000000e+00 1.004962e-04
255 0.000000e+00 1.011485e-04
256 0.000000e+00 1.018021e-04
257 0.000000e+00 1.024567e-04
258 0.000000e+00 1.031122e-04
259 0.000000e+00 1.037685e-04
260 0.000000e+00 1.044253e-04
261 0.000000e+00 1.050827e-04
262 0.000000e+00 1.057403e-04
263 0.000000e+00 1.063981e-04
264 0.000000e+00 1.070559e-04
265 0.000000e+00 1.077136e-04
266 0.000000e+00 1.083709e-04
267 0.000000e+00 1.090279e-04
268 0.000000e+00 1.096842e-04
269 0.000000e+00 1.103398e-04
270 0.000000e+00 1.109944e-04
271 0.000000e+00 1.116481e-04
272 0.000000e+00 1.123005e-04
273 0.000000e+00 1.129515e-04
274 0.000000e+00 1.136010e-04
275 0.000000e+00 1.142488e-04
276 0.000000e+00 1.148947e-04
277 0.000000e+00 1.155386e-04
278 0.000000e+00 1.161803e-04
279 0.000000e+00 1.168197e-04
280 0.000000e+00 1.174565e-04
281 0.000000e+00 1.180907e-04
282 0.000000e+00 1.187219e-04
283 0.000000e+00 1.193502e-04
284 0.000000e+00 1.199751e-04
285 0.000000e+00 1.205967e-04
286 0.000000e+00 1.212146e-04
287 0.000000e+00 1.218288e-04
288 0.000000e+00 1.224390e-04
289 0.000000e+00 1.230450e-04
290 0.000000e+00 1.236467e-04
291 0.000000e+00 1.242438e-04
292 0.000000e+00 1.248362e-04
293 0.000000e+00 1.254237e-04
294 0.000000e+00 1.260061e-04
295 0.000000e+00 1.265832e-04
296 0.000000e+00 1.271548e-04
297 0.000000e+00 1.277207e-04
298 0.000000e+00 1.282808e-04
299 0.000000e+00 1.288348e-04
300 6.350175e-15 1.293826e-04
301 6.350175e-15 1.299241e-04
302 6.350175e-15 1.304590e-04
303 6.350175e-15 1.309872e-04
304 6.350175e-15 1.315085e-04
305 6.336770e-15 1.320227e-04
306 6.309959e-15 1.325297e-04
307 6.283148e-15 1.330294e-04
308 6.256337e-15 1.335215e-04
309 6.229526e-15 1.340060e-04
310 6.202715e-15 1.344828e-04
311 6.175904e-15 1.349516e-04
312 6.149094e-15 1.354124e-04
313 6.122283e-15 1.358650e-04
314 6.095472e-15 1.363093e-04
315 6.058058e-15 1.367453e-04
316 6.010041e-15 1.371729e-04
317 5.962025e-15 1.375919e-04
318 5.914008e-15 1.380022e-04
319 5.865991e-15 1.384039e-04
320 5.817975e-15 1.387967e-04
321 5.769958e-15 1.391807e-04
322 5.721941e-15 1.395558e-04
323 5.673925e-15 1.399219e-04
324 5.625908e-15 1.402790e-04
325 5.567577e-15 1.406271e-04
326 5.498933e-15 1.409660e-04
327 5.430288e-15 1.412958e-04
328 5.361643e-15 1.416165e-04
329 5.292999e-15 1.419279e-04
330 5.224354e-15 1.422301e-04
331 5.155709e-15 1.425231e-04
332 5.087065e-15 1.428069e-04
333 5.018420e-15 1.430813e-04
334 4.949776e-15 1.433465e-04
335 4.870671e-15 1.436025e-04
336 4.781107e-15 1.438491e-04
337 4.691543e-15 1.440865e-04
338 4.601979e-15 1.443146e-04
339 4.512415e-15 1.445334e-04
340 4.422850e-15 1.447429e-04
341 4.333286e-15 1.449432e-04
342 4.243722e-15 1.451343e-04
343 4.154158e-15 1.453161e-04
344 4.064594e-15 1.454888e-04
345 3.965369e-15 1.456522e-04
346 3.856485e-15 1.458064e-04
347 3.747600e-15 1.459516e-04
348 3.638716e-15 1.460875e-04
349 3.529831e-15 1.462144e-04
350 3.420947e-15 1.463322e-04
351 3.312062e-15 1.464409e-04
352 3.203178e-15 1.465406e-04
353 3.094294e-15 1.466314e-04
354 2.985409e-15 1.467132e-04
355 2.868580e-15 1.467860e-04
356 2.743807e-15 1.468500e-04
357 2.619033e-15 1.469052e-04
358 2.494260e-15 1.469516e-04
359 2.369487e-15 1.469893e-04
360 2.244713e-15 1.470183e-04
361 2.119940e-15 1.470387e-04
362 1.995166e-15 1.470506e-04
363 1.870393e-15 1.470540e-04
364 1.745620e-15 1.470489e-04
365 1.615978e-15 1.470355e-04
366 1.481468e-15 1.470138e-04
367 1.346958e-15 1.469839e-04
368 1.212447e-15 1.469459e-04
369 1.077937e-15 1.468998e-04
370 9.434270e-16 1.468458e-04
371 8.089168e-16 1.467840e-04
372 6.744066e-16 1.467145e-04
373 5.398964e-16 1.466372e-04
374 4.053862e-16 1.465525e-04
375 2.708852e-16 1.464603e-04
376 1.363932e-16 1.463608e-04
377 1.901308e-18 1.462542e-04
378 -1.325906e-16 1.461404e-04
379 -2.670826e-16 1.460198e-04
380 -4.015745e-16 1.458923e-04
381 -5.360664e-16 1.457582e-04
382 -6.705583e-16 1.456175e-04
383 -8.050503e-16 1.454705e-04
384 -9.395422e-16 1.453172e-04
385 -1.067705e-15 1.451578e-04
386 -1.189538e-15 1.449925e-04
387 -1.311372e-15 1.448214e-04
388 -1.433205e-15 1.446446e-04
389 -1.555038e-15 1.444624e-04
390 -1.676872e-15 1.442749e-04
391 -1.798705e-15 1.440822e-04
392 -1.920538e-15 1.438846e-04
393 -2.042372e-15 1.436821e-04
394 -2.164205e-15 1.434750e-04
395 -2.273293e-15 1.432635e-04
396 -2.369636e-15 1.430476e-04
397 -2.465978e-15 1.428276e-04
398 -2.562321e-15 1.426036e-04
399 -2.658664e-15 1.423759e-04
400 -2.755007e-15 1.421445e-04
401 -2.851349e-15 1.419098e-04
402 -2.947692e-15 1.416718e-04
403 -3.044035e-15 1.414307e-04
404 -3.140377e-15 1.411868e-04
405 -3.220109e-15 1.409401e-04
406 -3.283231e-15 1.406910e-04
407 -3.346352e-15 1.404394e-04
408 -3.409473e-15 1.401858e-04
409 -3.472595e-15 1.399301e-04
410 -3.535716e-15 1.396727e-04
411 -3.598837e-15 1.394136e-04
412 -3.661959e-15 1.391531e-04
413 -3.725080e-15 1.388913e-04
414 -3.788201e-15 1.386285e-04
415 -3.837758e-15 1.383648e-04
416 -3.873751e-15 1.381004e-04
417 -3.909744e-15 1.378355e-04
418 -3.945736e-15 1.375702e-04
419 -3.981729e-15 1.373048e-04
420 -4.017721e-15 1.370394e-04
421 -4.053714e-15 1.367742e-04
422 -4.089707e-15 1.365095e-04
423 -4.125699e-15 1.362453e-04
424 -4.161692e-15 1.359818e-04
425 -4.184874e-15 1.357193e-04
426 -4.195245e-15 1.354580e-04
427 -4.205616e-15 1.351979e-04
428 -4.215986e-15 1.349393e-04
429 -4.226357e-15 1.346824e-04
430 -4.236728e-15 1.344274e-04
431 -4.247099e-15 1.341744e-04
432 -4.257470e-15 1.339236e-04
433 -4.267841e-15 1.336753e-04
434 -4.278212e-15 1.334295e-04
435 -4.248021e-15 1.331864e-04
436 -4.177268e-15 1.329464e-04
437 -4.106515e-15 1.327094e-04
438 -4.035762e-15 1.324757e-04
439 -3.965008e-15 1.322455e-04
440 -3.894255e-15 1.320190e-04
441 -3.823502e-15 1.317963e-04
442 -3.752749e-15 1.315776e-04
443 -3.681996e-15 1.313631e-04
444 -3.611243e-15 1.311529e-04
445 -3.501286e-15 1.309473e-04
446 -3.352127e-15 1.307463e-04
447 -3.202967e-15 1.305502e-04
448 -3.053807e-15 1.303592e-04
449 -2.904647e-15 1.301734e-04
450 -2.755488e-15 1.299929e-04
451 -2.606328e-15 1.298179e-04
452 -2.457168e-15 1.296487e-04
453 -2.308009e-15 1.294853e-04
454 -2.158849e-15 1.293279e-04
455 -1.976012e-15 1.291766e-04
456 -1.759496e-15 1.290317e-04
457 -1.542981e-15 1.288933e-04
458 -1.326466e-15 1.287615e-04
459 -1.109951e-15 1.286364e-04
460 -8.934354e-16 1.285183e-04
461 -6.769202e-16 1.284072e-04
462 -4.604050e-16 1.283033e-04
463 -2.438898e-16 1.282068e-04
464 -2.737454e-17 1.281177e-04
465 2.195905e-16 1.280362e-04
466 4.970055e-16 1.279625e-04
467 7.744204e-16 1.278966e-04
468 1.051835e-15 1.278387e-04
469 1.329250e-15 1.277889e-04
470 1.606665e-15 1.277474e-04
471 1.884080e-15 1.277142e-04
472 2.161495e-15 1.276894e-04
473 2.438910e-15 1.276732e-04
474 2.716325e-15 1.276657e-04
475 3.009339e-15 1.276669e-04
476 3.317951e-15 1.276770e-04
477 3.626564e-15 1.276961e-04
478 3.935176e-15 1.277243e-04
479 4.243788e-15 1.277616e-04
480 4.552401e-15 1.278081e-04
481 4.861013e-15 1.278640e-04
482 5.169626e-15 1.279292e-04
483 5.478238e-15 1.280039e-04
484 5.786851e-15 1.280882e-04
485 6.097596e-15 1.281821e-04
486 6.410473e-15 1.282856e-04
487 6.723351e-15 1.283989e-04
488 7.036228e-15 1.285220e-04
489 7.349106e-15 1.286549e-04
490 7.661984e-15 1.287977e-04
491 7.974861e-15 1.289504e-04
492 8.287739e-15 1.291131e-04
493 8.600616e-15 1.292858e-04
494 8.913494e-15 1.294685e-04
495 9.221045e-15 1.296613e-04
496 9.523270e-15 1.298642e-04
497 9.825495e-15 1.300771e-04
498 1.012772e-14 1.303002e-04
499 1.042995e-14 1.305334e-04
500 1.073217e-14 1.307767e-04
501 1.103440e-14 1.310302e-04
502 1.133662e-14 1.312937e-04
503 1.163885e-14 1.315674e-04
504 1.194107e-14 1.318512e-04
505 1.222935e-14 1.321450e-04
506 1.250369e-14 1.324489e-04
507 1.277803e-14 1.327629e-04
508 1.305237e-14 1.330868e-04
509 1.332671e-14 1.334207e-04
510 1.360105e-14 1.337645e-04
511 1.387539e-14 1.341182e-04
512 1.414973e-14 1.344817e-04
513 1.442407e-14 1.348550e-04
514 1.469841e-14 1.352380e-04
515 1.494971e-14 1.356307e-04
516 1.517797e-14 1.360330e-04
517 1.540624e-14 1.364448e-04
518 1.563450e-14 1.368660e-04
519 1.586276e-14 1.372966e-04
520 1.609103e-14 1.377365e-04
521 1.631929e-14 1.381856e-04
522 1.654756e-14 1.386437e-04
523 1.677582e-14 1.391109e-04
524 1.700408e-14 1.395870e-04
525 1.719971e-14 1.400719e-04
526 1.736268e-14 1.405655e-04
527 1.752566e-14 1.410676e-04
528 1.768864e-14 1.415782e-04
529 1.785162e-14 1.420972e-04
530 1.801459e-14 1.426243e-04
531 1.817757e-14 1.431596e-04
532 1.834055e-14 1.437027e-04
533 1.850353e-14 1.442537e-04
534 1.866650e-14 1.448123e-04
535 1.878973e-14 1.453785e-04
536 1.887320e-14 1.459520e-04
537 1.895667e-14 1.465327e-04
538 1.904015e-14 1.471206e-04
539 1.912362e-14 1.477153e-04
540 1.920709e-14 1.483167e-04
541 1.929056e-14 1.489248e-04
542 1.937404e-14 1.495392e-04
543 1.945751e-14 1.501599e-04
544 1.954098e-14 1.507867e-04
545 1.957849e-14 1.514194e-04
546 1.957004e-14 1.520578e-04
547 1.956159e-14 1.527017e-04
548 1.955314e-14 1.533510e-04
549 1.954469e-14 1.540055e-04
550 1.953624e-14 1.546649e-04
551 1.952779e-14 1.553292e-04
552 1.951934e-14 1.559980e-04
553 1.951089e-14 1.566712e-04
554 1.950244e-14 1.573487e-04
555 1.944577e-14 1.580302e-04
556 1.934087e-14 1.587155e-04
557 1.923597e-14 1.594044e-04
558 1.913107e-14 1.600967e-04
559 1.902617e-14 1.607922e-04
560 1.892127e-14 1.614907e-04
561 1.881637e-14 1.621920e-04
562 1.871147e-14 1.628959e-04
563 1.860657e-14 1.636022e-04
564 1.850167e-14 1.643107e-04
565 1.834720e-14 1.650211e-04
566 1.814317e-14 1.657332e-04
567 1.793914e-14 1.664468e-04
568 1.773511e-14 1.671618e-04
569 1.753107e-14 1.678779e-04
570 1.732704e-14 1.685948e-04
571 1.712301e-14 1.693124e-04
572 1.691898e-14 1.700305e-04
573 1.671495e-14 1.707487e-04
574 1.651091e-14 1.714670e-04
575 1.626052e-14 1.721851e-04
576 1.596377e-14 1.729027e-04
577 1.566702e-14 1.736197e-04
578 1.537027e-14 1.743359e-04
579 1.507352e-14 1.750509e-04
580 1.477677e-14 1.757646e-04
581 1.448002e-14 1.764768e-04
582 1.418327e-14 1.771873e-04
583 1.388651e-14 1.778958e-04
584 1.358976e-14 1.786021e-04
585 1.325132e-14 1.793061e-04
586 1.287119e-14 1.800074e-04
587 1.249106e-14 1.807059e-04
588 1.211094e-14 1.814013e-04
589 1.173081e-14 1.820935e-04
590 1.135068e-14 1.827822e-04
591 1.097055e-14 1.834672e-04
592 1.059042e-14 1.841483e-04
593 1.021029e-14 1.848254e-04
594 9.830160e-15 1.854981e-04
595 9.414391e-15 1.861662e-04
596 8.962981e-15 1.868297e-04
597 8.511571e-15 1.874882e-04
598 8.060162e-15 1.881415e-04
599 7.608752e-15 1.887895e-04
600 7.157343e-15 1.894320e-04
601 6.705933e-15 1.900687e-04
602 6.254523e-15 1.906995e-04
603 5.803114e-15 1.913241e-04
604 5.351704e-15 1.919424e-04
605 4.873561e-15 1.925542e-04
606 4.368684e-15 1.931592e-04
607 3.863808e-15 1.937574e-04
608 3.358931e-15 1.943485e-04
609 2.854054e-15 1.949323e-04
610 2.349177e-15 1.955087e-04
611 1.844301e-15 1.960774e-04
612 1.339424e-15 1.966384e-04
613 8.345470e-16 1.971913e-04
614 3.296703e-16 1.977362e-04
615 -1.907331e-16 1.982727e-04
616 -7.266632e-16 1.988007e-04
617 -1.262593e-15 1.993201e-04
618 -1.798523e-15 1.998308e-04
619 -2.334454e-15 2.003325e-04
620 -2.870384e-15 2.008250e-04
621 -3.406314e-15 2.013084e-04
622 -3.942244e-15 2.017823e-04
623 -4.478174e-15 2.022467e-04
624 -5.014104e-15 2.027015e-04
625 -5.551031e-15 2.031464e-04
626 -6.088955e-15 2.035815e-04
627 -6.626879e-15 2.040064e-04
628 -7.164804e-15 2.044212e-04
629 -7.702728e-15 2.048257e-04
630 -8.240652e-15 2.052197e-04
631 -8.778576e-15 2.056032e-04
632 -9.316500e-15 2.059761e-04
633 -9.854424e-15 2.063383e-04
634 -1.039235e-14 2.066896e-04
635 -1.091506e-14 2.070300e-04
636 -1.142255e-14 2.073594e-04
637 -1.193004e-14 2.076777e-04
638 -1.243753e-14 2.079847e-04
639 -1.294502e-14 2.082806e-04
640 -1.345251e-14 2.085651e-04
641 -1.396000e-14 2.088382e-04
642 -1.446749e-14 2.090998e-04
643 -1.497498e-14 2.093500e-04
644 -1.548247e-14 2.095885e-04
645 -1.595555e-14 2.098155e-04
646 -1.639421e-14 2.100308e-04
647 -1.683287e-14 2.102344e-04
648 -1.727154e-14 2.104264e-04
649 -1.771020e-14 2.106065e-04
650 -1.814886e-14 2.107749e-04
651 -1.858753e-14 2.109316e-04
652 -1.902619e-14 2.110765e-04
653 -1.946485e-14 2.112096e-04
654 -1.990352e-14 2.113309e-04
655 -2.028869e-14 2.114404e-04
656 -2.062038e-14 2.115383e-04
657 -2.095207e-14 2.116243e-04
658 -2.128375e-14 2.116987e-04
659 -2.161544e-14 2.117614e-04
660 -2.194713e-14 2.118125e-04
661 -2.227881e-14 2.118520e-04
662 -2.261050e-14 2.118800e-04
663 -2.294218e-14 2.118964e-04
664 -2.327387e-14 2.119015e-04
665 -2.353496e-14 2.118952e-04
666 -2.372545e-14 2.118776e-04
667 -2.391593e-14 2.118487e-04
668 -2.410642e-14 2.118088e-04
669 -2.429691e-14 2.117577e-04
670 -2.448740e-14 2.116957e-04
671 -2.467788e-14 2.116228e-04
672 -2.486837e-14 2.115391e-04
673 -2.505886e-14 2.114447e-04
674 -2.524935e-14 2.113398e-04
675 -2.535664e-14 2.112243e-04
676 -2.538074e-14 2.110985e-04
677 -2.540483e-14 2.109624e-04
678 -2.542893e-14 2.108162e-04
679 -2.545302e-14 2.106600e-04
680 -2.547712e-14 2.104940e-04
681 -2.550121e-14 2.103181e-04
682 -2.552531e-14 2.101327e-04
683 -2.554940e-14 2.099378e-04
684 -2.557350e-14 2.097335e-04
685 -2.550835e-14 2.095200e-04
686 -2.535395e-14 2.092975e-04
687 -2.519955e-14 2.090661e-04
688 -2.504515e-14 2.088260e-04
689 -2.489076e-14 2.085773e-04
690 -2.473636e-14 2.083201e-04
691 -2.458196e-14 2.080547e-04
692 -2.442757e-14 2.077812e-04
693 -2.427317e-14 2.074997e-04
694 -2.411877e-14 2.072105e-04
695 -2.387266e-14 2.069137e-04
696 -2.353483e-14 2.066094e-04
697 -2.319700e-14 2.062980e-04
698 -2.285916e-14 2.059794e-04
699 -2.252133e-14 2.056540e-04
700 -2.218350e-14 2.053218e-04
701 -2.184567e-14 2.049832e-04
702 -2.150784e-14 2.046382e-04
703 -2.117001e-14 2.042870e-04
704 -2.083218e-14 2.039299e-04
705 -2.040793e-14 2.035671e-04
706 -1.989727e-14 2.031986e-04
707 -1.938660e-14 2.028248e-04
708 -1.887594e-14 2.024458e-04
709 -1.836528e-14 2.020617e-04
710 -1.785461e-14 2.016729e-04
711 -1.734395e-14 2.012795e-04
712 -1.683329e-14 2.008817e-04
713 -1.632262e-14 2.004797e-04
714 -1.581196e-14 2.000737e-04
715 -1.522175e-14 1.996639e-04
716 -1.455198e-14 1.992506e-04
717 -1.388222e-14 1.988338e-04
718 -1.321245e-14 1.984138e-04
719 -1.254269e-14 1.979908e-04
720 -1.187293e-14 1.975651e-04
721 -1.120316e-14 1.971367e-04
722 -1.053340e-14 1.967060e-04
723 -9.863632e-15 1.962731e-04
724 -9.193868e-15 1.958383e-04
725 -8.453041e-15 1.954016e-04
726 -7.641152e-15 1.949634e-04
727 -6.829262e-15 1.945239e-04
728 -6.017373e-15 1.940831e-04
729 -5.205484e-15 1.936414e-04
730 -4.393595e-15 1.931990e-04
731 -3.581706e-15 1.927560e-04
732 -2.769816e-15 1.923126e-04
733 -1.957927e-15 1.918690e-04
734 -1.146038e-15 1.914255e-04
735 -2.721962e-16 1.909823e-04
736 6.635983e-16 1.905394e-04
737 1.599393e-15 1.900972e-04
738 2.535187e-15 1.896557e-04
739 3.470982e-15 1.892153e-04
740 4.406776e-15 1.887761e-04
741 5.342571e-15 1.883382e-04
742 6.278365e-15 1.879020e-04
743 7.214159e-15 1.874674e-04
744 8.149954e-15 1.870348e-04
745 9.138320e-15 1.866043e-04
746 1.017926e-14 1.861762e-04
747 1.122020e-14 1.857504e-04
748 1.226113e-14 1.853274e-04
749 1.330207e-14 1.849071e-04
750 1.434301e-14 1.844899e-04
751 1.538395e-14 1.840758e-04
752 1.642488e-14 1.836650e-04
753 1.746582e-14 1.832577e-04
754 1.850676e-14 1.828541e-04
755 1.959276e-14 1.824542e-04
756 2.072383e-14 1.820584e-04
757 2.185489e-14 1.816666e-04
758 2.298595e-14 1.812791e-04
759 2.411702e-14 1.808960e-04
760 2.524808e-14 1.805174e-04
761 2.637915e-14 1.801436e-04
762 2.751021e-14 1.797745e-04
763 2.864127e-14 1.794105e-04
764 2.977234e-14 1.790515e-04
765 3.093918e-14 1.786978e-04
766 3.214180e-14 1.783494e-04
767 3.334441e-14 1.780065e-04
768 3.454703e-14 1.776692e-04
769 3.574965e-14 1.773376e-04
770 3.695227e-14 1.770119e-04
771 3.815489e-14 1.766921e-04
772 3.935750e-14 1.763784e-04
773 4.056012e-14 1.760708e-04
774 4.176274e-14 1.757696e-04
775 4.299317e-14 1.754747e-04
776 4.425141e-14 1.751862e-04
777 4.550965e-14 1.749044e-04
778 4.676789e-14 1.746292e-04
779 4.802614e-14 1.743608e-04
780 4.928438e-14 1.740992e-04
781 5.054262e-14 1.738445e-04
782 5.180086e-14 1.735969e-04
783 5.305910e-14 1.733564e-04
784 5.431734e-14 1.731230e-04
785 5.559166e-14 1.728968e-04
786 5.688205e-14 1.726780e-04
787 5.817244e-14 1.724665e-04
788 5.946282e-14 1.722625e-04
789 6.075321e-14 1.720660e-04
790 6.204360e-14 1.718770e-04
791 6.333399e-14 1.716957e-04
792 6.462438e-14 1.715220e-04
793 6.591477e-14 1.713560e-04
794 6.720516e-14 1.711978e-04
795 6.849929e-14 1.710474e-04
796 6.979716e-14 1.709049e-04
797 7.109503e-14 1.707702e-04
798 7.239290e-14 1.706434e-04
799 7.369076e-14 1.705246e-04
800 7.498863e-14 1.704138e-04
801 7.628650e-14 1.703110e-04
802 7.758437e-14 1.702161e-04
803 7.888224e-14 1.701294e-04
804 8.018011e-14 1.700506e-04
805 8.146228e-14 1.699800e-04
806 8.272873e-14 1.699174e-04
807 8.399519e-14 1.698629e-04
808 8.526164e-14 1.698165e-04
809 8.652810e-14 1.697782e-04
810 8.779456e-14 1.697479e-04
811 8.906101e-14 1.697258e-04
812 9.032747e-14 1.697117e-04
813 9.159392e-14 1.697056e-04
814 9.286038e-14 1.697076e-04
815 9.408835e-14 1.697176e-04
816 9.527782e-14 1.697356e-04
817 9.646730e-14 1.697616e-04
818 9.765678e-14 1.697955e-04
819 9.884626e-14 1.698373e-04
820 1.000357e-13 1.698869e-04
821 1.012252e-13 1.699445e-04
822 1.024147e-13 1.700098e-04
823 1.036042e-13 1.700828e-04
824 1.047936e-13 1.701635e-04
825 1.059178e-13 1.702519e-04
826 1.069766e-13 1.703479e-04
827 1.080355e-13 1.704514e-04
828 1.090943e-13 1.705624e-04
829 1.101531e-13 1.706807e-04
830 1.112119e-13 1.708065e-04
831 1.122708e-13 1.709394e-04
832 1.133296e-13 1.710796e-04
833 1.143884e-13 1.712269e-04
834 1.154473e-13 1.713811e-04
835 1.164100e-13 1.715424e-04
836 1.172767e-13 1.717105e-04
837 1.181434e-13 1.718853e-04
838 1.190101e-13 1.720668e-04
839 1.198768e-13 1.722549e-04
840 1.207435e-13 1.724494e-04
841 1.216102e-13 1.726503e-04
842 1.224769e-13 1.728575e-04
843 1.233436e-13 1.730708e-04
844 1.242103e-13 1.732901e-04
845 1.249443e-13 1.735153e-04
846 1.255456e-13 1.737462e-04
847 1.261468e-13 1.739829e-04
848 1.267480e-13 1.742250e-04
849 1.273493e-13 1.744725e-04
850 1.279505e-13 1.747253e-04
851 1.285518e-13 1.749832e-04
852 1.291530e-13 1.752460e-04
853 1.297542e-13 1.755137e-04
854 1.303555e-13 1.757860e-04
855 1.307943e-13 1.760629e-04
856 1.310707e-13 1.763440e-04
857 1.313471e-13 1.766294e-04
858 1.316235e-13 1.769188e-04
859 1.318999e-13 1.772121e-04
860 1.321763e-13 1.775090e-04
861 1.324527e-13 1.778095e-04
862 1.327291e-13 1.781133e-04
863 1.330055e-13 1.784202e-04
864 1.332819e-13 1.787301e-04
865 1.333656e-13 1.790429e-04
866 1.332564e-13 1.793582e-04
867 1.331473e-13 1.796760e-04
868 1.330381e-13 1.799959e-04
869 1.329290e-13 1.803180e-04
870 1.328199e-13 1.806418e-04
871 1.327107e-13 1.809674e-04
872 1.326016e-13 1.812943e-04
873 1.324924e-13 1.816226e-04
874 1.323833e-13 1.819518e-04
875 1.320591e-13 1.822820e-04
876 1.315199e-13 1.826127e-04
877 1.309807e-13 1.829440e-04
878 1.304415e-13 1.832754e-04
879 1.299022e-13 1.836069e-04
880 1.293630e-13 1.839382e-04
881 1.288238e-13 1.842692e-04
882 1.282846e-13 1.845995e-04
883 1.277453e-13 1.849290e-04
884 1.272061e-13 1.852576e-04
885 1.264353e-13 1.855849e-04
886 1.254330e-13 1.859108e-04
887 1.244307e-13 1.862351e-04
888 1.234284e-13 1.865575e-04
889 1.224261e-13 1.868778e-04
890 1.214238e-13 1.871959e-04
891 1.204215e-13 1.875116e-04
892 1.194192e-13 1.878245e-04
893 1.184169e-13 1.881345e-04
894 1.174146e-13 1.884415e-04
895 1.161746e-13 1.887451e-04
896 1.146971e-13 1.890453e-04
897 1.132196e-13 1.893417e-04
898 1.117421e-13 1.896342e-04
899 1.102646e-13 1.899226e-04
900 1.087871e-13 1.902067e-04
901 1.073095e-13 1.904862e-04
902 1.058320e-13 1.907610e-04
903 1.043545e-13 1.910309e-04
904 1.028770e-13 1.912957e-04
905 1.011704e-13 1.915552e-04
906 9.923456e-14 1.918092e-04
907 9.729877e-14 1.920575e-04
908 9.536298e-14 1.922999e-04
909 9.342719e-14 1.925363e-04
910 9.149140e-14 1.927664e-04
911 8.955561e-14 1.929901e-04
912 8.761983e-14 1.932072e-04
913 8.568404e-14 1.934176e-04
914 8.374825e-14 1.936210e-04
915 8.159439e-14 1.938172e-04
916 7.922246e-14 1.940062e-04
917 7.685053e-14 1.941878e-04
918 7.447860e-14 1.943617e-04
919 7.210667e-14 1.945279e-04
920 6.973474e-14 1.946861e-04
921 6.736281e-14 1.948363e-04
922 6.499088e-14 1.949783e-04
923 6.261895e-14 1.951119e-04
924 6.024702e-14 1.952371e-04
925 5.768791e-14 1.953535e-04
926 5.494161e-14 1.954613e-04
927 5.219531e-14 1.955601e-04
928 4.944901e-14 1.956499e-04
929 4.670272e-14 1.957306e-04
930 4.395642e-14 1.958021e-04
931 4.121012e-14 1.958642e-04
932 3.846382e-14 1.959168e-04
933 3.571752e-14 1.959599e-04
934 3.297122e-14 1.959933e-04
935 3.008006e-14 1.960170e-04
936 2.704404e-14 1.960308e-04
937 2.400802e-14 1.960348e-04
938 2.097199e-14 1.960287e-04
939 1.793597e-14 1.960126e-04
940 1.489995e-14 1.959864e-04
941 1.186392e-14 1.959500e-04
942 8.827900e-15 1.959033e-04
943 5.791877e-15 1.958464e-04
944 2.755854e-15 1.957792e-04
945 -3.637984e-16 1.957016e-04
946 -3.567079e-15 1.956136e-04
947 -6.770360e-15 1.955152e-04
948 -9.973640e-15 1.954064e-04
949 -1.317692e-14 1.952871e-04
950 -1.638020e-14 1.951575e-04
951 -1.958348e-14 1.950174e-04
952 -2.278676e-14 1.948668e-04
953 -2.599004e-14 1.947059e-04
954 -2.919332e-14 1.945345e-04
955 -3.240002e-14 1.943529e-04
956 -3.561012e-14 1.941609e-04
957 -3.882022e-14 1.939586e-04
958 -4.203033e-14 1.937461e-04
959 -4.524043e-14 1.935234e-04
960 -4.845054e-14 1.932907e-04
961 -5.166064e-14 1.930479e-04
962 -5.487074e-14 1.927951e-04
963 -5.808085e-14 1.925325e-04
964 -6.129095e-14 1.922600e-04
965 -6.440044e-14 1.919779e-04
966 -6.740931e-14 1.916861e-04
967 -7.041818e-14 1.913849e-04
968 -7.342705e-14 1.910743e-04
969 -7.643592e-14 1.907543e-04
970 -7.944479e-14 1.904253e-04
971 -8.245366e-14 1.900871e-04
972 -8.546253e-14 1.897401e-04
973 -8.847140e-14 1.893843e-04
974 -9.148027e-14 1.890199e-04
975 -9.428046e-14 1.886469e-04
976 -9.687197e-14 1.882656e-04
977 -9.946348e-14 1.878761e-04
978 -1.020550e-13 1.874786e-04
979 -1.046465e-13 1.870731e-04
980 -1.072380e-13 1.866599e-04
981 -1.098295e-13 1.862392e-04
982 -1.124210e-13 1.858111e-04
983 -1.150126e-13 1.853757e-04
984 -1.176041e-13 1.849333e-04
985 -1.198712e-13 1.844841e-04
986 -1.218141e-13 1.840281e-04
987 -1.237569e-13 1.835657e-04
988 -1.256998e-13 1.830969e-04
989 -1.276426e-13 1.826220e-04
990 -1.295854e-13 1.821412e-04
991 -1.315283e-13 1.816547e-04
992 -1.334711e-13 1.811626e-04
993 -1.354139e-13 1.806652e-04
994 -1.373568e-13 1.801627e-04
995 -1.388756e-13 1.796553e-04
996 -1.399703e-13 1.791431e-04
997 -1.410650e-13 1.786264e-04
998 -1.421597e-13 1.781054e-04
999 -1.432544e-13 1.775804e-04
1000 -1.443491e-13 1.770515e-04
1001 -1.454438e-13 1.765189e-04
1002 -1.465385e-13 1.759828e-04
1003 -1.476332e-13 1.754436e-04
1004 -1.487279e-13 1.749013e-04
1005 -1.493425e-13 1.743562e-04
1006 -1.494771e-13 1.738086e-04
1007 -1.496116e-13 1.732586e-04
1008 -1.497461e-13 1.727065e-04
1009 -1.498807e-13 1.721525e-04
1010 -1.500152e-13 1.715967e-04
1011 -1.501497e-13 1.710396e-04
1012 -1.502843e-13 1.704811e-04
1013 -1.504188e-13 1.699217e-04
1014 -1.505533e-13 1.693614e-04
1015 -1.501750e-13 1.688005e-04
1016 -1.492839e-13 1.682393e-04
1017 -1.483927e-13 1.676779e-04
1018 -1.475016e-13 1.671166e-04
1019 -1.466105e-13 1.665556e-04
1020 -1.457193e-13 1.659950e-04
1021 -1.448282e-13 1.654352e-04
1022 -1.439371e-13 1.648764e-04
1023 -1.430459e-13 1.643186e-04
1024 -1.421548e-13 1.637623e-04
1025 -1.407622e-13 1.632075e-04
1026 -1.388681e-13 1.626544e-04
1027 -1.369740e-13 1.621034e-04
1028 -1.350800e-13 1.615545e-04
1029 -1.331859e-13 1.610080e-04
1030 -1.312919e-13 1.604641e-04
1031 -1.293978e-13 1.599230e-04
1032 -1.275037e-13 1.593848e-04
1033 -1.256097e-13 1.588499e-04
1034 -1.237156e-13 1.583182e-04
1035 -1.213669e-13 1.577902e-04
1036 -1.185635e-13 1.572658e-04
1037 -1.157601e-13 1.567454e-04
1038 -1.129568e-13 1.562291e-04
1039 -1.101534e-13 1.557170e-04
1040 -1.073500e-13 1.552094e-04
1041 -1.045467e-13 1.547064e-04
1042 -1.017433e-13 1.542081e-04
1043 -9.893993e-14 1.537148e-04
1044 -9.613656e-14 1.532266e-04
1045 -9.293864e-14 1.527436e-04
1046 -8.934616e-14 1.522659e-04
1047 -8.575368e-14 1.517939e-04
1048 -8.216120e-14 1.513275e-04
1049 -7.856872e-14 1.508669e-04
1050 -7.497624e-14 1.504122e-04
1051 -7.138376e-14 1.499636e-04
1052 -6.779128e-14 1.495212e-04
1053 -6.419881e-14 1.490851e-04
1054 -6.060633e-14 1.486554e-04
1055 -5.670000e-14 1.482323e-04
1056 -5.247983e-14 1.478157e-04
1057 -4.825966e-14 1.474059e-04
1058 -4.403949e-14 1.470029e-04
1059 -3.981932e-14 1.466068e-04
1060 -3.559915e-14 1.462177e-04
1061 -3.137897e-14 1.458356e-04
1062 -2.715880e-14 1.454607e-04
1063 -2.293863e-14 1.450929e-04
1064 -1.871846e-14 1.447324e-04
1065 -1.426490e-14 1.443793e-04
1066 -9.577938e-15 1.440335e-04
1067 -4.890980e-15 1.436952e-04
1068 -2.040229e-16 1.433643e-04
1069 4.482935e-15 1.430410e-04
1070 9.169892e-15 1.427252e-04
1071 1.385685e-14 1.424170e-04
1072 1.854381e-14 1.421165e-04
1073 2.323076e-14 1.418236e-04
1074 2.791772e-14 1.415383e-04
1075 3.274897e-14 1.412608e-04
1076 3.772452e-14 1.409909e-04
1077 4.270007e-14 1.407288e-04
1078 4.767561e-14 1.404744e-04
1079 5.265116e-14 1.402278e-04
1080 5.762671e-14 1.399888e-04
1081 6.260225e-14 1.397577e-04
1082 6.757780e-14 1.395342e-04
1083 7.255335e-14 1.393184e-04
1084 7.752889e-14 1.391104e-04
1085 8.255795e-14 1.389100e-04
1086 8.764052e-14 1.387173e-04
1087 9.272309e-14 1.385323e-04
1088 9.780566e-14 1.383548e-04
1089 1.028882e-13 1.381850e-04
1090 1.079708e-13 1.380227e-04
1091 1.130534e-13 1.378679e-04
1092 1.181359e-13 1.377207e-04
1093 1.232185e-13 1.375809e-04
1094 1.283011e-13 1.374485e-04
1095 1.333362e-13 1.373234e-04
1096 1.383239e-13 1.372057e-04
1097 1.433116e-13 1.370953e-04
1098 1.482994e-13 1.369920e-04
1099 1.532871e-13 1.368960e-04
1100 1.582748e-13 1.368070e-04
1101 1.632625e-13 1.367251e-04
1102 1.682502e-13 1.366501e-04
1103 1.732379e-13 1.365821e-04
1104 1.782256e-13 1.365210e-04
1105 1.830662e-13 1.364666e-04
1106 1.877596e-13 1.364189e-04
1107 1.924530e-13 1.363779e-04
1108 1.971465e-13 1.363435e-04
1109 2.018399e-13 1.363156e-04
1110 2.065333e-13 1.362941e-04
1111 2.112267e-13 1.362789e-04
1112 2.159201e-13 1.362700e-04
1113 2.206136e-13 1.362673e-04
1114 2.253070e-13 1.362707e-04
1115 2.297529e-13 1.362801e-04
1116 2.339513e-13 1.362954e-04
1117 2.381497e-13 1.363166e-04
1118 2.423482e-13 1.363436e-04
1119 2.465466e-13 1.363762e-04
1120 2.507450e-13 1.364144e-04
1121 2.549434e-13 1.364580e-04
1122 2.591419e-13 1.365071e-04
1123 2.633403e-13 1.365614e-04
1124 2.675387e-13 1.366210e-04
1125 2.713704e-13 1.366857e-04
1126 2.748353e-13 1.367554e-04
1127 2.783002e-13 1.368300e-04
1128 2.817651e-13 1.369094e-04
1129 2.852301e-13 1.369935e-04
1130 2.886950e-13 1.370823e-04
1131 2.921599e-13 1.371756e-04
1132 2.956248e-13 1.372733e-04
1133 2.990898e-13 1.373754e-04
1134 3.025547e-13 1.374817e-04
1135 3.055666e-13 1.375921e-04
1136 3.081256e-13 1.377065e-04
1137 3.106846e-13 1.378249e-04
1138 3.132436e-13 1.379471e-04
1139 3.158026e-13 1.380730e-04
1140 3.183616e-13 1.382025e-04
1141 3.209206e-13 1.383356e-04
1142 3.234796e-13 1.384721e-04
1143 3.260386e-13 1.386119e-04
1144 3.285976e-13 1.387550e-04
1145 3.306012e-13 1.389012e-04
1146 3.320496e-13 1.390504e-04
1147 3.334980e-13 1.392025e-04
1148 3.349463e-13 1.393575e-04
1149 3.363947e-13 1.395152e-04
1150 3.378430e-13 1.396756e-04
1151 3.392914e-13 1.398385e-04
1152 3.407398e-13 1.400039e-04
1153 3.421881e-13 1.401716e-04
1154 3.436365e-13 1.403416e-04
1155 3.444790e-13 1.405138e-04
1156 3.447158e-13 1.406881e-04
1157 3.449525e-13 1.408643e-04
1158 3.451892e-13 1.410425e-04
1159 3.454260e-13 1.412224e-04
1160 3.456627e-13 1.414042e-04
1161 3.458994e-13 1.415875e-04
1162 3.461362e-13 1.417724e-04
1163 3.463729e-13 1.419588e-04
1164 3.466096e-13 1.421466e-04
1165 3.461923e-13 1.423357e-04
1166 3.451209e-13 1.425260e-04
1167 3.440495e-13 1.427174e-04
1168 3.429782e-13 1.429100e-04
1169 3.419068e-13 1.431035e-04
1170 3.408354e-13 1.432979e-04
1171 3.397640e-13 1.434931e-04
1172 3.386926e-13 1.436891e-04
1173 3.376213e-13 1.438858e-04
1174 3.365499e-13 1.440831e-04
1175 3.348129e-13 1.442809e-04
1176 3.324103e-13 1.444791e-04
1177 3.300076e-13 1.446778e-04
1178 3.276050e-13 1.448767e-04
1179 3.252024e-13 1.450759e-04
1180 3.227998e-13 1.452753e-04
1181 3.203971e-13 1.454748e-04
1182 3.179945e-13 1.456743e-04
1183 3.155919e-13 1.458737e-04
1184 3.131893e-13 1.460731e-04
1185 3.101341e-13 1.462723e-04
1186 3.064263e-13 1.464712e-04
1187 3.027185e-13 1.466699e-04
1188 2.990107e-13 1.468682e-04
1189 2.953029e-13 1.470661e-04
1190 2.915952e-13 1.472635e-04
1191 2.878874e-13 1.474603e-04
1192 2.841796e-13 1.476566e-04
1193 2.804718e-13 1.478522e-04
1194 2.767640e-13 1.480470e-04
1195 2.724465e-13 1.482411e-04
1196 2.675191e-13 1.484343e-04
1197 2.625917e-13 1.486267e-04
1198 2.576643e-13 1.488181e-04
1199 2.527369e-13 1.490084e-04
1200 2.478096e-13 1.491978e-04
1201 2.428822e-13 1.493860e-04
1202 2.379548e-13 1.495730e-04
1203 2.330274e-13 1.497588e-04
1204 2.281000e-13 1.499434e-04
1205 2.226271e-13 1.501266e-04
1206 2.166087e-13 1.503085e-04
1207 2.105903e-13 1.504889e-04
1208 2.045719e-13 1.506679e-04
1209 1.985534e-13 1.508454e-04
1210 1.925350e-13 1.510213e-04
1211 1.865166e-13 1.511955e-04
1212 1.804981e-13 1.513682e-04
1213 1.744797e-13 1.515391e-04
1214 1.684613e-13 1.517083e-04
1215 1.619978e-13 1.518757e-04
1216 1.550893e-13 1.520413e-04
1217 1.481808e-13 1.522051e-04
1218 1.412723e-13 1.523669e-04
1219 1.343638e-13 1.525267e-04
1220 1.274553e-13 1.526846e-04
1221 1.205469e-13 1.528404e-04
1222 1.136384e-13 1.529942e-04
1223 1.067299e-13 1.531459e-04
1224 9.982136e-14 1.532954e-04
1225 9.259296e-14 1.534427e-04
1226 8.504464e-14 1.535879e-04
1227 7.749633e-14 1.537308e-04
1228 6.994802e-14 1.538714e-04
1229 6.239970e-14 1.540096e-04
1230 5.485139e-14 1.541456e-04
1231 4.730307e-14 1.542791e-04
1232 3.975476e-14 1.544102e-04
1233 3.220645e-14 1.545389e-04
1234 2.465813e-14 1.546651e-04
1235 1.695190e-14 1.547888e-04
1236 9.087758e-15 1.549100e-04
1237 1.223613e-15 1.550286e-04
1238 -6.640531e-15 1.551446e-04
1239 -1.450468e-14 1.552580e-04
1240 -2.236882e-14 1.553687e-04
1241 -3.023296e-14 1.554768e-04
1242 -3.809711e-14 1.555821e-04
1243 -4.596125e-14 1.556848e-04
1244 -5.382540e-14 1.557846e-04
1245 -6.165963e-14 1.558818e-04
1246 -6.946396e-14 1.559761e-04
1247 -7.726828e-14 1.560676e-04
1248 -8.507261e-14 1.561562e-04
1249 -9.287693e-14 1.562420e-04
1250 -1.006813e-13 1.563250e-04
1251 -1.084856e-13 1.564050e-04
1252 -1.162899e-13 1.564820e-04
1253 -1.240942e-13 1.565562e-04
1254 -1.318986e-13 1.566274e-04
1255 -1.394549e-13 1.566956e-04
1256 -1.467634e-13 1.567608e-04
1257 -1.540718e-13 1.568230e-04
1258 -1.613802e-13 1.568822e-04
1259 -1.686886e-13 1.569383e-04
1260 -1.759971e-13 1.569913e-04
1261 -1.833055e-13 1.570413e-04
1262 -1.906139e-13 1.570882e-04
1263 -1.979223e-13 1.571320e-04
1264 -2.052308e-13 1.571727e-04
1265 -2.120600e-13 1.572102e-04
1266 -2.184100e-13 1.572446e-04
1267 -2.247600e-13 1.572758e-04
1268 -2.311099e-13 1.573039e-04
1269 -2.374599e-13 1.573288e-04
1270 -2.438099e-13 1.573505e-04
1271 -2.501599e-13 1.573691e-04
1272 -2.565099e-13 1.573844e-04
1273 -2.628599e-13 1.573965e-04
1274 -2.692099e-13 1.574054e-04
1275 -2.748469e-13 1.574110e-04
1276 -2.797711e-13 1.574134e-04
1277 -2.846953e-13 1.574126e-04
1278 -2.896195e-13 1.574085e-04
1279 -2.945437e-13 1.574012e-04
1280 -2.994679e-13 1.573906e-04
1281 -3.043920e-13 1.573767e-04
1282 -3.093162e-13 1.573596e-04
1283 -3.142404e-13 1.573392e-04
1284 -3.191646e-13 1.573155e-04
1285 -3.231801e-13 1.572886e-04
1286 -3.262868e-13 1.572583e-04
1287 -3.293936e-13 1.572248e-04
1288 -3.325004e-13 1.571880e-04
1289 -3.356072e-13 1.571479e-04
1290 -3.387140e-13 1.571045e-04
1291 -3.418207e-13 1.570578e-04
1292 -3.449275e-13 1.570079e-04
1293 -3.480343e-13 1.569546e-04
1294 -3.511411e-13 1.568981e-04
1295 -3.531840e-13 1.568383e-04
1296 -3.541632e-13 1.567752e-04
1297 -3.551424e-13 1.567088e-04
1298 -3.561216e-13 1.566391e-04
1299 -3.571008e-13 1.565661e-04
1300 -3.580799e-13 1.564899e-04
1301 -3.590591e-13 1.564104e-04
1302 -3.600383e-13 1.563277e-04
1303 -3.610175e-13 1.562417e-04
1304 -3.619967e-13 1.561524e-04
1305 -3.618104e-13 1.560599e-04
1306 -3.604587e-13 1.559641e-04
1307 -3.591070e-13 1.558651e-04
1308 -3.577553e-13 1.557628e-04
1309 -3.564036e-13 1.556574e-04
1310 -3.550519e-13 1.555487e-04
1311 -3.537002e-13 1.554368e-04
1312 -3.523484e-13 1.553217e-04
1313 -3.509967e-13 1.552034e-04
1314 -3.496450e-13 1.550819e-04
1315 -3.471262e-13 1.549572e-04
1316 -3.434401e-13 1.548294e-04
1317 -3.397540e-13 1.546984e-04
1318 -3.360680e-13 1.545643e-04
1319 -3.323819e-13 1.544270e-04
1320 -3.286958e-13 1.542866e-04
1321 -3.250098e-13 1.541430e-04
1322 -3.213237e-13 1.539964e-04
1323 -3.176377e-13 1.538466e-04
1324 -3.139516e-13 1.536938e-04
1325 -3.091294e-13 1.535379e-04
1326 -3.031711e-13 1.533790e-04
1327 -2.972128e-13 1.532170e-04
1328 -2.912544e-13 1.530520e-04
1329 -2.852961e-13 1.528839e-04
1330 -2.793378e-13 1.527128e-04
1331 -2.733795e-13 1.525388e-04
1332 -2.674212e-13 1.523618e-04
1333 -2.614628e-13 1.521818e-04
1334 -2.555045e-13 1.519988e-04
1335 -2.485158e-13 1.518129e-04
1336 -2.404965e-13 1.516241e-04
1337 -2.324773e-13 1.514324e-04
1338 -2.244581e-13 1.512378e-04
1339 -2.164389e-13 1.510403e-04
1340 -2.084197e-13 1.508400e-04
1341 -2.004005e-13 1.506368e-04
1342 -1.923813e-13 1.504309e-04
1343 -1.843621e-13 1.502221e-04
1344 -1.763428e-13 1.500105e-04
1345 -1.674237e-13 1.497961e-04
1346 -1.576045e-13 1.495790e-04
1347 -1.477853e-13 1.493591e-04
1348 -1.379662e-13 1.491366e-04
1349 -1.281470e-13 1.489113e-04
1350 -1.183278e-13 1.486834e-04
1351 -1.085087e-13 1.484527e-04
1352 -9.868953e-14 1.482195e-04
1353 -8.887036e-14 1.479836e-04
1354 -7.905120e-14 1.477451e-04
1355 -6.848910e-14 1.475041e-04
1356 -5.718406e-14 1.472604e-04
1357 -4.587902e-14 1.470142e-04
1358 -3.457397e-14 1.467655e-04
1359 -2.326893e-14 1.465143e-04
1360 -1.196389e-14 1.462606e-04
1361 -6.588438e-16 1.460045e-04
1362 1.064620e-14 1.457459e-04
1363 2.195124e-14 1.454848e-04
1364 3.325629e-14 1.452214e-04
1365 4.513965e-14 1.449556e-04
1366 5.760133e-14 1.446874e-04
1367 7.006302e-14 1.444169e-04
1368 8.252470e-14 1.441441e-04
1369 9.498639e-14 1.438690e-04
1370 1.074481e-13 1.435916e-04
1371 1.199098e-13 1.433120e-04
1372 1.323714e-13 1.430302e-04
1373 1.448331e-13 1.427461e-04
1374 1.572948e-13 1.424599e-04
1375 1.701564e-13 1.421715e-04
1376 1.834177e-13 1.418809e-04
1377 1.966791e-13 1.415883e-04
1378 2.099405e-13 1.412936e-04
1379 2.232019e-13 1.409968e-04
1380 2.364633e-13 1.406980e-04
1381 2.497247e-13 1.403971e-04
1382 2.629861e-13 1.400943e-04
1383 2.762475e-13 1.397894e-04
1384 2.895089e-13 1.394827e-04
1385 3.029884e-13 1.391740e-04
1386 3.166859e-13 1.388634e-04
1387 3.303834e-13 1.385509e-04
1388 3.440808e-13 1.382366e-04
1389 3.577783e-13 1.379205e-04
1390 3.714758e-13 1.376026e-04
1391 3.851733e-13 1.372828e-04
1392 3.988708e-13 1.369614e-04
1393 4.125683e-13 1.366382e-04
1394 4.262658e-13 1.363132e-04
1395 4.400034e-13 1.359867e-04
1396 4.537811e-13 1.356584e-04
1397 4.675588e-13 1.353285e-04
1398 4.813365e-13 1.349971e-04
1399 4.951142e-13 1.346640e-04
1400 5.088918e-13 1.343294e-04
1401 5.226695e-13 1.339932e-04
1402 5.364472e-13 1.336556e-04
1403 5.502249e-13 1.333164e-04
1404 5.640025e-13 1.329758e-04
1405 5.776188e-13 1.326338e-04
1406 5.910737e-13 1.322903e-04
1407 6.045286e-13 1.319455e-04
1408 6.179834e-13 1.315993e-04
1409 6.314383e-13 1.312518e-04
1410 6.448932e-13 1.309030e-04
1411 6.583481e-13 1.305529e-04
1412 6.718029e-13 1.302016e-04
1413 6.852578e-13 1.298490e-04
1414 6.987127e-13 1.294952e-04
1415 7.118327e-13 1.291402e-04
1416 7.246178e-13 1.287841e-04
1417 7.374029e-13 1.284268e-04
1418 7.501880e-13 1.280684e-04
1419 7.629730e-13 1.277089e-04
1420 7.757581e-13 1.273484e-04
1421 7.885432e-13 1.269869e-04
1422 8.013283e-13 1.266243e-04
1423 8.141134e-13 1.262607e-04
1424 8.268985e-13 1.258962e-04
1425 8.391119e-13 1.255308e-04
1426 8.507535e-13 1.251644e-04
1427 8.623952e-13 1.247972e-04
1428 8.740368e-13 1.244291e-04
1429 8.856785e-13 1.240602e-04
1430 8.973201e-13 1.236904e-04
1431 9.089618e-13 1.233199e-04
1432 9.206034e-13 1.229486e-04
1433 9.322451e-13 1.225765e-04
1434 9.438867e-13 1.222037e-04
1435 9.547383e-13 1.218303e-04
1436 9.647998e-13 1.214562e-04
1437 9.748613e-13 1.210814e-04
1438 9.849228e-13 1.207060e-04
1439 9.949843e-13 1.203300e-04
1440 1.005046e-12 1.199534e-04
1441 1.015107e-12 1.195763e-04
1442 1.025169e-12 1.191986e-04
1443 1.035230e-12 1.188205e-04
1444 1.045292e-12 1.184418e-04
1445 1.054359e-12 1.180627e-04
1446 1.062432e-12 1.176832e-04
1447 1.070505e-12 1.173032e-04
1448 1.078578e-12 1.169229e-04
1449 1.086650e-12 1.165421e-04
1450 1.094723e-12 1.161611e-04
1451 1.102796e-12 1.157797e-04
1452 1.110869e-12 1.153980e-04
1453 1.118942e-12 1.150160e-04
1454 1.127014e-12 1.146337e-04
1455 1.133846e-12 1.142512e-04
1456 1.139437e-12 1.138685e-04
1457 1.145028e-12 1.134856e-04
1458 1.150619e-12 1.131025e-04
1459 1.156210e-12 1.127192e-04
1460 1.161801e-12 1.123359e-04
1461 1.167392e-12 1.119524e-04
1462 1.172983e-12 1.115688e-04
1463 1.178574e-12 1.111851e-04
1464 1.184165e-12 1.108013e-04
1465 1.188347e-12 1.104176e-04
1466 1.191119e-12 1.100338e-04
1467 1.193891e-12 1.096500e-04
1468 1.196663e-12 1.092662e-04
1469 1.199435e-12 1.088825e-04
1470 1.202207e-12 1.084988e-04
1471 1.204980e-12 1.081153e-04
1472 1.207752e-12 1.077318e-04
1473 1.210524e-12 1.073484e-04
1474 1.213296e-12 1.069652e-04
1475 1.214492e-12 1.065821e-04
1476 1.214112e-12 1.061991e-04
1477 1.213731e-12 1.058164e-04
1478 1.213351e-12 1.054339e-04
1479 1.212970e-12 1.050516e-04
1480 1.212590e-12 1.046695e-04
1481 1.212210e-12 1.042877e-04
1482 1.211829e-12 1.039062e-04
1483 1.211449e-12 1.035250e-04
1484 1.211068e-12 1.031441e-04
1485 1.208960e-12 1.027635e-04
1486 1.205124e-12 1.023832e-04
1487 1.201287e-12 1.020033e-04
1488 1.197451e-12 1.016238e-04
1489 1.193615e-12 1.012447e-04
1490 1.189778e-12 1.008659e-04
1491 1.185942e-12 1.004877e-04
1492 1.182106e-12 1.001098e-04
1493 1.178269e-12 9.973240e-05
1494 1.174433e-12 9.935547e-05
1495 1.168810e-12 9.897903e-05
1496 1.161401e-12 9.860309e-05
1497 1.153991e-12 9.822766e-05
1498 1.146582e-12 9.785277e-05
1499 1.139172e-12 9.747842e-05
1500 1.131763e-12 9.710463e-05
1501 1.124353e-12 9.673142e-05
1502 1.116944e-12 9.635880e-05
1503 1.109534e-12 9.598678e-05
1504 1.102125e-12 9.561538e-05
1505 1.092912e-12 9.524461e-05
1506 1.081895e-12 9.487449e-05
1507 1.070879e-12 9.450503e-05
1508 1.059862e-12 9.413624e-05
1509 1.048845e-12 9.376813e-05
1510 1.037829e-12 9.340073e-05
1511 1.026812e-12 9.303404e-05
1512 1.015795e-12 9.266807e-05
1513 1.004779e-12 9.230285e-05
1514 9.937622e-13 9.193837e-05
1515 9.810193e-13 9.157466e-05
1516 9.665502e-13 9.121172e-05
1517 9.520810e-13 9.084958e-05
1518 9.376119e-13 9.048823e-05
1519 9.231428e-13 9.012770e-05
1520 9.086737e-13 8.976800e-05
1521 8.942046e-13 8.940913e-05
1522 8.797355e-13 8.905111e-05
1523 8.652664e-13 8.869395e-05
1524 8.507973e-13 8.833766e-05
1525 8.347484e-13 8.798225e-05
1526 8.171198e-13 8.762774e-05
1527 7.994912e-13 8.727414e-05
1528 7.818625e-13 8.692145e-05
1529 7.642339e-13 8.656969e-05
1530 7.466053e-13 8.621886e-05
1531 7.289767e-13 8.586899e-05
1532 7.113481e-13 8.552007e-05
1533 6.937195e-13 8.517212e-05
1534 6.760908e-13 8.482516e-05
1535 6.570948e-13 8.447918e-05
1536 6.367313e-13 8.413420e-05
1537 6.163678e-13 8.379023e-05
1538 5.960044e-13 8.344727e-05
1539 5.756409e-13 8.310535e-05
1540 5.552774e-13 8.276446e-05
1541 5.349139e-13 8.242463e-05
1542 5.145505e-13 8.208584e-05
1543 4.941870e-13 8.174813e-05
1544 4.738235e-13 8.141149e-05
1545 4.524394e-13 8.107593e-05
1546 4.300348e-13 8.074146e-05
1547 4.076301e-13 8.040809e-05
1548 3.852255e-13 8.007584e-05
1549 3.628208e-13 7.974470e-05
1550 3.404161e-13 7.941468e-05
1551 3.180115e-13 7.908580e-05
1552 2.956068e-13 7.875807e-05
1553 2.732022e-13 7.843148e-05
1554 2.507975e-13 7.810605e-05
1555 2.277858e-13 7.778178e-05
1556 2.041672e-13 7.745869e-05
1557 1.805485e-13 7.713678e-05
1558 1.569299e-13 7.681605e-05
1559 1.333112e-13 7.649652e-05
1560 1.096925e-13 7.617819e-05
1561 8.607388e-14 7.586107e-05
1562 6.245521e-14 7.554517e-05
1563 3.883655e-14 7.523049e-05
1564 1.521789e-14 7.491704e-05
1565 -8.478879e-15 7.460482e-05
1566 -3.225376e-14 7.429385e-05
1567 -5.602864e-14 7.398412e-05
1568 -7.980352e-14 7.367565e-05
1569 -1.035784e-13 7.336844e-05
1570 -1.273533e-13 7.306250e-05
1571 -1.511282e-13 7.275783e-05
1572 -1.749030e-13 7.245444e-05
1573 -1.986779e-13 7.215233e-05
1574 -2.224528e-13 7.185152e-05
1575 -2.457047e-13 7.155199e-05
1576 -2.684337e-13 7.125377e-05
1577 -2.911627e-13 7.095686e-05
1578 -3.138916e-13 7.066125e-05
1579 -3.366206e-13 7.036696e-05
1580 -3.593496e-13 7.007399e-05
1581 -3.820786e-13 6.978235e-05
1582 -4.048075e-13 6.949204e-05
1583 -4.275365e-13 6.920306e-05
1584 -4.502655e-13 6.891542e-05
1585 -4.717888e-13 6.862913e-05
1586 -4.921065e-13 6.834418e-05
1587 -5.124242e-13 6.806059e-05
1588 -5.327419e-13 6.777835e-05
1589 -5.530596e-13 6.749747e-05
1590 -5.733773e-13 6.721796e-05
1591 -5.936950e-13 6.693981e-05
1592 -6.140127e-13 6.666304e-05
1593 -6.343304e-13 6.638764e-05
1594 -6.546481e-13 6.611363e-05
1595 -6.731375e-13 6.584099e-05
1596 -6.897987e-13 6.556974e-05
1597 -7.064599e-13 6.529988e-05
1598 -7.231211e-13 6.503141e-05
1599 -7.397823e-13 6.476433e-05
1600 -7.564435e-13 6.449866e-05
1601 -7.731047e-13 6.423438e-05
1602 -7.897659e-13 6.397151e-05
1603 -8.064271e-13 6.371004e-05
1604 -8.230883e-13 6.344998e-05
1605 -8.373227e-13 6.319134e-05
1606 -8.491302e-13 6.293410e-05
1607 -8.609378e-13 6.267828e-05
1608 -8.727453e-13 6.242388e-05
1609 -8.845528e-13 6.217090e-05
1610 -8.963604e-13 6.191934e-05
1611 -9.081679e-13 6.166921e-05
1612 -9.199755e-13 6.142050e-05
1613 -9.317830e-13 6.117321e-05
1614 -9.435905e-13 6.092736e-05
1615 -9.524327e-13 6.068293e-05
1616 -9.583094e-13 6.043994e-05
1617 -9.641861e-13 6.019838e-05
1618 -9.700628e-13 5.995826e-05
1619 -9.759395e-13 5.971956e-05
1620 -9.818162e-13 5.948231e-05
1621 -9.876929e-13 5.924649e-05
1622 -9.935696e-13 5.901211e-05
1623 -9.994463e-13 5.877917e-05
1624 -1.005323e-12 5.854767e-05
1625 -1.008016e-12 5.831761e-05
1626 -1.007526e-12 5.808899e-05
1627 -1.007036e-12 5.786182e-05
1628 -1.006546e-12 5.763608e-05
1629 -1.006056e-12 5.741179e-05
1630 -1.005566e-12 5.718893e-05
1631 -1.005076e-12 5.696753e-05
1632 -1.004586e-12 5.674756e-05
1633 -1.004096e-12 5.652903e-05
1634 -1.003606e-12 5.631195e-05
1635 -9.997406e-13 5.609631e-05
1636 -9.925005e-13 5.588211e-05
1637 -9.852605e-13 5.566935e-05
1638 -9.780205e-13 5.545803e-05
1639 -9.707805e-13 5.524816e-05
1640 -9.635405e-13 5.503972e-05
1641 -9.563005e-13 5.483272e-05
1642 -9.490604e-13 5.462716e-05
1643 -9.418204e-13 5.442304e-05
1644 -9.345804e-13 5.422035e-05
1645 -9.241140e-13 5.401910e-05
1646 -9.104211e-13 5.381928e-05
1647 -8.967282e-13 5.362090e-05
1648 -8.830353e-13 5.342395e-05
1649 -8.693425e-13 5.322842e-05
1650 -8.556496e-13 5.303433e-05
1651 -8.419567e-13 5.284167e-05
1652 -8.282638e-13 5.265043e-05
1653 -8.145709e-13 5.246061e-05
1654 -8.008781e-13 5.227222e-05
1655 -7.841797e-13 5.208525e-05
1656 -7.644760e-13 5.189970e-05
1657 -7.447723e-13 5.171556e-05
1658 -7.250685e-13 5.153285e-05
1659 -7.053648e-13 5.135154e-05
1660 -6.856610e-13 5.117164e-05
1661 -6.659573e-13 5.099316e-05
1662 -6.462535e-13 5.081608e-05
1663 -6.265498e-13 5.064040e-05
1664 -6.068460e-13 5.046613e-05
1665 -5.844852e-13 5.029326e-05
1666 -5.594672e-13 5.012178e-05
1667 -5.344492e-13 4.995170e-05
1668 -5.094312e-13 4.978300e-05
1669 -4.844132e-13 4.961570e-05
1670 -4.593952e-13 4.944978e-05
1671 -4.343772e-13 4.928525e-05
1672 -4.093592e-13 4.912210e-05
1673 -3.843412e-13 4.896032e-05
1674 -3.593232e-13 4.879992e-05
1675 -3.322097e-13 4.864088e-05
1676 -3.030007e-13 4.848322e-05
1677 -2.737918e-13 4.832692e-05
1678 -2.445829e-13 4.817198e-05
1679 -2.153739e-13 4.801839e-05
1680 -1.861650e-13 4.786617e-05
1681 -1.569561e-13 4.771529e-05
1682 -1.277471e-13 4.756576e-05
1683 -9.853818e-14 4.741757e-05
1684 -6.932924e-14 4.727072e-05
1685 -3.856740e-14 4.712521e-05
1686 -6.252656e-15 4.698102e-05
1687 2.606209e-14 4.683817e-05
1688 5.837684e-14 4.669664e-05
1689 9.069158e-14 4.655643e-05
1690 1.230063e-13 4.641754e-05
1691 1.553211e-13 4.627995e-05
1692 1.876358e-13 4.614368e-05
1693 2.199506e-13 4.600871e-05
1694 2.522653e-13 4.587503e-05
1695 2.854959e-13 4.574265e-05
1696 3.196425e-13 4.561156e-05
1697 3.537890e-13 4.548176e-05
1698 3.879355e-13 4.535324e-05
1699 4.220820e-13 4.522599e-05
1700 4.562285e-13 4.510002e-05
1701 4.903750e-13 4.497531e-05
1702 5.245215e-13 4.485186e-05
1703 5.586680e-13 4.472968e-05
1704 5.928145e-13 4.460874e-05
1705 6.272314e-13 4.448905e-05
1706 6.619186e-13 4.437061e-05
1707 6.966057e-13 4.425340e-05
1708 7.312929e-13 4.413742e-05
1709 7.659801e-13 4.402267e-05
1710 8.006673e-13 4.390915e-05
1711 8.353545e-13 4.379684e-05
1712 8.700417e-13 4.368574e-05
1713 9.047289e-13 4.357585e-05
1714 9.394161e-13 4.346716e-05
1715 9.736430e-13 4.335966e-05
1716 1.007410e-12 4.325335e-05
1717 1.041176e-12 4.314823e-05
1718 1.074943e-12 4.304429e-05
1719 1.108709e-12 4.294152e-05
1720 1.142476e-12 4.283992e-05
1721 1.176243e-12 4.273948e-05
1722 1.210009e-12 4.264019e-05
1723 1.243776e-12 4.254206e-05
1724 1.277543e-12 4.244507e-05
1725 1.310265e-12 4.234922e-05
1726 1.341943e-12 4.225450e-05
1727 1.373621e-12 4.216091e-05
1728 1.405300e-12 4.206844e-05
1729 1.436978e-12 4.197708e-05
1730 1.468656e-12 4.188683e-05
1731 1.500334e-12 4.179768e-05
1732 1.532013e-12 4.170963e-05
1733 1.563691e-12 4.162267e-05
1734 1.595369e-12 4.153679e-05
1735 1.625270e-12 4.145199e-05
1736 1.653393e-12 4.136826e-05
1737 1.681515e-12 4.128559e-05
1738 1.709638e-12 4.120398e-05
1739 1.737761e-12 4.112342e-05
1740 1.765884e-12 4.104391e-05
1741 1.794007e-12 4.096544e-05
1742 1.822130e-12 4.088799e-05
1743 1.850253e-12 4.081158e-05
1744 1.878376e-12 4.073618e-05
1745 1.904156e-12 4.066179e-05
1746 1.927594e-12 4.058841e-05
1747 1.951032e-12 4.051602e-05
1748 1.974469e-12 4.044463e-05
1749 1.997907e-12 4.037422e-05
1750 2.021344e-12 4.030479e-05
1751 2.044782e-12 4.023633e-05
1752 2.068220e-12 4.016883e-05
1753 2.091657e-12 4.010229e-05
1754 2.115095e-12 4.003670e-05
1755 2.135668e-12 3.997205e-05
1756 2.153376e-12 3.990833e-05
1757 2.171084e-12 3.984555e-05
1758 2.188792e-12 3.978369e-05
1759 2.206500e-12 3.972274e-05
1760 2.224209e-12 3.966269e-05
1761 2.241917e-12 3.960355e-05
1762 2.259625e-12 3.954530e-05
1763 2.277333e-12 3.948794e-05
1764 2.295041e-12 3.943145e-05
1765 2.309285e-12 3.937583e-05
1766 2.320064e-12 3.932108e-05
1767 2.330843e-12 3.926718e-05
1768 2.341622e-12 3.921413e-05
1769 2.352401e-12 3.916192e-05
1770 2.363180e-12 3.911054e-05
1771 2.373960e-12 3.905999e-05
1772 2.384739e-12 3.901026e-05
1773 2.395518e-12 3.896134e-05
1774 2.406297e-12 3.891322e-05
1775 2.413372e-12 3.886590e-05
1776 2.416743e-12 3.881936e-05
1777 2.420115e-12 3.877361e-05
1778 2.423486e-12 3.872863e-05
1779 2.426857e-12 3.868441e-05
1780 2.430229e-12 3.864095e-05
1781 2.433600e-12 3.859824e-05
1782 2.436971e-12 3.855627e-05
1783 2.440342e-12 3.851503e-05
1784 2.443714e-12 3.847452e-05
1785 2.443148e-12 3.843473e-05
1786 2.438645e-12 3.839565e-05
1787 2.434142e-12 3.835727e-05
1788 2.429639e-12 3.831959e-05
1789 2.425136e-12 3.828259e-05
1790 2.420633e-12 3.824627e-05
1791 2.416131e-12 3.821063e-05
1792 2.411628e-12 3.817564e-05
1793 2.407125e-12 3.814131e-05
1794 2.402622e-12 3.810763e-05
1795 2.394021e-12 3.807459e-05
1796 2.381321e-12 3.804218e-05
1797 2.368622e-12 3.801039e-05
1798 2.355922e-12 3.797921e-05
1799 2.343223e-12 3.794865e-05
1800 2.330523e-12 3.791868e-05
1801 2.317824e-12 3.788930e-05
1802 2.305124e-12 3.786051e-05
1803 2.292425e-12 3.783229e-05
1804 2.279725e-12 3.780463e-05
1805 2.263169e-12 3.777754e-05
1806 2.242756e-12 3.775099e-05
1807 2.222343e-12 3.772499e-05
1808 2.201930e-12 3.769952e-05
1809 2.181517e-12 3.767457e-05
1810 2.161104e-12 3.765015e-05
1811 2.140691e-12 3.762623e-05
1812 2.120278e-12 3.760281e-05
1813 2.099865e-12 3.757989e-05
1814 2.079452e-12 3.755745e-05
1815 2.055304e-12 3.753549e-05
1816 2.027421e-12 3.751400e-05
1817 1.999538e-12 3.749296e-05
1818 1.971656e-12 3.747238e-05
1819 1.943773e-12 3.745225e-05
1820 1.915890e-12 3.743254e-05
1821 1.888007e-12 3.741327e-05
1822 1.860124e-12 3.739441e-05
1823 1.832242e-12 3.737597e-05
1824 1.804359e-12 3.735792e-05
1825 1.771036e-12 3.734027e-05
1826 1.732272e-12 3.732301e-05
1827 1.693508e-12 3.730612e-05
1828 1.654744e-12 3.728960e-05
1829 1.615980e-12 3.727345e-05
1830 1.577217e-12 3.725765e-05
1831 1.538453e-12 3.724219e-05
1832 1.499689e-12 3.722706e-05
1833 1.460925e-12 3.721227e-05
1834 1.422161e-12 3.719779e-05
1835 1.373328e-12 3.718363e-05
1836 1.314425e-12 3.716977e-05
1837 1.255523e-12 3.715620e-05
1838 1.196620e-12 3.714292e-05
1839 1.137717e-12 3.712992e-05
1840 1.078814e-12 3.711719e-05
1841 1.019912e-12 3.710472e-05
1842 9.610089e-13 3.709250e-05
1843 9.021061e-13 3.708053e-05
1844 8.432034e-13 3.706880e-05
1845 7.787914e-13 3.705729e-05
1846 7.088703e-13 3.704601e-05
1847 6.389493e-13 3.703494e-05
1848 5.690282e-13 3.702407e-05
1849 4.991071e-13 3.701340e-05
1850 4.291860e-13 3.700291e-05
1851 3.592649e-13 3.699261e-05
1852 2.893438e-13 3.698247e-05
1853 2.194227e-13 3.697250e-05
1854 1.495016e-13 3.696268e-05
1855 7.709531e-14 3.695301e-05
1856 2.203783e-15 3.694348e-05
1857 -7.268774e-14 3.693408e-05
1858 -1.475793e-13 3.692481e-05
1859 -2.224708e-13 3.691564e-05
1860 -2.973623e-13 3.690658e-05
1861 -3.722538e-13 3.689763e-05
1862 -4.471454e-13 3.688876e-05
1863 -5.220369e-13 3.687997e-05
1864 -5.969284e-13 3.687125e-05
1865 -6.715794e-13 3.686261e-05
1866 -7.459899e-13 3.685402e-05
1867 -8.204003e-13 3.684547e-05
1868 -8.948108e-13 3.683698e-05
1869 -9.692212e-13 3.682851e-05
1870 -1.043632e-12 3.682007e-05
1871 -1.118042e-12 3.681165e-05
1872 -1.192453e-12 3.680324e-05
1873 -1.266863e-12 3.679483e-05
1874 -1.341273e-12 3.678641e-05
1875 -1.405967e-12 3.677798e-05
1876 -1.460944e-12 3.676953e-05
1877 -1.515920e-12 3.676105e-05
1878 -1.570897e-12 3.675253e-05
1879 -1.625873e-12 3.674397e-05
1880 -1.680850e-12 3.673535e-05
1881 -1.735827e-12 3.672667e-05
1882 -1.790803e-12 3.671793e-05
1883 -1.845780e-12 3.670911e-05
1884 -1.900756e-12 3.670020e-05
1885 -1.945788e-12 3.669120e-05
1886 -1.980874e-12 3.668211e-05
1887 -2.015961e-12 3.667290e-05
1888 -2.051047e-12 3.666358e-05
1889 -2.086134e-12 3.665414e-05
1890 -2.121220e-12 3.664457e-05
1891 -2.156307e-12 3.663487e-05
1892 -2.191393e-12 3.662501e-05
1893 -2.226480e-12 3.661501e-05
1894 -2.261566e-12 3.660485e-05
1895 -2.290603e-12 3.659452e-05
1896 -2.313591e-12 3.658401e-05
1897 -2.336578e-12 3.657332e-05
1898 -2.359565e-12 3.656245e-05
1899 -2.382553e-12 3.655137e-05
1900 -2.405540e-12 3.654010e-05
1901 -2.428527e-12 3.652861e-05
1902 -2.451515e-12 3.651690e-05
1903 -2.474502e-12 3.650497e-05
1904 -2.497489e-12 3.649280e-05
1905 -2.515994e-12 3.648040e-05
1906 -2.530016e-12 3.646775e-05
1907 -2.544037e-12 3.645484e-05
1908 -2.558059e-12 3.644167e-05
1909 -2.572080e-12 3.642824e-05
1910 -2.586102e-12 3.641452e-05
1911 -2.600124e-12 3.640053e-05
1912 -2.614145e-12 3.638625e-05
1913 -2.628167e-12 3.637167e-05
1914 -2.642188e-12 3.635679e-05
1915 -2.652227e-12 3.634160e-05
1916 -2.658283e-12 3.632609e-05
1917 -2.664339e-12 3.631026e-05
1918 -2.670395e-12 3.629409e-05
1919 -2.676451e-12 3.627760e-05
1920 -2.682507e-12 3.626075e-05
1921 -2.688563e-12 3.624356e-05
1922 -2.694619e-12 3.622601e-05
1923 -2.700675e-12 3.620810e-05
1924 -2.706731e-12 3.618982e-05
1925 -2.709262e-12 3.617116e-05
1926 -2.708269e-12 3.615212e-05
1927 -2.707275e-12 3.613270e-05
1928 -2.706282e-12 3.611287e-05
1929 -2.705289e-12 3.609265e-05
1930 -2.704295e-12 3.607201e-05
1931 -2.703302e-12 3.605097e-05
1932 -2.702308e-12 3.602950e-05
1933 -2.701315e-12 3.600761e-05
1934 -2.700322e-12 3.598528e-05
1935 -2.696476e-12 3.596252e-05
1936 -2.689779e-12 3.593931e-05
1937 -2.683082e-12 3.591565e-05
1938 -2.676385e-12 3.589153e-05
1939 -2.669688e-12 3.586695e-05
1940 -2.662990e-12 3.584191e-05
1941 -2.656293e-12 3.581639e-05
1942 -2.649596e-12 3.579039e-05
1943 -2.642899e-12 3.576390e-05
1944 -2.636201e-12 3.573693e-05
1945 -2.626772e-12 3.570946e-05
1946 -2.614611e-12 3.568148e-05
1947 -2.602449e-12 3.565300e-05
1948 -2.590288e-12 3.562400e-05
1949 -2.578127e-12 3.559449e-05
1950 -2.565965e-12 3.556445e-05
1951 -2.553804e-12 3.553389e-05
1952 -2.541642e-12 3.550279e-05
1953 -2.529481e-12 3.547115e-05
1954 -2.517320e-12 3.543896e-05
1955 -2.503188e-12 3.540623e-05
1956 -2.487087e-12 3.537294e-05
1957 -2.470986e-12 3.533909e-05
1958 -2.454885e-12 3.530467e-05
1959 -2.438784e-12 3.526969e-05
1960 -2.422683e-12 3.523413e-05
1961 -2.406582e-12 3.519799e-05
1962 -2.390481e-12 3.516127e-05
1963 -2.374380e-12 3.512396e-05
1964 -2.358279e-12 3.508605e-05
1965 -2.340427e-12 3.504755e-05
1966 -2.320823e-12 3.500845e-05
1967 -2.301219e-12 3.496874e-05
1968 -2.281615e-12 3.492841e-05
1969 -2.262011e-12 3.488747e-05
1970 -2.242407e-12 3.484591e-05
1971 -2.222804e-12 3.480373e-05
1972 -2.203200e-12 3.476092e-05
1973 -2.183596e-12 3.471747e-05
1974 -2.163992e-12 3.467339e-05
1975 -2.143366e-12 3.462867e-05
1976 -2.121719e-12 3.458331e-05
1977 -2.100072e-12 3.453729e-05
1978 -2.078424e-12 3.449062e-05
1979 -2.056777e-12 3.444330e-05
1980 -2.035130e-12 3.439532e-05
1981 -2.013482e-12 3.434667e-05
1982 -1.991835e-12 3.429736e-05
1983 -1.970188e-12 3.424738e-05
1984 -1.948540e-12 3.419672e-05
1985 -1.934632e-12 3.414539e-05
1986 -1.928463e-12 3.409337e-05
1987 -1.922295e-12 3.404068e-05
1988 -1.916126e-12 3.398729e-05
1989 -1.909957e-12 3.393322e-05
1990 -1.903788e-12 3.387845e-05
1991 -1.897619e-12 3.382298e-05
1992 -1.891450e-12 3.376682e-05
1993 -1.885281e-12 3.370995e-05
1994 -1.879113e-12 3.365238e-05
1995 -1.872944e-12 3.359411e-05
1996 -1.872944e-12 3.353512e-05
1997 -1.872944e-12 3.347542e-05
1998 -1.872944e-12 3.341501e-05
1999 -1.872944e-12 3.335387e-05
2000 -1.872944e-12 3.329202e-05
2001 -1.872944e-12 3.322945e-05
