0 0.000000e+00 7.161319e-07
1 0.000000e+00 7.161319e-07
2 0.000000e+00 7.161319e-07
3 0.000000e+00 1.319951e-06
4 0.000000e+00 1.954576e-06
5 0.000000e+00 2.614956e-06
6 0.000000e+00 3.296545e-06
7 0.000000e+00 3.995271e-06
8 0.000000e+00 4.707515e-06
9 0.000000e+00 5.430089e-06
10 0.000000e+00 6.160209e-06
11 0.000000e+00 6.895474e-06
12 0.000000e+00 7.633840e-06
13 0.000000e+00 8.373599e-06
14 0.000000e+00 9.113354e-06
15 0.000000e+00 9.851992e-06
16 0.000000e+00 1.058867e-05
17 0.000000e+00 1.132277e-05
18 0.000000e+00 1.205391e-05
19 0.000000e+00 1.278189e-05
20 0.000000e+00 1.350667e-05
21 0.000000e+00 1.422838e-05
22 0.000000e+00 1.494723e-05
23 0.000000e+00 1.566358e-05
24 0.000000e+00 1.637781e-05
25 0.000000e+00 1.709039e-05
26 0.000000e+00 1.780181e-05
27 0.000000e+00 1.851253e-05
28 0.000000e+00 1.922303e-05
29 0.000000e+00 1.993373e-05
30 0.000000e+00 2.064497e-05
31 0.000000e+00 2.135701e-05
32 0.000000e+00 2.206999e-05
33 0.000000e+00 2.278392e-05
34 0.000000e+00 2.349864e-05
35 0.000000e+00 2.421388e-05
36 0.000000e+00 2.492926e-05
37 0.000000e+00 2.564433e-05
38 0.000000e+00 2.635861e-05
39 0.000000e+00 2.707163e-05
40 0.000000e+00 2.778292e-05
41 0.000000e+00 2.849211e-05
42 0.000000e+00 2.919889e-05
43 0.000000e+00 2.990310e-05
44 0.000000e+00 3.060471e-05
45 0.000000e+00 3.130384e-05
46 0.000000e+00 3.200070e-05
47 0.000000e+00 3.269556e-05
48 0.000000e+00 3.338877e-05
49 0.000000e+00 3.408068e-05
50 0.000000e+00 3.477165e-05
51 0.000000e+00 3.546197e-05
52 0.000000e+00 3.615190e-05
53 0.000000e+00 3.684160e-05
54 0.000000e+00 3.753112e-05
55 0.000000e+00 3.822040e-05
56 0.000000e+00 3.890934e-05
57 0.000000e+00 3.959776e-05
58 0.000000e+00 4.028545e-05
59 0.000000e+00 4.097220e-05
60 0.000000e+00 4.165781e-05
61 0.000000e+00 4.234214e-05
62 0.000000e+00 4.302507e-05
63 0.000000e+00 4.370658e-05
64 0.000000e+00 4.438675e-05
65 0.000000e+00 4.506573e-05
66 0.000000e+00 4.574372e-05
67 0.000000e+00 4.642097e-05
68 0.000000e+00 4.709772e-05
69 0.000000e+00 4.777422e-05
70 0.000000e+00 4.845066e-05
71 0.000000e+00 4.912717e-05
72 0.000000e+00 4.980381e-05
73 0.000000e+00 5.048052e-05
74 0.000000e+00 5.115713e-05
75 0.000000e+00 5.183336e-05
76 0.000000e+00 5.250885e-05
77 0.000000e+00 5.318321e-05
78 0.000000e+00 5.385603e-05
79 0.000000e+00 5.452691e-05
80 0.000000e+00 5.519547e-05
81 0.000000e+00 5.586144e-05
82 0.000000e+00 5.652463e-05
83 0.000000e+00 5.718496e-05
84 0.000000e+00 5.784252e-05
85 0.000000e+00 5.849751e-05
86 0.000000e+00 5.915025e-05
87 0.000000e+00 5.980110e-05
88 0.000000e+00 6.045049e-05
89 0.000000e+00 6.109887e-05
90 0.000000e+00 6.174666e-05
91 0.000000e+00 6.239424e-05
92 0.000000e+00 6.304194e-05
93 0.000000e+00 6.368997e-05
94 0.000000e+00 6.433845e-05
95 0.000000e+00 6.498737e-05
96 0.000000e+00 6.563664e-05
97 0.000000e+00 6.628609e-05
98 0.000000e+00 6.693551e-05
99 0.000000e+00 6.758462e-05
100 0.000000e+00 6.823312e-05
101 0.000000e+00 6.888072e-05
102 0.000000e+00 6.952711e-05
103 0.000000e+00 7.017203e-05
104 0.000000e+00 7.081523e-05
105 0.000000e+00 7.145651e-05
106 0.000000e+00 7.209571e-05
107 0.000000e+00 7.273271e-05
108 0.000000e+00 7.336739e-05
109 0.000000e+00 7.399969e-05
110 0.000000e+00 7.462957e-05
111 0.000000e+00 7.525702e-05
112 0.000000e+00 7.588205e-05
113 0.000000e+00 7.650468e-05
114 0.000000e+00 7.712498e-05
115 0.000000e+00 7.774300e-05
116 0.000000e+00 7.835885e-05
117 0.000000e+00 7.897261e-05
118 0.000000e+00 7.958442e-05
119 0.000000e+00 8.019438e-05
120 0.000000e+00 8.080263e-05
121 0.000000e+00 8.140932e-05
122 0.000000e+00 8.201459e-05
123 0.000000e+00 8.261859e-05
124 0.000000e+00 8.322147e-05
125 0.000000e+00 8.382337e-05
126 0.000000e+00 8.442445e-05
127 0.000000e+00 8.502483e-05
128 0.000000e+00 8.562466e-05
129 0.000000e+00 8.622406e-05
130 0.000000e+00 8.682314e-05
131 0.000000e+00 8.742201e-05
132 0.000000e+00 8.802075e-05
133 0.000000e+00 8.861944e-05
134 0.000000e+00 8.921812e-05
135 0.000000e+00 8.981682e-05
136 0.000000e+00 9.041558e-05
137 0.000000e+00 9.101439e-05
138 0.000000e+00 9.161324e-05
139 0.000000e+00 9.221210e-05
140 0.000000e+00 9.281095e-05
141 0.000000e+00 9.340972e-05
142 0.000000e+00 9.400836e-05
143 0.000000e+00 9.460681e-05
144 0.000000e+00 9.520498e-05
145 0.000000e+00 9.580279e-05
146 0.000000e+00 9.640015e-05
147 0.000000e+00 9.699696e-05
148 0.000000e+00 9.759313e-05
149 0.000000e+00 9.818854e-05
150 0.000000e+00 9.878310e-05
151 0.000000e+00 9.937669e-05
152 0.000000e+00 9.996920e-05
153 0.000000e+00 1.005605e-04
154 0.000000e+00 1.011506e-04
155 0.000000e+00 1.017392e-04
156 0.000000e+00 1.023264e-04
157 0.000000e+00 1.029120e-04
158 0.000000e+00 1.034959e-04
159 0.000000e+00 1.040780e-04
160 0.000000e+00 1.046583e-04
161 0.000000e+00 1.052367e-04
162 0.000000e+00 1.058131e-04
163 0.000000e+00 1.063876e-04
164 0.000000e+00 1.069599e-04
165 0.000000e+00 1.075303e-04
166 0.000000e+00 1.080985e-04
167 0.000000e+00 1.086647e-04
168 0.000000e+00 1.092287e-04
169 0.000000e+00 1.097907e-04
170 0.000000e+00 1.103507e-04
171 0.000000e+00 1.109086e-04
172 0.000000e+00 1.114646e-04
173 0.000000e+00 1.120186e-04
174 0.000000e+00 1.125708e-04
175 0.000000e+00 1.131211e-04
176 0.000000e+00 1.136696e-04
177 0.000000e+00 1.142163e-04
178 0.000000e+00 1.147615e-04
179 0.000000e+00 1.153050e-04
180 0.000000e+00 1.158470e-04
181 0.000000e+00 1.163875e-04
182 0.000000e+00 1.169266e-04
183 0.000000e+00 1.174644e-04
184 0.000000e+00 1.180010e-04
185 0.000000e+00 1.185363e-04
186 0.000000e+00 1.190705e-04
187 0.000000e+00 1.196037e-04
188 0.000000e+00 1.201358e-04
189 0.000000e+00 1.206670e-04
190 0.000000e+00 1.211973e-04
191 0.000000e+00 1.217267e-04
192 0.000000e+00 1.222553e-04
193 0.000000e+00 1.227831e-04
194 0.000000e+00 1.233101e-04
195 0.000000e+00 1.238364e-04
196 0.000000e+00 1.243620e-04
197 0.000000e+00 1.248868e-04
198 0.000000e+00 1.254110e-04
199 0.000000e+00 1.259344e-04
200 0.000000e+00 1.264570e-04
201 0.000000e+00 1.269789e-04
202 0.000000e+00 1.275001e-04
203 0.000000e+00 1.280204e-04
204 0.000000e+00 1.285400e-04
205 0.000000e+00 1.290587e-04
206 0.000000e+00 1.295765e-04
207 0.000000e+00 1.300935e-04
208 0.000000e+00 1.306094e-04
209 0.000000e+00 1.311244e-04
210 0.000000e+00 1.316384e-04
211 0.000000e+00 1.321513e-04
212 0.000000e+00 1.326630e-04
213 0.000000e+00 1.331736e-04
214 0.000000e+00 1.336830e-04
215 0.000000e+00 1.341911e-04
216 0.000000e+00 1.346979e-04
217 0.000000e+00 1.352034e-04
218 0.000000e+00 1.357074e-04
219 0.000000e+00 1.362100e-04
220 0.000000e+00 1.367112e-04
221 0.000000e+00 1.372107e-04
222 0.000000e+00 1.377087e-04
223 0.000000e+00 1.382051e-04
224 0.000000e+00 1.386999e-04
225 0.000000e+00 1.391929e-04
226 0.000000e+00 1.396843e-04
227 0.000000e+00 1.401739e-04
228 0.000000e+00 1.406617e-04
229 0.000000e+00 1.411477e-04
230 0.000000e+00 1.416319e-04
231 0.000000e+00 1.421142e-04
232 0.000000e+00 1.425947e-04
233 0.000000e+00 1.430733e-04
234 0.000000e+00 1.435500e-04
235 0.000000e+00 1.440248e-04
236 0.000000e+00 1.444977e-04
237 0.000000e+00 1.449686e-04
238 0.000000e+00 1.454376e-04
239 0.000000e+00 1.459046e-04
240 0.000000e+00 1.463697e-04
241 0.000000e+00 1.468328e-04
242 0.000000e+00 1.472939e-04
243 0.000000e+00 1.477530e-04
244 0.000000e+00 1.482102e-04
245 0.000000e+00 1.486655e-04
246 0.000000e+00 1.491187e-04
247 0.000000e+00 1.495700e-04
248 0.000000e+00 1.500193e-04
249 0.000000e+00 1.504666e-04
250 0.000000e+00 1.509120e-04
251 0.000000e+00 1.513555e-04
252 0.000000e+00 1.517970e-04
253 0.000000e+00 1.522365e-04
254 0.000000e+00 1.526742e-04
255 0.000000e+00 1.531099e-04
256 0.000000e+00 1.535436e-04
257 0.000000e+00 1.539755e-04
258 0.000000e+00 1.544055e-04
259 0.000000e+00 1.548336e-04
260 0.000000e+00 1.552598e-04
261 0.000000e+00 1.556841e-04
262 0.000000e+00 1.561066e-04
263 0.000000e+00 1.565272e-04
264 0.000000e+00 1.569460e-04
265 0.000000e+00 1.573629e-04
266 0.000000e+00 1.577780e-04
267 0.000000e+00 1.581912e-04
268 0.000000e+00 1.586027e-04
269 0.000000e+00 1.590123e-04
270 0.000000e+00 1.594201e-04
271 0.000000e+00 1.598260e-04
272 0.000000e+00 1.602302e-04
273 0.000000e+00 1.606325e-04
274 0.000000e+00 1.610331e-04
275 0.000000e+00 1.614317e-04
276 0.000000e+00 1.618286e-04
277 0.000000e+00 1.622236e-04
278 0.000000e+00 1.626168e-04
279 0.000000e+00 1.630081e-04
280 0.000000e+00 1.633976e-04
281 0.000000e+00 1.637852e-04
282 0.000000e+00 1.641708e-04
283 0.000000e+00 1.645546e-04
284 0.000000e+00 1.649363e-04
285 0.000000e+00 1.653162e-04
286 0.000000e+00 1.656940e-04
287 0.000000e+00 1.660698e-04
288 0.000000e+00 1.664435e-04
289 0.000000e+00 1.668152e-04
290 0.000000e+00 1.671847e-04
291 0.000000e+00 1.675521e-04
292 0.000000e+00 1.679173e-04
293 0.000000e+00 1.682803e-04
294 0.000000e+00 1.686410e-04
295 0.000000e+00 1.689995e-04
296 0.000000e+00 1.693556e-04
297 0.000000e+00 1.697094e-04
298 0.000000e+00 1.700609e-04
299 0.000000e+00 1.704100e-04
300 1.890621e-15 1.707566e-04
301 1.890621e-15 1.711008e-04
302 1.890621e-15 1.714426e-04
303 1.890621e-15 1.717819e-04
304 1.890621e-15 1.721187e-04
305 1.893332e-15 1.724531e-04
306 1.898752e-15 1.727849e-04
307 1.904173e-15 1.731143e-04
308 1.909593e-15 1.734411e-04
309 1.915014e-15 1.737655e-04
310 1.920434e-15 1.740873e-04
311 1.925855e-15 1.744068e-04
312 1.931275e-15 1.747238e-04
313 1.936696e-15 1.750384e-04
314 1.942117e-15 1.753506e-04
315 1.947010e-15 1.756605e-04
316 1.951376e-15 1.759681e-04
317 1.955742e-15 1.762735e-04
318 1.960108e-15 1.765767e-04
319 1.964474e-15 1.768777e-04
320 1.968840e-15 1.771767e-04
321 1.973207e-15 1.774737e-04
322 1.977573e-15 1.777688e-04
323 1.981939e-15 1.780621e-04
324 1.986305e-15 1.783535e-04
325 1.989939e-15 1.786432e-04
326 1.992840e-15 1.789313e-04
327 1.995742e-15 1.792179e-04
328 1.998643e-15 1.795029e-04
329 2.001545e-15 1.797866e-04
330 2.004446e-15 1.800688e-04
331 2.007348e-15 1.803499e-04
332 2.010249e-15 1.806297e-04
333 2.013151e-15 1.809084e-04
334 2.016052e-15 1.811861e-04
335 2.017780e-15 1.814628e-04
336 2.018335e-15 1.817385e-04
337 2.018889e-15 1.820134e-04
338 2.019444e-15 1.822875e-04
339 2.019998e-15 1.825608e-04
340 2.020553e-15 1.828334e-04
341 2.021107e-15 1.831053e-04
342 2.021662e-15 1.833766e-04
343 2.022216e-15 1.836473e-04
344 2.022771e-15 1.839174e-04
345 2.021992e-15 1.841870e-04
346 2.019879e-15 1.844560e-04
347 2.017766e-15 1.847244e-04
348 2.015653e-15 1.849923e-04
349 2.013541e-15 1.852596e-04
350 2.011428e-15 1.855264e-04
351 2.009315e-15 1.857927e-04
352 2.007202e-15 1.860583e-04
353 2.005089e-15 1.863234e-04
354 2.002977e-15 1.865878e-04
355 1.999667e-15 1.868516e-04
356 1.995160e-15 1.871148e-04
357 1.990653e-15 1.873772e-04
358 1.986146e-15 1.876390e-04
359 1.981639e-15 1.879000e-04
360 1.977132e-15 1.881603e-04
361 1.972626e-15 1.884198e-04
362 1.968119e-15 1.886785e-04
363 1.963612e-15 1.889363e-04
364 1.959105e-15 1.891933e-04
365 1.953809e-15 1.894494e-04
366 1.947725e-15 1.897046e-04
367 1.941641e-15 1.899589e-04
368 1.935556e-15 1.902122e-04
369 1.929472e-15 1.904646e-04
370 1.923388e-15 1.907160e-04
371 1.917303e-15 1.909664e-04
372 1.911219e-15 1.912159e-04
373 1.905135e-15 1.914645e-04
374 1.899050e-15 1.917120e-04
375 1.893352e-15 1.919587e-04
376 1.888039e-15 1.922044e-04
377 1.882726e-15 1.924492e-04
378 1.877414e-15 1.926931e-04
379 1.872101e-15 1.929362e-04
380 1.866788e-15 1.931785e-04
381 1.861476e-15 1.934200e-04
382 1.856163e-15 1.936607e-04
383 1.850850e-15 1.939008e-04
384 1.845537e-15 1.941402e-04
385 1.841667e-15 1.943790e-04
386 1.839238e-15 1.946173e-04
387 1.836808e-15 1.948550e-04
388 1.834379e-15 1.950923e-04
389 1.831950e-15 1.953292e-04
390 1.829521e-15 1.955658e-04
391 1.827092e-15 1.958021e-04
392 1.824663e-15 1.960381e-04
393 1.822234e-15 1.962740e-04
394 1.819805e-15 1.965098e-04
395 1.820208e-15 1.967455e-04
396 1.823444e-15 1.969812e-04
397 1.826680e-15 1.972169e-04
398 1.829916e-15 1.974528e-04
399 1.833151e-15 1.976888e-04
400 1.836387e-15 1.979250e-04
401 1.839623e-15 1.981615e-04
402 1.842859e-15 1.983983e-04
403 1.846094e-15 1.986355e-04
404 1.849330e-15 1.988731e-04
405 1.856390e-15 1.991112e-04
406 1.867275e-15 1.993497e-04
407 1.878159e-15 1.995888e-04
408 1.889043e-15 1.998284e-04
409 1.899928e-15 2.000686e-04
410 1.910812e-15 2.003095e-04
411 1.921696e-15 2.005511e-04
412 1.932581e-15 2.007933e-04
413 1.943465e-15 2.010363e-04
414 1.954350e-15 2.012800e-04
415 1.968830e-15 2.015245e-04
416 1.986907e-15 2.017698e-04
417 2.004984e-15 2.020159e-04
418 2.023061e-15 2.022629e-04
419 2.041137e-15 2.025107e-04
420 2.059214e-15 2.027594e-04
421 2.077291e-15 2.030090e-04
422 2.095368e-15 2.032595e-04
423 2.113445e-15 2.035109e-04
424 2.131522e-15 2.037633e-04
425 2.152678e-15 2.040166e-04
426 2.176913e-15 2.042709e-04
427 2.201149e-15 2.045261e-04
428 2.225384e-15 2.047823e-04
429 2.249620e-15 2.050394e-04
430 2.273855e-15 2.052976e-04
431 2.298091e-15 2.055567e-04
432 2.322326e-15 2.058169e-04
433 2.346562e-15 2.060781e-04
434 2.370797e-15 2.063402e-04
435 2.396655e-15 2.066034e-04
436 2.424134e-15 2.068676e-04
437 2.451614e-15 2.071328e-04
438 2.479094e-15 2.073991e-04
439 2.506574e-15 2.076663e-04
440 2.534053e-15 2.079346e-04
441 2.561533e-15 2.082039e-04
442 2.589013e-15 2.084743e-04
443 2.616493e-15 2.087457e-04
444 2.643972e-15 2.090181e-04
445 2.671805e-15 2.092916e-04
446 2.699992e-15 2.095661e-04
447 2.728178e-15 2.098416e-04
448 2.756364e-15 2.101182e-04
449 2.784551e-15 2.103958e-04
450 2.812737e-15 2.106745e-04
451 2.840923e-15 2.109542e-04
452 2.869110e-15 2.112350e-04
453 2.897296e-15 2.115168e-04
454 2.925482e-15 2.117997e-04
455 2.952912e-15 2.120837e-04
456 2.979586e-15 2.123687e-04
457 3.006259e-15 2.126548e-04
458 3.032933e-15 2.129420e-04
459 3.059606e-15 2.132302e-04
460 3.086280e-15 2.135195e-04
461 3.112953e-15 2.138100e-04
462 3.139627e-15 2.141015e-04
463 3.166300e-15 2.143942e-04
464 3.192974e-15 2.146880e-04
465 3.217973e-15 2.149829e-04
466 3.241299e-15 2.152790e-04
467 3.264624e-15 2.155762e-04
468 3.287950e-15 2.158746e-04
469 3.311276e-15 2.161742e-04
470 3.334601e-15 2.164750e-04
471 3.357927e-15 2.167770e-04
472 3.381252e-15 2.170802e-04
473 3.404578e-15 2.173846e-04
474 3.427903e-15 2.176903e-04
475 3.449240e-15 2.179973e-04
476 3.468588e-15 2.183055e-04
477 3.487937e-15 2.186150e-04
478 3.507285e-15 2.189258e-04
479 3.526633e-15 2.192380e-04
480 3.545981e-15 2.195514e-04
481 3.565330e-15 2.198662e-04
482 3.584678e-15 2.201823e-04
483 3.604026e-15 2.204997e-04
484 3.623374e-15 2.208185e-04
485 3.640259e-15 2.211386e-04
486 3.654679e-15 2.214601e-04
487 3.669100e-15 2.217830e-04
488 3.683521e-15 2.221072e-04
489 3.697941e-15 2.224328e-04
490 3.712362e-15 2.227597e-04
491 3.726783e-15 2.230880e-04
492 3.741203e-15 2.234177e-04
493 3.755624e-15 2.237486e-04
494 3.770045e-15 2.240809e-04
495 3.782070e-15 2.244145e-04
496 3.791699e-15 2.247494e-04
497 3.801328e-15 2.250856e-04
498 3.810957e-15 2.254230e-04
499 3.820586e-15 2.257617e-04
500 3.830215e-15 2.261016e-04
501 3.839845e-15 2.264427e-04
502 3.849474e-15 2.267850e-04
503 3.859103e-15 2.271285e-04
504 3.868732e-15 2.274730e-04
505 3.875888e-15 2.278187e-04
506 3.880572e-15 2.281654e-04
507 3.885256e-15 2.285131e-04
508 3.889940e-15 2.288619e-04
509 3.894624e-15 2.292116e-04
510 3.899307e-15 2.295623e-04
511 3.903991e-15 2.299139e-04
512 3.908675e-15 2.302664e-04
513 3.913359e-15 2.306197e-04
514 3.918042e-15 2.309738e-04
515 3.920069e-15 2.313287e-04
516 3.919439e-15 2.316843e-04
517 3.918809e-15 2.320407e-04
518 3.918178e-15 2.323977e-04
519 3.917548e-15 2.327554e-04
520 3.916918e-15 2.331136e-04
521 3.916287e-15 2.334725e-04
522 3.915657e-15 2.338319e-04
523 3.915027e-15 2.341918e-04
524 3.914396e-15 2.345522e-04
525 3.910070e-15 2.349130e-04
526 3.902046e-15 2.352743e-04
527 3.894023e-15 2.356359e-04
528 3.886000e-15 2.359979e-04
529 3.877977e-15 2.363603e-04
530 3.869954e-15 2.367229e-04
531 3.861931e-15 2.370859e-04
532 3.853908e-15 2.374490e-04
533 3.845884e-15 2.378124e-04
534 3.837861e-15 2.381760e-04
535 3.826981e-15 2.385398e-04
536 3.813243e-15 2.389037e-04
537 3.799506e-15 2.392677e-04
538 3.785768e-15 2.396318e-04
539 3.772030e-15 2.399960e-04
540 3.758293e-15 2.403602e-04
541 3.744555e-15 2.407245e-04
542 3.730817e-15 2.410887e-04
543 3.717080e-15 2.414529e-04
544 3.703342e-15 2.418170e-04
545 3.688476e-15 2.421810e-04
546 3.672481e-15 2.425450e-04
547 3.656487e-15 2.429087e-04
548 3.640492e-15 2.432723e-04
549 3.624497e-15 2.436357e-04
550 3.608503e-15 2.439989e-04
551 3.592508e-15 2.443618e-04
552 3.576514e-15 2.447244e-04
553 3.560519e-15 2.450867e-04
554 3.544524e-15 2.454487e-04
555 3.527634e-15 2.458103e-04
556 3.509850e-15 2.461715e-04
557 3.492065e-15 2.465323e-04
558 3.474280e-15 2.468926e-04
559 3.456495e-15 2.472524e-04
560 3.438710e-15 2.476117e-04
561 3.420925e-15 2.479704e-04
562 3.403140e-15 2.483285e-04
563 3.385355e-15 2.486860e-04
564 3.367570e-15 2.490428e-04
565 3.348849e-15 2.493990e-04
566 3.329193e-15 2.497544e-04
567 3.309537e-15 2.501090e-04
568 3.289881e-15 2.504628e-04
569 3.270225e-15 2.508158e-04
570 3.250568e-15 2.511680e-04
571 3.230912e-15 2.515192e-04
572 3.211256e-15 2.518694e-04
573 3.191600e-15 2.522187e-04
574 3.171944e-15 2.525670e-04
575 3.151850e-15 2.529142e-04
576 3.131320e-15 2.532603e-04
577 3.110789e-15 2.536053e-04
578 3.090258e-15 2.539491e-04
579 3.069728e-15 2.542917e-04
580 3.049197e-15 2.546330e-04
581 3.028667e-15 2.549731e-04
582 3.008136e-15 2.553118e-04
583 2.987605e-15 2.556492e-04
584 2.967075e-15 2.559852e-04
585 2.946822e-15 2.563198e-04
586 2.926848e-15 2.566529e-04
587 2.906874e-15 2.569844e-04
588 2.886900e-15 2.573144e-04
589 2.866926e-15 2.576428e-04
590 2.846952e-15 2.579696e-04
591 2.826978e-15 2.582947e-04
592 2.807004e-15 2.586181e-04
593 2.787029e-15 2.589398e-04
594 2.767055e-15 2.592597e-04
595 2.748373e-15 2.595777e-04
596 2.730982e-15 2.598939e-04
597 2.713592e-15 2.602082e-04
598 2.696201e-15 2.605205e-04
599 2.678811e-15 2.608309e-04
600 2.661420e-15 2.611392e-04
601 2.644030e-15 2.614455e-04
602 2.626639e-15 2.617497e-04
603 2.609249e-15 2.620518e-04
604 2.591858e-15 2.623516e-04
605 2.577907e-15 2.626493e-04
606 2.567395e-15 2.629448e-04
607 2.556883e-15 2.632379e-04
608 2.546371e-15 2.635288e-04
609 2.535859e-15 2.638173e-04
610 2.525347e-15 2.641034e-04
611 2.514835e-15 2.643870e-04
612 2.504323e-15 2.646683e-04
613 2.493811e-15 2.649470e-04
614 2.483299e-15 2.652232e-04
615 2.478787e-15 2.654968e-04
616 2.480275e-15 2.657678e-04
617 2.481764e-15 2.660362e-04
618 2.483252e-15 2.663019e-04
619 2.484740e-15 2.665649e-04
620 2.486229e-15 2.668252e-04
621 2.487717e-15 2.670827e-04
622 2.489205e-15 2.673374e-04
623 2.490694e-15 2.675892e-04
624 2.492182e-15 2.678383e-04
625 2.500918e-15 2.680844e-04
626 2.516903e-15 2.683276e-04
627 2.532888e-15 2.685678e-04
628 2.548873e-15 2.688051e-04
629 2.564858e-15 2.690393e-04
630 2.580843e-15 2.692705e-04
631 2.596828e-15 2.694987e-04
632 2.612813e-15 2.697237e-04
633 2.628798e-15 2.699457e-04
634 2.644783e-15 2.701645e-04
635 2.671395e-15 2.703801e-04
636 2.708635e-15 2.705925e-04
637 2.745874e-15 2.708017e-04
638 2.783114e-15 2.710076e-04
639 2.820354e-15 2.712103e-04
640 2.857593e-15 2.714097e-04
641 2.894833e-15 2.716058e-04
642 2.932072e-15 2.717986e-04
643 2.969312e-15 2.719880e-04
644 3.006551e-15 2.721741e-04
645 3.058107e-15 2.723567e-04
646 3.123978e-15 2.725360e-04
647 3.189850e-15 2.727118e-04
648 3.255721e-15 2.728842e-04
649 3.321593e-15 2.730531e-04
650 3.387464e-15 2.732186e-04
651 3.453336e-15 2.733806e-04
652 3.519207e-15 2.735391e-04
653 3.585079e-15 2.736941e-04
654 3.650950e-15 2.738455e-04
655 3.734861e-15 2.739935e-04
656 3.836811e-15 2.741379e-04
657 3.938760e-15 2.742788e-04
658 4.040710e-15 2.744161e-04
659 4.142659e-15 2.745498e-04
660 4.244609e-15 2.746800e-04
661 4.346558e-15 2.748066e-04
662 4.448508e-15 2.749296e-04
663 4.550457e-15 2.750491e-04
664 4.652407e-15 2.751650e-04
665 4.775235e-15 2.752773e-04
666 4.918942e-15 2.753860e-04
667 5.062649e-15 2.754911e-04
668 5.206356e-15 2.755926e-04
669 5.350064e-15 2.756905e-04
670 5.493771e-15 2.757849e-04
671 5.637478e-15 2.758757e-04
672 5.781185e-15 2.759629e-04
673 5.924892e-15 2.760465e-04
674 6.068599e-15 2.761265e-04
675 6.234526e-15 2.762030e-04
676 6.422673e-15 2.762759e-04
677 6.610819e-15 2.763453e-04
678 6.798966e-15 2.764111e-04
679 6.987112e-15 2.764734e-04
680 7.175259e-15 2.765322e-04
681 7.363405e-15 2.765874e-04
682 7.551552e-15 2.766391e-04
683 7.739698e-15 2.766873e-04
684 7.927845e-15 2.767320e-04
685 8.137883e-15 2.767733e-04
686 8.369812e-15 2.768111e-04
687 8.601742e-15 2.768454e-04
688 8.833671e-15 2.768763e-04
689 9.065601e-15 2.769038e-04
690 9.297531e-15 2.769278e-04
691 9.529460e-15 2.769485e-04
692 9.761390e-15 2.769657e-04
693 9.993320e-15 2.769796e-04
694 1.022525e-14 2.769902e-04
695 1.047584e-14 2.769974e-04
696 1.074510e-14 2.770013e-04
697 1.101435e-14 2.770019e-04
698 1.128361e-14 2.769992e-04
699 1.155287e-14 2.769933e-04
700 1.182212e-14 2.769841e-04
701 1.209138e-14 2.769717e-04
702 1.236063e-14 2.769561e-04
703 1.262989e-14 2.769374e-04
704 1.289915e-14 2.769154e-04
705 1.318295e-14 2.768904e-04
706 1.348131e-14 2.768622e-04
707 1.377967e-14 2.768309e-04
708 1.407803e-14 2.767966e-04
709 1.437639e-14 2.767592e-04
710 1.467475e-14 2.767188e-04
711 1.497311e-14 2.766754e-04
712 1.527146e-14 2.766290e-04
713 1.556982e-14 2.765796e-04
714 1.586818e-14 2.765274e-04
715 1.617491e-14 2.764722e-04
716 1.649002e-14 2.764142e-04
717 1.680513e-14 2.763533e-04
718 1.712024e-14 2.762897e-04
719 1.743535e-14 2.762232e-04
720 1.775046e-14 2.761539e-04
721 1.806557e-14 2.760819e-04
722 1.838068e-14 2.760072e-04
723 1.869579e-14 2.759299e-04
724 1.901089e-14 2.758498e-04
725 1.932819e-14 2.757672e-04
726 1.964767e-14 2.756819e-04
727 1.996715e-14 2.755941e-04
728 2.028663e-14 2.755037e-04
729 2.060611e-14 2.754108e-04
730 2.092559e-14 2.753155e-04
731 2.124507e-14 2.752177e-04
732 2.156455e-14 2.751174e-04
733 2.188403e-14 2.750148e-04
734 2.220351e-14 2.749098e-04
735 2.251910e-14 2.748025e-04
736 2.283079e-14 2.746929e-04
737 2.314248e-14 2.745810e-04
738 2.345417e-14 2.744669e-04
739 2.376586e-14 2.743506e-04
740 2.407756e-14 2.742321e-04
741 2.438925e-14 2.741115e-04
742 2.470094e-14 2.739887e-04
743 2.501263e-14 2.738639e-04
744 2.532432e-14 2.737370e-04
745 2.562633e-14 2.736081e-04
746 2.591864e-14 2.734772e-04
747 2.621096e-14 2.733443e-04
748 2.650328e-14 2.732096e-04
749 2.679559e-14 2.730729e-04
750 2.708791e-14 2.729344e-04
751 2.738022e-14 2.727940e-04
752 2.767254e-14 2.726519e-04
753 2.796486e-14 2.725080e-04
754 2.825717e-14 2.723624e-04
755 2.853583e-14 2.722150e-04
756 2.880082e-14 2.720660e-04
757 2.906582e-14 2.719154e-04
758 2.933082e-14 2.717632e-04
759 2.959581e-14 2.716093e-04
760 2.986081e-14 2.714540e-04
761 3.012580e-14 2.712971e-04
762 3.039080e-14 2.711388e-04
763 3.065580e-14 2.709790e-04
764 3.092079e-14 2.708179e-04
765 3.116809e-14 2.706553e-04
766 3.139768e-14 2.704914e-04
767 3.162727e-14 2.703262e-04
768 3.185686e-14 2.701597e-04
769 3.208645e-14 2.699919e-04
770 3.231605e-14 2.698229e-04
771 3.254564e-14 2.696527e-04
772 3.277523e-14 2.694814e-04
773 3.300482e-14 2.693089e-04
774 3.323442e-14 2.691353e-04
775 3.344575e-14 2.689607e-04
776 3.363883e-14 2.687850e-04
777 3.383191e-14 2.686084e-04
778 3.402499e-14 2.684307e-04
779 3.421808e-14 2.682521e-04
780 3.441116e-14 2.680726e-04
781 3.460424e-14 2.678922e-04
782 3.479732e-14 2.677109e-04
783 3.499040e-14 2.675289e-04
784 3.518348e-14 2.673460e-04
785 3.535715e-14 2.671623e-04
786 3.551141e-14 2.669780e-04
787 3.566567e-14 2.667929e-04
788 3.581992e-14 2.666071e-04
789 3.597418e-14 2.664207e-04
790 3.612844e-14 2.662336e-04
791 3.628270e-14 2.660460e-04
792 3.643695e-14 2.658578e-04
793 3.659121e-14 2.656690e-04
794 3.674547e-14 2.654798e-04
795 3.688156e-14 2.652900e-04
796 3.699949e-14 2.650998e-04
797 3.711741e-14 2.649092e-04
798 3.723534e-14 2.647182e-04
799 3.735327e-14 2.645267e-04
800 3.747119e-14 2.643350e-04
801 3.758912e-14 2.641429e-04
802 3.770705e-14 2.639505e-04
803 3.782497e-14 2.637578e-04
804 3.794290e-14 2.635649e-04
805 3.804290e-14 2.633717e-04
806 3.812497e-14 2.631784e-04
807 3.820705e-14 2.629849e-04
808 3.828912e-14 2.627912e-04
809 3.837120e-14 2.625974e-04
810 3.845327e-14 2.624035e-04
811 3.853535e-14 2.622095e-04
812 3.861742e-14 2.620154e-04
813 3.869950e-14 2.618213e-04
814 3.878157e-14 2.616272e-04
815 3.884703e-14 2.614331e-04
816 3.889588e-14 2.612390e-04
817 3.894473e-14 2.610449e-04
818 3.899358e-14 2.608510e-04
819 3.904243e-14 2.606571e-04
820 3.909128e-14 2.604633e-04
821 3.914013e-14 2.602696e-04
822 3.918898e-14 2.600761e-04
823 3.923783e-14 2.598828e-04
824 3.928668e-14 2.596896e-04
825 3.932059e-14 2.594966e-04
826 3.933957e-14 2.593039e-04
827 3.935856e-14 2.591113e-04
828 3.937754e-14 2.589191e-04
829 3.939652e-14 2.587270e-04
830 3.941550e-14 2.585353e-04
831 3.943448e-14 2.583439e-04
832 3.945346e-14 2.581528e-04
833 3.947244e-14 2.579620e-04
834 3.949143e-14 2.577715e-04
835 3.949676e-14 2.575814e-04
836 3.948845e-14 2.573917e-04
837 3.948014e-14 2.572023e-04
838 3.947183e-14 2.570133e-04
839 3.946352e-14 2.568248e-04
840 3.945521e-14 2.566366e-04
841 3.944690e-14 2.564489e-04
842 3.943859e-14 2.562616e-04
843 3.943028e-14 2.560747e-04
844 3.942197e-14 2.558883e-04
845 3.939962e-14 2.557024e-04
846 3.936325e-14 2.555169e-04
847 3.932687e-14 2.553319e-04
848 3.929049e-14 2.551474e-04
849 3.925411e-14 2.549633e-04
850 3.921773e-14 2.547798e-04
851 3.918136e-14 2.545968e-04
852 3.914498e-14 2.544143e-04
853 3.910860e-14 2.542322e-04
854 3.907222e-14 2.540507e-04
855 3.902293e-14 2.538697e-04
856 3.896072e-14 2.536893e-04
857 3.889850e-14 2.535093e-04
858 3.883629e-14 2.533299e-04
859 3.877408e-14 2.531510e-04
860 3.871187e-14 2.529726e-04
861 3.864966e-14 2.527948e-04
862 3.858744e-14 2.526174e-04
863 3.852523e-14 2.524406e-04
864 3.846302e-14 2.522643e-04
865 3.838698e-14 2.520886e-04
866 3.829712e-14 2.519133e-04
867 3.820725e-14 2.517386e-04
868 3.811739e-14 2.515644e-04
869 3.802752e-14 2.513907e-04
870 3.793765e-14 2.512174e-04
871 3.784779e-14 2.510447e-04
872 3.775792e-14 2.508725e-04
873 3.766806e-14 2.507008e-04
874 3.757819e-14 2.505295e-04
875 3.747358e-14 2.503588e-04
876 3.735423e-14 2.501885e-04
877 3.723487e-14 2.500186e-04
878 3.711552e-14 2.498493e-04
879 3.699616e-14 2.496804e-04
880 3.687681e-14 2.495119e-04
881 3.675745e-14 2.493439e-04
882 3.663810e-14 2.491763e-04
883 3.651875e-14 2.490091e-04
884 3.639939e-14 2.488423e-04
885 3.626346e-14 2.486760e-04
886 3.611095e-14 2.485100e-04
887 3.595845e-14 2.483444e-04
888 3.580594e-14 2.481793e-04
889 3.565344e-14 2.480144e-04
890 3.550093e-14 2.478500e-04
891 3.534843e-14 2.476859e-04
892 3.519592e-14 2.475221e-04
893 3.504342e-14 2.473587e-04
894 3.489091e-14 2.471956e-04
895 3.472023e-14 2.470327e-04
896 3.453139e-14 2.468702e-04
897 3.434254e-14 2.467080e-04
898 3.415370e-14 2.465461e-04
899 3.396485e-14 2.463845e-04
900 3.377601e-14 2.462231e-04
901 3.358716e-14 2.460619e-04
902 3.339832e-14 2.459010e-04
903 3.320947e-14 2.457403e-04
904 3.302063e-14 2.455799e-04
905 3.281388e-14 2.454196e-04
906 3.258921e-14 2.452595e-04
907 3.236455e-14 2.450997e-04
908 3.213989e-14 2.449400e-04
909 3.191523e-14 2.447804e-04
910 3.169056e-14 2.446211e-04
911 3.146590e-14 2.444618e-04
912 3.124124e-14 2.443027e-04
913 3.101658e-14 2.441437e-04
914 3.079191e-14 2.439849e-04
915 3.054806e-14 2.438261e-04
916 3.028502e-14 2.436674e-04
917 3.002198e-14 2.435089e-04
918 2.975893e-14 2.433503e-04
919 2.949589e-14 2.431919e-04
920 2.923285e-14 2.430335e-04
921 2.896981e-14 2.428751e-04
922 2.870676e-14 2.427168e-04
923 2.844372e-14 2.425585e-04
924 2.818068e-14 2.424003e-04
925 2.790170e-14 2.422420e-04
926 2.760678e-14 2.420838e-04
927 2.731185e-14 2.419255e-04
928 2.701693e-14 2.417672e-04
929 2.672201e-14 2.416089e-04
930 2.642709e-14 2.414506e-04
931 2.613217e-14 2.412923e-04
932 2.583725e-14 2.411339e-04
933 2.554233e-14 2.409754e-04
934 2.524740e-14 2.408169e-04
935 2.494159e-14 2.406583e-04
936 2.462488e-14 2.404997e-04
937 2.430817e-14 2.403410e-04
938 2.399146e-14 2.401822e-04
939 2.367475e-14 2.400234e-04
940 2.335804e-14 2.398645e-04
941 2.304134e-14 2.397054e-04
942 2.272463e-14 2.395463e-04
943 2.240792e-14 2.393871e-04
944 2.209121e-14 2.392278e-04
945 2.177114e-14 2.390684e-04
946 2.144771e-14 2.389089e-04
947 2.112429e-14 2.387494e-04
948 2.080086e-14 2.385897e-04
949 2.047743e-14 2.384299e-04
950 2.015401e-14 2.382700e-04
951 1.983058e-14 2.381100e-04
952 1.950715e-14 2.379499e-04
953 1.918373e-14 2.377898e-04
954 1.886030e-14 2.376295e-04
955 1.854812e-14 2.374691e-04
956 1.824720e-14 2.373087e-04
957 1.794627e-14 2.371482e-04
958 1.764535e-14 2.369876e-04
959 1.734442e-14 2.368269e-04
960 1.704350e-14 2.366662e-04
961 1.674257e-14 2.365054e-04
962 1.644164e-14 2.363446e-04
963 1.614072e-14 2.361837e-04
964 1.583979e-14 2.360227e-04
965 1.556564e-14 2.358618e-04
966 1.531826e-14 2.357008e-04
967 1.507087e-14 2.355398e-04
968 1.482349e-14 2.353788e-04
969 1.457611e-14 2.352178e-04
970 1.432872e-14 2.350568e-04
971 1.408134e-14 2.348959e-04
972 1.383396e-14 2.347349e-04
973 1.358658e-14 2.345740e-04
974 1.333919e-14 2.344132e-04
975 1.313778e-14 2.342524e-04
976 1.298235e-14 2.340918e-04
977 1.282692e-14 2.339312e-04
978 1.267148e-14 2.337707e-04
979 1.251605e-14 2.336103e-04
980 1.236061e-14 2.334500e-04
981 1.220518e-14 2.332899e-04
982 1.204974e-14 2.331299e-04
983 1.189431e-14 2.329701e-04
984 1.173888e-14 2.328105e-04
985 1.164649e-14 2.326511e-04
986 1.161717e-14 2.324919e-04
987 1.158784e-14 2.323329e-04
988 1.155851e-14 2.321741e-04
989 1.152918e-14 2.320156e-04
990 1.149985e-14 2.318573e-04
991 1.147052e-14 2.316994e-04
992 1.144120e-14 2.315417e-04
993 1.141187e-14 2.313843e-04
994 1.138254e-14 2.312273e-04
995 1.142936e-14 2.310706e-04
996 1.155234e-14 2.309142e-04
997 1.167531e-14 2.307582e-04
998 1.179828e-14 2.306026e-04
999 1.192126e-14 2.304474e-04
1000 1.204423e-14 2.302926e-04
1001 1.216720e-14 2.301383e-04
1002 1.229018e-14 2.299844e-04
1003 1.241315e-14 2.298309e-04
1004 1.253613e-14 2.296779e-04
1005 1.273960e-14 2.295255e-04
1006 1.302358e-14 2.293735e-04
1007 1.330756e-14 2.292220e-04
1008 1.359154e-14 2.290711e-04
1009 1.387552e-14 2.289207e-04
1010 1.415950e-14 2.287710e-04
1011 1.444348e-14 2.286217e-04
1012 1.472746e-14 2.284731e-04
1013 1.501144e-14 2.283251e-04
1014 1.529542e-14 2.281777e-04
1015 1.565530e-14 2.280310e-04
1016 1.609108e-14 2.278849e-04
1017 1.652686e-14 2.277395e-04
1018 1.696264e-14 2.275948e-04
1019 1.739842e-14 2.274508e-04
1020 1.783420e-14 2.273075e-04
1021 1.826998e-14 2.271649e-04
1022 1.870576e-14 2.270230e-04
1023 1.914154e-14 2.268819e-04
1024 1.957732e-14 2.267416e-04
1025 2.007475e-14 2.266020e-04
1026 2.063384e-14 2.264633e-04
1027 2.119293e-14 2.263253e-04
1028 2.175202e-14 2.261882e-04
1029 2.231111e-14 2.260519e-04
1030 2.287020e-14 2.259164e-04
1031 2.342929e-14 2.257817e-04
1032 2.398838e-14 2.256480e-04
1033 2.454747e-14 2.255151e-04
1034 2.510656e-14 2.253830e-04
1035 2.570916e-14 2.252519e-04
1036 2.635528e-14 2.251217e-04
1037 2.700140e-14 2.249923e-04
1038 2.764752e-14 2.248639e-04
1039 2.829363e-14 2.247364e-04
1040 2.893975e-14 2.246099e-04
1041 2.958587e-14 2.244843e-04
1042 3.023198e-14 2.243596e-04
1043 3.087810e-14 2.242359e-04
1044 3.152422e-14 2.241131e-04
1045 3.219003e-14 2.239913e-04
1046 3.287555e-14 2.238705e-04
1047 3.356106e-14 2.237507e-04
1048 3.424657e-14 2.236318e-04
1049 3.493208e-14 2.235139e-04
1050 3.561760e-14 2.233970e-04
1051 3.630311e-14 2.232811e-04
1052 3.698862e-14 2.231662e-04
1053 3.767414e-14 2.230523e-04
1054 3.835965e-14 2.229394e-04
1055 3.904619e-14 2.228274e-04
1056 3.973377e-14 2.227165e-04
1057 4.042135e-14 2.226065e-04
1058 4.110893e-14 2.224976e-04
1059 4.179651e-14 2.223896e-04
1060 4.248409e-14 2.222827e-04
1061 4.317167e-14 2.221767e-04
1062 4.385925e-14 2.220717e-04
1063 4.454683e-14 2.219677e-04
1064 4.523441e-14 2.218646e-04
1065 4.590309e-14 2.217626e-04
1066 4.655288e-14 2.216615e-04
1067 4.720266e-14 2.215613e-04
1068 4.785245e-14 2.214621e-04
1069 4.850224e-14 2.213639e-04
1070 4.915202e-14 2.212666e-04
1071 4.980181e-14 2.211703e-04
1072 5.045160e-14 2.210748e-04
1073 5.110139e-14 2.209803e-04
1074 5.175117e-14 2.208868e-04
1075 5.236974e-14 2.207941e-04
1076 5.295708e-14 2.207023e-04
1077 5.354442e-14 2.206114e-04
1078 5.413176e-14 2.205213e-04
1079 5.471911e-14 2.204322e-04
1080 5.530645e-14 2.203438e-04
1081 5.589379e-14 2.202564e-04
1082 5.648113e-14 2.201697e-04
1083 5.706848e-14 2.200839e-04
1084 5.765582e-14 2.199989e-04
1085 5.820347e-14 2.199147e-04
1086 5.871144e-14 2.198313e-04
1087 5.921941e-14 2.197486e-04
1088 5.972738e-14 2.196667e-04
1089 6.023535e-14 2.195855e-04
1090 6.074332e-14 2.195051e-04
1091 6.125129e-14 2.194254e-04
1092 6.175925e-14 2.193464e-04
1093 6.226722e-14 2.192680e-04
1094 6.277519e-14 2.191904e-04
1095 6.323666e-14 2.191134e-04
1096 6.365164e-14 2.190370e-04
1097 6.406662e-14 2.189613e-04
1098 6.448159e-14 2.188862e-04
1099 6.489657e-14 2.188117e-04
1100 6.531155e-14 2.187377e-04
1101 6.572653e-14 2.186643e-04
1102 6.614150e-14 2.185915e-04
1103 6.655648e-14 2.185192e-04
1104 6.697146e-14 2.184474e-04
1105 6.733977e-14 2.183761e-04
1106 6.766141e-14 2.183052e-04
1107 6.798306e-14 2.182349e-04
1108 6.830470e-14 2.181649e-04
1109 6.862635e-14 2.180954e-04
1110 6.894799e-14 2.180263e-04
1111 6.926964e-14 2.179576e-04
1112 6.959128e-14 2.178892e-04
1113 6.991293e-14 2.178213e-04
1114 7.023457e-14 2.177536e-04
1115 7.051150e-14 2.176862e-04
1116 7.074370e-14 2.176192e-04
1117 7.097591e-14 2.175524e-04
1118 7.120811e-14 2.174859e-04
1119 7.144032e-14 2.174196e-04
1120 7.167252e-14 2.173535e-04
1121 7.190473e-14 2.172877e-04
1122 7.213693e-14 2.172220e-04
1123 7.236913e-14 2.171565e-04
1124 7.260134e-14 2.170911e-04
1125 7.278669e-14 2.170259e-04
1126 7.292518e-14 2.169607e-04
1127 7.306368e-14 2.168957e-04
1128 7.320218e-14 2.168307e-04
1129 7.334067e-14 2.167657e-04
1130 7.347917e-14 2.167008e-04
1131 7.361767e-14 2.166359e-04
1132 7.375616e-14 2.165710e-04
1133 7.389466e-14 2.165061e-04
1134 7.403316e-14 2.164411e-04
1135 7.413039e-14 2.163760e-04
1136 7.418637e-14 2.163109e-04
1137 7.424235e-14 2.162457e-04
1138 7.429833e-14 2.161803e-04
1139 7.435431e-14 2.161148e-04
1140 7.441029e-14 2.160491e-04
1141 7.446627e-14 2.159833e-04
1142 7.452225e-14 2.159172e-04
1143 7.457823e-14 2.158510e-04
1144 7.463421e-14 2.157845e-04
1145 7.464703e-14 2.157177e-04
1146 7.461668e-14 2.156507e-04
1147 7.458634e-14 2.155834e-04
1148 7.455600e-14 2.155158e-04
1149 7.452566e-14 2.154479e-04
1150 7.449532e-14 2.153796e-04
1151 7.446498e-14 2.153110e-04
1152 7.443464e-14 2.152420e-04
1153 7.440430e-14 2.151726e-04
1154 7.437396e-14 2.151028e-04
1155 7.430558e-14 2.150325e-04
1156 7.419916e-14 2.149619e-04
1157 7.409274e-14 2.148907e-04
1158 7.398632e-14 2.148191e-04
1159 7.387990e-14 2.147470e-04
1160 7.377349e-14 2.146744e-04
1161 7.366707e-14 2.146013e-04
1162 7.356065e-14 2.145277e-04
1163 7.345423e-14 2.144535e-04
1164 7.334781e-14 2.143787e-04
1165 7.320322e-14 2.143033e-04
1166 7.302046e-14 2.142274e-04
1167 7.283770e-14 2.141508e-04
1168 7.265494e-14 2.140737e-04
1169 7.247218e-14 2.139959e-04
1170 7.228941e-14 2.139174e-04
1171 7.210665e-14 2.138383e-04
1172 7.192389e-14 2.137585e-04
1173 7.174113e-14 2.136780e-04
1174 7.155837e-14 2.135968e-04
1175 7.133928e-14 2.135148e-04
1176 7.108387e-14 2.134322e-04
1177 7.082845e-14 2.133488e-04
1178 7.057304e-14 2.132647e-04
1179 7.031763e-14 2.131798e-04
1180 7.006221e-14 2.130941e-04
1181 6.980680e-14 2.130076e-04
1182 6.955138e-14 2.129203e-04
1183 6.929597e-14 2.128322e-04
1184 6.904056e-14 2.127433e-04
1185 6.875024e-14 2.126535e-04
1186 6.842501e-14 2.125629e-04
1187 6.809978e-14 2.124714e-04
1188 6.777455e-14 2.123791e-04
1189 6.744932e-14 2.122858e-04
1190 6.712409e-14 2.121917e-04
1191 6.679887e-14 2.120967e-04
1192 6.647364e-14 2.120008e-04
1193 6.614841e-14 2.119039e-04
1194 6.582318e-14 2.118062e-04
1195 6.546678e-14 2.117074e-04
1196 6.507920e-14 2.116078e-04
1197 6.469162e-14 2.115071e-04
1198 6.430405e-14 2.114055e-04
1199 6.391647e-14 2.113030e-04
1200 6.352889e-14 2.111994e-04
1201 6.314131e-14 2.110948e-04
1202 6.275374e-14 2.109893e-04
1203 6.236616e-14 2.108827e-04
1204 6.197858e-14 2.107751e-04
1205 6.156484e-14 2.106665e-04
1206 6.112492e-14 2.105568e-04
1207 6.068500e-14 2.104461e-04
1208 6.024508e-14 2.103344e-04
1209 5.980516e-14 2.102215e-04
1210 5.936525e-14 2.101076e-04
1211 5.892533e-14 2.099927e-04
1212 5.848541e-14 2.098766e-04
1213 5.804549e-14 2.097595e-04
1214 5.760557e-14 2.096413e-04
1215 5.715102e-14 2.095220e-04
1216 5.668184e-14 2.094015e-04
1217 5.621265e-14 2.092800e-04
1218 5.574346e-14 2.091573e-04
1219 5.527428e-14 2.090335e-04
1220 5.480509e-14 2.089086e-04
1221 5.433590e-14 2.087825e-04
1222 5.386672e-14 2.086553e-04
1223 5.339753e-14 2.085269e-04
1224 5.292834e-14 2.083974e-04
1225 5.245936e-14 2.082668e-04
1226 5.199059e-14 2.081349e-04
1227 5.152182e-14 2.080019e-04
1228 5.105305e-14 2.078677e-04
1229 5.058427e-14 2.077323e-04
1230 5.011550e-14 2.075958e-04
1231 4.964673e-14 2.074580e-04
1232 4.917795e-14 2.073191e-04
1233 4.870918e-14 2.071790e-04
1234 4.824041e-14 2.070376e-04
1235 4.779729e-14 2.068951e-04
1236 4.737983e-14 2.067513e-04
1237 4.696237e-14 2.066064e-04
1238 4.654491e-14 2.064602e-04
1239 4.612745e-14 2.063128e-04
1240 4.570999e-14 2.061642e-04
1241 4.529253e-14 2.060143e-04
1242 4.487507e-14 2.058633e-04
1243 4.445761e-14 2.057109e-04
1244 4.404015e-14 2.055574e-04
1245 4.367855e-14 2.054026e-04
1246 4.337282e-14 2.052466e-04
1247 4.306708e-14 2.050893e-04
1248 4.276135e-14 2.049308e-04
1249 4.245561e-14 2.047711e-04
1250 4.214987e-14 2.046101e-04
1251 4.184414e-14 2.044478e-04
1252 4.153840e-14 2.042843e-04
1253 4.123267e-14 2.041195e-04
1254 4.092693e-14 2.039535e-04
1255 4.071553e-14 2.037862e-04
1256 4.059846e-14 2.036177e-04
1257 4.048140e-14 2.034479e-04
1258 4.036433e-14 2.032768e-04
1259 4.024727e-14 2.031045e-04
1260 4.013020e-14 2.029309e-04
1261 4.001313e-14 2.027561e-04
1262 3.989607e-14 2.025799e-04
1263 3.977900e-14 2.024026e-04
1264 3.966194e-14 2.022239e-04
1265 3.968096e-14 2.020440e-04
1266 3.983607e-14 2.018628e-04
1267 3.999119e-14 2.016804e-04
1268 4.014630e-14 2.014966e-04
1269 4.030141e-14 2.013117e-04
1270 4.045652e-14 2.011254e-04
1271 4.061164e-14 2.009379e-04
1272 4.076675e-14 2.007491e-04
1273 4.092186e-14 2.005591e-04
1274 4.107697e-14 2.003677e-04
1275 4.140764e-14 2.001752e-04
1276 4.191386e-14 1.999813e-04
1277 4.242009e-14 1.997862e-04
1278 4.292631e-14 1.995898e-04
1279 4.343253e-14 1.993922e-04
1280 4.393875e-14 1.991933e-04
1281 4.444497e-14 1.989932e-04
1282 4.495120e-14 1.987918e-04
1283 4.545742e-14 1.985891e-04
1284 4.596364e-14 1.983852e-04
1285 4.667839e-14 1.981800e-04
1286 4.760167e-14 1.979736e-04
1287 4.852494e-14 1.977659e-04
1288 4.944822e-14 1.975570e-04
1289 5.037150e-14 1.973469e-04
1290 5.129477e-14 1.971355e-04
1291 5.221805e-14 1.969228e-04
1292 5.314133e-14 1.967089e-04
1293 5.406460e-14 1.964938e-04
1294 5.498788e-14 1.962775e-04
1295 5.613838e-14 1.960599e-04
1296 5.751609e-14 1.958411e-04
1297 5.889381e-14 1.956210e-04
1298 6.027153e-14 1.953998e-04
1299 6.164925e-14 1.951773e-04
1300 6.302696e-14 1.949536e-04
1301 6.440468e-14 1.947287e-04
1302 6.578240e-14 1.945025e-04
1303 6.716012e-14 1.942752e-04
1304 6.853783e-14 1.940467e-04
1305 7.014046e-14 1.938169e-04
1306 7.196801e-14 1.935860e-04
1307 7.379555e-14 1.933539e-04
1308 7.562310e-14 1.931205e-04
1309 7.745064e-14 1.928860e-04
1310 7.927819e-14 1.926503e-04
1311 8.110573e-14 1.924134e-04
1312 8.293328e-14 1.921754e-04
1313 8.476082e-14 1.919362e-04
1314 8.658837e-14 1.916958e-04
1315 8.862571e-14 1.914542e-04
1316 9.087286e-14 1.912115e-04
1317 9.312000e-14 1.909676e-04
1318 9.536715e-14 1.907226e-04
1319 9.761429e-14 1.904764e-04
1320 9.986144e-14 1.902291e-04
1321 1.021086e-13 1.899807e-04
1322 1.043557e-13 1.897311e-04
1323 1.066029e-13 1.894804e-04
1324 1.088500e-13 1.892285e-04
1325 1.112671e-13 1.889756e-04
1326 1.138542e-13 1.887215e-04
1327 1.164413e-13 1.884663e-04
1328 1.190283e-13 1.882100e-04
1329 1.216154e-13 1.879526e-04
1330 1.242025e-13 1.876942e-04
1331 1.267895e-13 1.874346e-04
1332 1.293766e-13 1.871739e-04
1333 1.319637e-13 1.869122e-04
1334 1.345508e-13 1.866494e-04
1335 1.372616e-13 1.863855e-04
1336 1.400962e-13 1.861206e-04
1337 1.429307e-13 1.858546e-04
1338 1.457653e-13 1.855875e-04
1339 1.485999e-13 1.853194e-04
1340 1.514344e-13 1.850503e-04
1341 1.542690e-13 1.847801e-04
1342 1.571036e-13 1.845089e-04
1343 1.599382e-13 1.842367e-04
1344 1.627727e-13 1.839635e-04
1345 1.656724e-13 1.836892e-04
1346 1.686371e-13 1.834140e-04
1347 1.716019e-13 1.831377e-04
1348 1.745666e-13 1.828605e-04
1349 1.775314e-13 1.825822e-04
1350 1.804961e-13 1.823030e-04
1351 1.834609e-13 1.820228e-04
1352 1.864256e-13 1.817417e-04
1353 1.893904e-13 1.814596e-04
1354 1.923551e-13 1.811765e-04
1355 1.953271e-13 1.808924e-04
1356 1.983064e-13 1.806075e-04
1357 2.012857e-13 1.803216e-04
1358 2.042650e-13 1.800347e-04
1359 2.072443e-13 1.797470e-04
1360 2.102236e-13 1.794583e-04
1361 2.132029e-13 1.791687e-04
1362 2.161822e-13 1.788782e-04
1363 2.191615e-13 1.785868e-04
1364 2.221408e-13 1.782945e-04
1365 2.250820e-13 1.780014e-04
1366 2.279849e-13 1.777073e-04
1367 2.308879e-13 1.774124e-04
1368 2.337909e-13 1.771166e-04
1369 2.366939e-13 1.768200e-04
1370 2.395968e-13 1.765225e-04
1371 2.424998e-13 1.762242e-04
1372 2.454028e-13 1.759250e-04
1373 2.483058e-13 1.756250e-04
1374 2.512087e-13 1.753242e-04
1375 2.540187e-13 1.750226e-04
1376 2.567357e-13 1.747202e-04
1377 2.594526e-13 1.744170e-04
1378 2.621696e-13 1.741129e-04
1379 2.648865e-13 1.738081e-04
1380 2.676035e-13 1.735025e-04
1381 2.703204e-13 1.731962e-04
1382 2.730374e-13 1.728891e-04
1383 2.757544e-13 1.725812e-04
1384 2.784713e-13 1.722726e-04
1385 2.810634e-13 1.719632e-04
1386 2.835305e-13 1.716531e-04
1387 2.859977e-13 1.713423e-04
1388 2.884648e-13 1.710307e-04
1389 2.909320e-13 1.707185e-04
1390 2.933991e-13 1.704055e-04
1391 2.958663e-13 1.700918e-04
1392 2.983334e-13 1.697775e-04
1393 3.008006e-13 1.694624e-04
1394 3.032677e-13 1.691467e-04
1395 3.055895e-13 1.688303e-04
1396 3.077658e-13 1.685133e-04
1397 3.099421e-13 1.681956e-04
1398 3.121185e-13 1.678773e-04
1399 3.142948e-13 1.675583e-04
1400 3.164711e-13 1.672387e-04
1401 3.186475e-13 1.669185e-04
1402 3.208238e-13 1.665977e-04
1403 3.230001e-13 1.662762e-04
1404 3.251765e-13 1.659542e-04
1405 3.271860e-13 1.656315e-04
1406 3.290288e-13 1.653083e-04
1407 3.308716e-13 1.649845e-04
1408 3.327144e-13 1.646602e-04
1409 3.345572e-13 1.643352e-04
1410 3.364000e-13 1.640098e-04
1411 3.382427e-13 1.636837e-04
1412 3.400855e-13 1.633572e-04
1413 3.419283e-13 1.630301e-04
1414 3.437711e-13 1.627025e-04
1415 3.454511e-13 1.623743e-04
1416 3.469682e-13 1.620457e-04
1417 3.484853e-13 1.617166e-04
1418 3.500024e-13 1.613869e-04
1419 3.515196e-13 1.610568e-04
1420 3.530367e-13 1.607262e-04
1421 3.545538e-13 1.603952e-04
1422 3.560710e-13 1.600637e-04
1423 3.575881e-13 1.597317e-04
1424 3.591052e-13 1.593993e-04
1425 3.604432e-13 1.590664e-04
1426 3.616021e-13 1.587331e-04
1427 3.627610e-13 1.583994e-04
1428 3.639199e-13 1.580653e-04
1429 3.650788e-13 1.577308e-04
1430 3.662377e-13 1.573958e-04
1431 3.673966e-13 1.570605e-04
1432 3.685555e-13 1.567248e-04
1433 3.697144e-13 1.563887e-04
1434 3.708733e-13 1.560522e-04
1435 3.718558e-13 1.557154e-04
1436 3.726620e-13 1.553782e-04
1437 3.734683e-13 1.550407e-04
1438 3.742745e-13 1.547028e-04
1439 3.750807e-13 1.543646e-04
1440 3.758869e-13 1.540261e-04
1441 3.766932e-13 1.536873e-04
1442 3.774994e-13 1.533481e-04
1443 3.783056e-13 1.530087e-04
1444 3.791118e-13 1.526689e-04
1445 3.797508e-13 1.523289e-04
1446 3.802226e-13 1.519885e-04
1447 3.806943e-13 1.516480e-04
1448 3.811660e-13 1.513071e-04
1449 3.816378e-13 1.509660e-04
1450 3.821095e-13 1.506246e-04
1451 3.825813e-13 1.502830e-04
1452 3.830530e-13 1.499411e-04
1453 3.835247e-13 1.495990e-04
1454 3.839965e-13 1.492567e-04
1455 3.842918e-13 1.489142e-04
1456 3.844107e-13 1.485715e-04
1457 3.845297e-13 1.482285e-04
1458 3.846486e-13 1.478854e-04
1459 3.847675e-13 1.475421e-04
1460 3.848865e-13 1.471986e-04
1461 3.850054e-13 1.468549e-04
1462 3.851243e-13 1.465110e-04
1463 3.852432e-13 1.461670e-04
1464 3.853622e-13 1.458229e-04
1465 3.853162e-13 1.454786e-04
1466 3.851055e-13 1.451341e-04
1467 3.848947e-13 1.447895e-04
1468 3.846839e-13 1.444448e-04
1469 3.844731e-13 1.441000e-04
1470 3.842624e-13 1.437551e-04
1471 3.840516e-13 1.434100e-04
1472 3.838408e-13 1.430649e-04
1473 3.836300e-13 1.427196e-04
1474 3.834193e-13 1.423743e-04
1475 3.830425e-13 1.420289e-04
1476 3.824997e-13 1.416834e-04
1477 3.819569e-13 1.413378e-04
1478 3.814142e-13 1.409922e-04
1479 3.808714e-13 1.406466e-04
1480 3.803286e-13 1.403009e-04
1481 3.797858e-13 1.399551e-04
1482 3.792430e-13 1.396093e-04
1483 3.787003e-13 1.392635e-04
1484 3.781575e-13 1.389176e-04
1485 3.774392e-13 1.385718e-04
1486 3.765453e-13 1.382259e-04
1487 3.756515e-13 1.378800e-04
1488 3.747576e-13 1.375342e-04
1489 3.738637e-13 1.371883e-04
1490 3.729699e-13 1.368425e-04
1491 3.720760e-13 1.364966e-04
1492 3.711822e-13 1.361508e-04
1493 3.702883e-13 1.358051e-04
1494 3.693944e-13 1.354593e-04
1495 3.683284e-13 1.351137e-04
1496 3.670902e-13 1.347680e-04
1497 3.658520e-13 1.344224e-04
1498 3.646138e-13 1.340769e-04
1499 3.633756e-13 1.337315e-04
1500 3.621373e-13 1.333861e-04
1501 3.608991e-13 1.330408e-04
1502 3.596609e-13 1.326956e-04
1503 3.584227e-13 1.323505e-04
1504 3.571845e-13 1.320055e-04
1505 3.557710e-13 1.316606e-04
1506 3.541822e-13 1.313158e-04
1507 3.525933e-13 1.309711e-04
1508 3.510045e-13 1.306265e-04
1509 3.494157e-13 1.302821e-04
1510 3.478269e-13 1.299378e-04
1511 3.462380e-13 1.295936e-04
1512 3.446492e-13 1.292496e-04
1513 3.430604e-13 1.289057e-04
1514 3.414716e-13 1.285620e-04
1515 3.397167e-13 1.282184e-04
1516 3.377959e-13 1.278750e-04
1517 3.358751e-13 1.275318e-04
1518 3.339542e-13 1.271887e-04
1519 3.320334e-13 1.268459e-04
1520 3.301126e-13 1.265032e-04
1521 3.281917e-13 1.261607e-04
1522 3.262709e-13 1.258184e-04
1523 3.243501e-13 1.254763e-04
1524 3.224292e-13 1.251344e-04
1525 3.203571e-13 1.247927e-04
1526 3.181338e-13 1.244513e-04
1527 3.159104e-13 1.241101e-04
1528 3.136870e-13 1.237691e-04
1529 3.114636e-13 1.234283e-04
1530 3.092403e-13 1.230878e-04
1531 3.070169e-13 1.227475e-04
1532 3.047935e-13 1.224074e-04
1533 3.025701e-13 1.220677e-04
1534 3.003468e-13 1.217281e-04
1535 2.979905e-13 1.213889e-04
1536 2.955013e-13 1.210499e-04
1537 2.930121e-13 1.207112e-04
1538 2.905229e-13 1.203727e-04
1539 2.880337e-13 1.200346e-04
1540 2.855445e-13 1.196967e-04
1541 2.830553e-13 1.193592e-04
1542 2.805661e-13 1.190219e-04
1543 2.780770e-13 1.186849e-04
1544 2.755878e-13 1.183483e-04
1545 2.730170e-13 1.180119e-04
1546 2.703647e-13 1.176759e-04
1547 2.677124e-13 1.173402e-04
1548 2.650601e-13 1.170048e-04
1549 2.624078e-13 1.166697e-04
1550 2.597555e-13 1.163350e-04
1551 2.571031e-13 1.160007e-04
1552 2.544508e-13 1.156666e-04
1553 2.517985e-13 1.153330e-04
1554 2.491462e-13 1.149996e-04
1555 2.464655e-13 1.146667e-04
1556 2.437563e-13 1.143341e-04
1557 2.410471e-13 1.140018e-04
1558 2.383379e-13 1.136700e-04
1559 2.356287e-13 1.133385e-04
1560 2.329195e-13 1.130074e-04
1561 2.302103e-13 1.126767e-04
1562 2.275011e-13 1.123463e-04
1563 2.247919e-13 1.120164e-04
1564 2.220828e-13 1.116869e-04
1565 2.194339e-13 1.113577e-04
1566 2.168454e-13 1.110290e-04
1567 2.142570e-13 1.107007e-04
1568 2.116685e-13 1.103728e-04
1569 2.090800e-13 1.100453e-04
1570 2.064915e-13 1.097182e-04
1571 2.039031e-13 1.093916e-04
1572 2.013146e-13 1.090654e-04
1573 1.987261e-13 1.087396e-04
1574 1.961376e-13 1.084143e-04
1575 1.937037e-13 1.080894e-04
1576 1.914243e-13 1.077650e-04
1577 1.891449e-13 1.074410e-04
1578 1.868655e-13 1.071175e-04
1579 1.845861e-13 1.067944e-04
1580 1.823067e-13 1.064718e-04
1581 1.800273e-13 1.061497e-04
1582 1.777479e-13 1.058280e-04
1583 1.754685e-13 1.055068e-04
1584 1.731891e-13 1.051861e-04
1585 1.711657e-13 1.048659e-04
1586 1.693984e-13 1.045461e-04
1587 1.676311e-13 1.042269e-04
1588 1.658638e-13 1.039081e-04
1589 1.640965e-13 1.035899e-04
1590 1.623292e-13 1.032721e-04
1591 1.605619e-13 1.029548e-04
1592 1.587946e-13 1.026381e-04
1593 1.570273e-13 1.023219e-04
1594 1.552600e-13 1.020061e-04
1595 1.538615e-13 1.016909e-04
1596 1.528317e-13 1.013763e-04
1597 1.518019e-13 1.010621e-04
1598 1.507722e-13 1.007485e-04
1599 1.497424e-13 1.004354e-04
1600 1.487126e-13 1.001228e-04
1601 1.476828e-13 9.981083e-05
1602 1.466531e-13 9.949937e-05
1603 1.456233e-13 9.918845e-05
1604 1.445935e-13 9.887807e-05
1605 1.440163e-13 9.856826e-05
1606 1.438917e-13 9.825900e-05
1607 1.437671e-13 9.795030e-05
1608 1.436425e-13 9.764216e-05
1609 1.435179e-13 9.733459e-05
1610 1.433932e-13 9.702759e-05
1611 1.432686e-13 9.672116e-05
1612 1.431440e-13 9.641531e-05
1613 1.430194e-13 9.611004e-05
1614 1.428948e-13 9.580535e-05
1615 1.432722e-13 9.550124e-05
1616 1.441516e-13 9.519773e-05
1617 1.450310e-13 9.489480e-05
1618 1.459104e-13 9.459248e-05
1619 1.467898e-13 9.429074e-05
1620 1.476692e-13 9.398961e-05
1621 1.485487e-13 9.368909e-05
1622 1.494281e-13 9.338917e-05
1623 1.503075e-13 9.308986e-05
1624 1.511869e-13 9.279116e-05
1625 1.525991e-13 9.249308e-05
1626 1.545441e-13 9.219561e-05
1627 1.564891e-13 9.189877e-05
1628 1.584341e-13 9.160255e-05
1629 1.603791e-13 9.130696e-05
1630 1.623240e-13 9.101200e-05
1631 1.642690e-13 9.071767e-05
1632 1.662140e-13 9.042397e-05
1633 1.681590e-13 9.013091e-05
1634 1.701040e-13 8.983850e-05
1635 1.725429e-13 8.954672e-05
1636 1.754757e-13 8.925559e-05
1637 1.784086e-13 8.896511e-05
1638 1.813414e-13 8.867529e-05
1639 1.842742e-13 8.838611e-05
1640 1.872071e-13 8.809759e-05
1641 1.901399e-13 8.780973e-05
1642 1.930727e-13 8.752253e-05
1643 1.960056e-13 8.723599e-05
1644 1.989384e-13 8.695013e-05
1645 2.023130e-13 8.666492e-05
1646 2.061295e-13 8.638039e-05
1647 2.099460e-13 8.609654e-05
1648 2.137624e-13 8.581336e-05
1649 2.175789e-13 8.553085e-05
1650 2.213953e-13 8.524903e-05
1651 2.252118e-13 8.496789e-05
1652 2.290283e-13 8.468744e-05
1653 2.328447e-13 8.440767e-05
1654 2.366612e-13 8.412860e-05
1655 2.408231e-13 8.385021e-05
1656 2.453306e-13 8.357252e-05
1657 2.498380e-13 8.329553e-05
1658 2.543454e-13 8.301923e-05
1659 2.588528e-13 8.274364e-05
1660 2.633603e-13 8.246875e-05
1661 2.678677e-13 8.219456e-05
1662 2.723751e-13 8.192108e-05
1663 2.768825e-13 8.164831e-05
1664 2.813900e-13 8.137625e-05
1665 2.861016e-13 8.110491e-05
1666 2.910176e-13 8.083428e-05
1667 2.959335e-13 8.056437e-05
1668 3.008494e-13 8.029517e-05
1669 3.057653e-13 8.002670e-05
1670 3.106813e-13 7.975895e-05
1671 3.155972e-13 7.949193e-05
1672 3.205131e-13 7.922563e-05
1673 3.254290e-13 7.896006e-05
1674 3.303450e-13 7.869523e-05
1675 3.353472e-13 7.843112e-05
1676 3.404358e-13 7.816775e-05
1677 3.455244e-13 7.790512e-05
1678 3.506131e-13 7.764322e-05
1679 3.557017e-13 7.738207e-05
1680 3.607903e-13 7.712165e-05
1681 3.658789e-13 7.686198e-05
1682 3.709675e-13 7.660305e-05
1683 3.760561e-13 7.634487e-05
1684 3.811447e-13 7.608744e-05
1685 3.853765e-13 7.583076e-05
1686 3.887515e-13 7.557483e-05
1687 3.921265e-13 7.531965e-05
1688 3.955015e-13 7.506523e-05
1689 3.988765e-13 7.481156e-05
1690 4.022515e-13 7.455865e-05
1691 4.056265e-13 7.430651e-05
1692 4.090014e-13 7.405512e-05
1693 4.123764e-13 7.380449e-05
1694 4.157514e-13 7.355463e-05
1695 4.179883e-13 7.330553e-05
1696 4.190870e-13 7.305720e-05
1697 4.201858e-13 7.280964e-05
1698 4.212845e-13 7.256284e-05
1699 4.223832e-13 7.231682e-05
1700 4.234819e-13 7.207157e-05
1701 4.245807e-13 7.182709e-05
1702 4.256794e-13 7.158339e-05
1703 4.267781e-13 7.134046e-05
1704 4.278769e-13 7.109831e-05
1705 4.280302e-13 7.085694e-05
1706 4.272380e-13 7.061635e-05
1707 4.264459e-13 7.037654e-05
1708 4.256537e-13 7.013751e-05
1709 4.248616e-13 6.989926e-05
1710 4.240694e-13 6.966180e-05
1711 4.232773e-13 6.942513e-05
1712 4.224851e-13 6.918924e-05
1713 4.216930e-13 6.895414e-05
1714 4.209009e-13 6.871983e-05
1715 4.191381e-13 6.848630e-05
1716 4.164046e-13 6.825357e-05
1717 4.136712e-13 6.802163e-05
1718 4.109377e-13 6.779049e-05
1719 4.082043e-13 6.756013e-05
1720 4.054708e-13 6.733058e-05
1721 4.027374e-13 6.710182e-05
1722 4.000039e-13 6.687385e-05
1723 3.972705e-13 6.664668e-05
1724 3.945371e-13 6.642031e-05
1725 3.908468e-13 6.619475e-05
1726 3.861996e-13 6.596998e-05
1727 3.815524e-13 6.574601e-05
1728 3.769052e-13 6.552284e-05
1729 3.722581e-13 6.530048e-05
1730 3.676109e-13 6.507892e-05
1731 3.629637e-13 6.485816e-05
1732 3.583165e-13 6.463821e-05
1733 3.536694e-13 6.441907e-05
1734 3.490222e-13 6.420073e-05
1735 3.433836e-13 6.398320e-05
1736 3.367536e-13 6.376648e-05
1737 3.301236e-13 6.355056e-05
1738 3.234936e-13 6.333546e-05
1739 3.168637e-13 6.312116e-05
1740 3.102337e-13 6.290767e-05
1741 3.036037e-13 6.269500e-05
1742 2.969737e-13 6.248314e-05
1743 2.903437e-13 6.227208e-05
1744 2.837137e-13 6.206185e-05
1745 2.761032e-13 6.185242e-05
1746 2.675121e-13 6.164381e-05
1747 2.589211e-13 6.143601e-05
1748 2.503300e-13 6.122902e-05
1749 2.417390e-13 6.102286e-05
1750 2.331479e-13 6.081750e-05
1751 2.245569e-13 6.061296e-05
1752 2.159658e-13 6.040924e-05
1753 2.073747e-13 6.020634e-05
1754 1.987837e-13 6.000425e-05
1755 1.892246e-13 5.980297e-05
1756 1.786976e-13 5.960252e-05
1757 1.681705e-13 5.940288e-05
1758 1.576434e-13 5.920407e-05
1759 1.471164e-13 5.900606e-05
1760 1.365893e-13 5.880888e-05
1761 1.260622e-13 5.861252e-05
1762 1.155352e-13 5.841698e-05
1763 1.050081e-13 5.822225e-05
1764 9.448102e-14 5.802835e-05
1765 8.419133e-14 5.783526e-05
1766 7.413904e-14 5.764299e-05
1767 6.408674e-14 5.745155e-05
1768 5.403444e-14 5.726092e-05
1769 4.398214e-14 5.707111e-05
1770 3.392984e-14 5.688213e-05
1771 2.387754e-14 5.669396e-05
1772 1.382525e-14 5.650661e-05
1773 3.772947e-15 5.632009e-05
1774 -6.279352e-15 5.613438e-05
1775 -1.476671e-14 5.594949e-05
1776 -2.168914e-14 5.576543e-05
1777 -2.861157e-14 5.558218e-05
1778 -3.553400e-14 5.539976e-05
1779 -4.245642e-14 5.521815e-05
1780 -4.937885e-14 5.503736e-05
1781 -5.630128e-14 5.485740e-05
1782 -6.322370e-14 5.467825e-05
1783 -7.014613e-14 5.449992e-05
1784 -7.706856e-14 5.432241e-05
1785 -8.333938e-14 5.414572e-05
1786 -8.895860e-14 5.396985e-05
1787 -9.457782e-14 5.379480e-05
1788 -1.001970e-13 5.362057e-05
1789 -1.058163e-13 5.344716e-05
1790 -1.114355e-13 5.327456e-05
1791 -1.170547e-13 5.310278e-05
1792 -1.226739e-13 5.293182e-05
1793 -1.282931e-13 5.276167e-05
1794 -1.339124e-13 5.259235e-05
1795 -1.391899e-13 5.242384e-05
1796 -1.441257e-13 5.225614e-05
1797 -1.490616e-13 5.208926e-05
1798 -1.539974e-13 5.192320e-05
1799 -1.589332e-13 5.175795e-05
1800 -1.638691e-13 5.159351e-05
1801 -1.688049e-13 5.142989e-05
1802 -1.737408e-13 5.126709e-05
1803 -1.786766e-13 5.110509e-05
1804 -1.836124e-13 5.094391e-05
1805 -1.883720e-13 5.078354e-05
1806 -1.929554e-13 5.062399e-05
1807 -1.975387e-13 5.046524e-05
1808 -2.021220e-13 5.030731e-05
1809 -2.067054e-13 5.015018e-05
1810 -2.112887e-13 4.999386e-05
1811 -2.158720e-13 4.983836e-05
1812 -2.204554e-13 4.968366e-05
1813 -2.250387e-13 4.952977e-05
1814 -2.296220e-13 4.937668e-05
1815 -2.341147e-13 4.922441e-05
1816 -2.385169e-13 4.907293e-05
1817 -2.429190e-13 4.892227e-05
1818 -2.473211e-13 4.877240e-05
1819 -2.517232e-13 4.862335e-05
1820 -2.561253e-13 4.847509e-05
1821 -2.605274e-13 4.832763e-05
1822 -2.649295e-13 4.818098e-05
1823 -2.693316e-13 4.803513e-05
1824 -2.737337e-13 4.789008e-05
1825 -2.781230e-13 4.774582e-05
1826 -2.824994e-13 4.760237e-05
1827 -2.868758e-13 4.745971e-05
1828 -2.912523e-13 4.731785e-05
1829 -2.956287e-13 4.717678e-05
1830 -3.000051e-13 4.703651e-05
1831 -3.043815e-13 4.689703e-05
1832 -3.087579e-13 4.675835e-05
1833 -3.131344e-13 4.662046e-05
1834 -3.175108e-13 4.648335e-05
1835 -3.219148e-13 4.634704e-05
1836 -3.263465e-13 4.621152e-05
1837 -3.307782e-13 4.607678e-05
1838 -3.352099e-13 4.594284e-05
1839 -3.396416e-13 4.580968e-05
1840 -3.440733e-13 4.567730e-05
1841 -3.485050e-13 4.554571e-05
1842 -3.529367e-13 4.541490e-05
1843 -3.573684e-13 4.528487e-05
1844 -3.618001e-13 4.515562e-05
1845 -3.662796e-13 4.502716e-05
1846 -3.708068e-13 4.489947e-05
1847 -3.753339e-13 4.477256e-05
1848 -3.798611e-13 4.464642e-05
1849 -3.843883e-13 4.452106e-05
1850 -3.889155e-13 4.439648e-05
1851 -3.934427e-13 4.427267e-05
1852 -3.979699e-13 4.414963e-05
1853 -4.024971e-13 4.402735e-05
1854 -4.070243e-13 4.390585e-05
1855 -4.116299e-13 4.378512e-05
1856 -4.163138e-13 4.366515e-05
1857 -4.209978e-13 4.354595e-05
1858 -4.256818e-13 4.342751e-05
1859 -4.303658e-13 4.330984e-05
1860 -4.350498e-13 4.319293e-05
1861 -4.397338e-13 4.307677e-05
1862 -4.444177e-13 4.296138e-05
1863 -4.491017e-13 4.284674e-05
1864 -4.537857e-13 4.273286e-05
1865 -4.584997e-13 4.261973e-05
1866 -4.632436e-13 4.250736e-05
1867 -4.679876e-13 4.239574e-05
1868 -4.727315e-13 4.228487e-05
1869 -4.774755e-13 4.217475e-05
1870 -4.822195e-13 4.206537e-05
1871 -4.869634e-13 4.195675e-05
1872 -4.917074e-13 4.184886e-05
1873 -4.964514e-13 4.174172e-05
1874 -5.011953e-13 4.163532e-05
1875 -5.059380e-13 4.152966e-05
1876 -5.106793e-13 4.142475e-05
1877 -5.154206e-13 4.132056e-05
1878 -5.201620e-13 4.121711e-05
1879 -5.249033e-13 4.111440e-05
1880 -5.296447e-13 4.101242e-05
1881 -5.343860e-13 4.091117e-05
1882 -5.391273e-13 4.081065e-05
1883 -5.438687e-13 4.071085e-05
1884 -5.486100e-13 4.061179e-05
1885 -5.533179e-13 4.051344e-05
1886 -5.579924e-13 4.041582e-05
1887 -5.626669e-13 4.031892e-05
1888 -5.673414e-13 4.022274e-05
1889 -5.720159e-13 4.012727e-05
1890 -5.766903e-13 4.003253e-05
1891 -5.813648e-13 3.993849e-05
1892 -5.860393e-13 3.984517e-05
1893 -5.907138e-13 3.975256e-05
1894 -5.953883e-13 3.966066e-05
1895 -5.999096e-13 3.956946e-05
1896 -6.042778e-13 3.947897e-05
1897 -6.086460e-13 3.938918e-05
1898 -6.130142e-13 3.930010e-05
1899 -6.173824e-13 3.921171e-05
1900 -6.217506e-13 3.912402e-05
1901 -6.261188e-13 3.903703e-05
1902 -6.304870e-13 3.895073e-05
1903 -6.348552e-13 3.886513e-05
1904 -6.392234e-13 3.878021e-05
1905 -6.434410e-13 3.869598e-05
1906 -6.475081e-13 3.861244e-05
1907 -6.515752e-13 3.852959e-05
1908 -6.556423e-13 3.844742e-05
1909 -6.597093e-13 3.836592e-05
1910 -6.637764e-13 3.828511e-05
1911 -6.678435e-13 3.820497e-05
1912 -6.719106e-13 3.812551e-05
1913 -6.759777e-13 3.804672e-05
1914 -6.800448e-13 3.796860e-05
1915 -6.838468e-13 3.789115e-05
1916 -6.873837e-13 3.781437e-05
1917 -6.909206e-13 3.773825e-05
1918 -6.944576e-13 3.766280e-05
1919 -6.979945e-13 3.758800e-05
1920 -7.015314e-13 3.751386e-05
1921 -7.050684e-13 3.744038e-05
1922 -7.086053e-13 3.736756e-05
1923 -7.121422e-13 3.729538e-05
1924 -7.156792e-13 3.722386e-05
1925 -7.188908e-13 3.715298e-05
1926 -7.217771e-13 3.708275e-05
1927 -7.246635e-13 3.701316e-05
1928 -7.275499e-13 3.694422e-05
1929 -7.304362e-13 3.687591e-05
1930 -7.333226e-13 3.680824e-05
1931 -7.362089e-13 3.674120e-05
1932 -7.390953e-13 3.667480e-05
1933 -7.419816e-13 3.660903e-05
1934 -7.448680e-13 3.654388e-05
1935 -7.474645e-13 3.647936e-05
1936 -7.497712e-13 3.641547e-05
1937 -7.520779e-13 3.635219e-05
1938 -7.543846e-13 3.628954e-05
1939 -7.566913e-13 3.622750e-05
1940 -7.589980e-13 3.616607e-05
1941 -7.613047e-13 3.610526e-05
1942 -7.636114e-13 3.604505e-05
1943 -7.659181e-13 3.598546e-05
1944 -7.682248e-13 3.592647e-05
1945 -7.701407e-13 3.586808e-05
1946 -7.716659e-13 3.581029e-05
1947 -7.731911e-13 3.575310e-05
1948 -7.747162e-13 3.569650e-05
1949 -7.762414e-13 3.564050e-05
1950 -7.777666e-13 3.558508e-05
1951 -7.792918e-13 3.553026e-05
1952 -7.808170e-13 3.547602e-05
1953 -7.823422e-13 3.542236e-05
1954 -7.838673e-13 3.536929e-05
1955 -7.851022e-13 3.531679e-05
1956 -7.860466e-13 3.526487e-05
1957 -7.869911e-13 3.521352e-05
1958 -7.879356e-13 3.516274e-05
1959 -7.888801e-13 3.511253e-05
1960 -7.898245e-13 3.506288e-05
1961 -7.907690e-13 3.501380e-05
1962 -7.917135e-13 3.496528e-05
1963 -7.926580e-13 3.491732e-05
1964 -7.936024e-13 3.486991e-05
1965 -7.941890e-13 3.482305e-05
1966 -7.944177e-13 3.477675e-05
1967 -7.946464e-13 3.473099e-05
1968 -7.948751e-13 3.468578e-05
1969 -7.951038e-13 3.464111e-05
1970 -7.953325e-13 3.459698e-05
1971 -7.955612e-13 3.455338e-05
1972 -7.957898e-13 3.451032e-05
1973 -7.960185e-13 3.446779e-05
1974 -7.962472e-13 3.442580e-05
1975 -7.962088e-13 3.438432e-05
1976 -7.959033e-13 3.434337e-05
1977 -7.955978e-13 3.430295e-05
1978 -7.952922e-13 3.426303e-05
1979 -7.949867e-13 3.422364e-05
1980 -7.946812e-13 3.418476e-05
1981 -7.943756e-13 3.414639e-05
1982 -7.940701e-13 3.410852e-05
1983 -7.937646e-13 3.407116e-05
1984 -7.934590e-13 3.403430e-05
1985 -7.966993e-13 3.399794e-05
1986 -8.034852e-13 3.396208e-05
1987 -8.102712e-13 3.392670e-05
1988 -8.170572e-13 3.389182e-05
1989 -8.238431e-13 3.385743e-05
1990 -8.306291e-13 3.382352e-05
1991 -8.374150e-13 3.379010e-05
1992 -8.442010e-13 3.375715e-05
1993 -8.509870e-13 3.372468e-05
1994 -8.577729e-13 3.369268e-05
1995 -8.645589e-13 3.366115e-05
1996 -8.645589e-13 3.363009e-05
1997 -8.645589e-13 3.359950e-05
1998 -8.645589e-13 3.356936e-05
1999 -8.645589e-13 3.353969e-05
2000 -8.645589e-13 3.351047e-05
2001 -8.645589e-13 3.348170e-05
