0 0.000000e+00 2.548827e-07
1 0.000000e+00 2.548827e-07
2 0.000000e+00 2.548827e-07
3 0.000000e+00 2.747804e-07
4 0.000000e+00 3.766703e-07
5 0.000000e+00 5.437798e-07
6 0.000000e+00 7.612563e-07
7 0.000000e+00 1.016068e-06
8 0.000000e+00 1.296905e-06
9 0.000000e+00 1.594080e-06
10 0.000000e+00 1.899428e-06
11 0.000000e+00 2.206208e-06
12 0.000000e+00 2.509005e-06
13 0.000000e+00 2.803629e-06
14 0.000000e+00 3.087014e-06
15 0.000000e+00 3.357123e-06
16 0.000000e+00 3.612846e-06
17 0.000000e+00 3.853901e-06
18 0.000000e+00 4.080735e-06
19 0.000000e+00 4.294426e-06
20 0.000000e+00 4.496580e-06
21 0.000000e+00 4.689237e-06
22 0.000000e+00 4.874767e-06
23 0.000000e+00 5.055774e-06
24 0.000000e+00 5.234994e-06
25 0.000000e+00 5.415200e-06
26 0.000000e+00 5.599096e-06
27 0.000000e+00 5.789225e-06
28 0.000000e+00 5.987865e-06
29 0.000000e+00 6.196931e-06
30 0.000000e+00 6.417876e-06
31 0.000000e+00 6.651592e-06
32 0.000000e+00 6.898310e-06
33 0.000000e+00 7.157505e-06
34 0.000000e+00 7.427853e-06
35 0.000000e+00 7.707354e-06
36 0.000000e+00 7.993498e-06
37 0.000000e+00 8.283445e-06
38 0.000000e+00 8.574202e-06
39 0.000000e+00 8.862796e-06
40 0.000000e+00 9.146450e-06
41 0.000000e+00 9.422766e-06
42 0.000000e+00 9.689890e-06
43 0.000000e+00 9.946695e-06
44 0.000000e+00 1.019288e-05
45 0.000000e+00 1.042891e-05
46 0.000000e+00 1.065587e-05
47 0.000000e+00 1.087532e-05
48 0.000000e+00 1.108917e-05
49 0.000000e+00 1.129954e-05
50 0.000000e+00 1.150859e-05
51 0.000000e+00 1.171844e-05
52 0.000000e+00 1.193095e-05
53 0.000000e+00 1.214767e-05
54 0.000000e+00 1.236967e-05
55 0.000000e+00 1.259760e-05
56 0.000000e+00 1.283174e-05
57 0.000000e+00 1.307208e-05
58 0.000000e+00 1.331835e-05
59 0.000000e+00 1.357013e-05
60 0.000000e+00 1.382686e-05
61 0.000000e+00 1.408796e-05
62 0.000000e+00 1.435287e-05
63 0.000000e+00 1.462108e-05
64 0.000000e+00 1.489223e-05
65 0.000000e+00 1.516610e-05
66 0.000000e+00 1.544252e-05
67 0.000000e+00 1.572142e-05
68 0.000000e+00 1.600278e-05
69 0.000000e+00 1.628659e-05
70 0.000000e+00 1.657282e-05
71 0.000000e+00 1.686144e-05
72 0.000000e+00 1.715235e-05
73 0.000000e+00 1.744536e-05
74 0.000000e+00 1.774019e-05
75 0.000000e+00 1.803650e-05
76 0.000000e+00 1.833389e-05
77 0.000000e+00 1.863195e-05
78 0.000000e+00 1.893029e-05
79 0.000000e+00 1.922855e-05
80 0.000000e+00 1.952649e-05
81 0.000000e+00 1.982393e-05
82 0.000000e+00 2.012086e-05
83 0.000000e+00 2.041744e-05
84 0.000000e+00 2.071400e-05
85 0.000000e+00 2.101105e-05
86 0.000000e+00 2.130919e-05
87 0.000000e+00 2.160911e-05
88 0.000000e+00 2.191151e-05
89 0.000000e+00 2.221708e-05
90 0.000000e+00 2.252644e-05
91 0.000000e+00 2.284012e-05
92 0.000000e+00 2.315848e-05
93 0.000000e+00 2.348169e-05
94 0.000000e+00 2.380971e-05
95 0.000000e+00 2.414228e-05
96 0.000000e+00 2.447898e-05
97 0.000000e+00 2.481924e-05
98 0.000000e+00 2.516241e-05
99 0.000000e+00 2.550776e-05
100 0.000000e+00 2.585452e-05
101 0.000000e+00 2.620192e-05
102 0.000000e+00 2.654925e-05
103 0.000000e+00 2.689585e-05
104 0.000000e+00 2.724114e-05
105 0.000000e+00 2.758468e-05
106 0.000000e+00 2.792608e-05
107 0.000000e+00 2.826507e-05
108 0.000000e+00 2.860145e-05
109 0.000000e+00 2.893509e-05
110 0.000000e+00 2.926595e-05
111 0.000000e+00 2.959405e-05
112 0.000000e+00 2.991947e-05
113 0.000000e+00 3.024234e-05
114 0.000000e+00 3.056286e-05
115 0.000000e+00 3.088127e-05
116 0.000000e+00 3.119784e-05
117 0.000000e+00 3.151288e-05
118 0.000000e+00 3.182674e-05
119 0.000000e+00 3.213979e-05
120 0.000000e+00 3.245242e-05
121 0.000000e+00 3.276504e-05
122 0.000000e+00 3.307805e-05
123 0.000000e+00 3.339188e-05
124 0.000000e+00 3.370696e-05
125 0.000000e+00 3.402368e-05
126 0.000000e+00 3.434246e-05
127 0.000000e+00 3.466367e-05
128 0.000000e+00 3.498768e-05
129 0.000000e+00 3.531484e-05
130 0.000000e+00 3.564543e-05
131 0.000000e+00 3.597973e-05
132 0.000000e+00 3.631797e-05
133 0.000000e+00 3.666031e-05
134 0.000000e+00 3.700689e-05
135 0.000000e+00 3.735778e-05
136 0.000000e+00 3.771300e-05
137 0.000000e+00 3.807254e-05
138 0.000000e+00 3.843635e-05
139 0.000000e+00 3.880431e-05
140 0.000000e+00 3.917630e-05
141 0.000000e+00 3.955215e-05
142 0.000000e+00 3.993166e-05
143 0.000000e+00 4.031460e-05
144 0.000000e+00 4.070073e-05
145 0.000000e+00 4.108976e-05
146 0.000000e+00 4.148141e-05
147 0.000000e+00 4.187536e-05
148 0.000000e+00 4.227130e-05
149 0.000000e+00 4.266889e-05
150 0.000000e+00 4.306778e-05
151 0.000000e+00 4.346763e-05
152 0.000000e+00 4.386809e-05
153 0.000000e+00 4.426881e-05
154 0.000000e+00 4.466944e-05
155 0.000000e+00 4.506964e-05
156 0.000000e+00 4.546909e-05
157 0.000000e+00 4.586745e-05
158 0.000000e+00 4.626443e-05
159 0.000000e+00 4.665974e-05
160 0.000000e+00 4.705311e-05
161 0.000000e+00 4.744429e-05
162 0.000000e+00 4.783306e-05
163 0.000000e+00 4.821923e-05
164 0.000000e+00 4.860265e-05
165 0.000000e+00 4.898318e-05
166 0.000000e+00 4.936072e-05
167 0.000000e+00 4.973519e-05
168 0.000000e+00 5.010654e-05
169 0.000000e+00 5.047475e-05
170 0.000000e+00 5.083980e-05
171 0.000000e+00 5.120172e-05
172 0.000000e+00 5.156054e-05
173 0.000000e+00 5.191632e-05
174 0.000000e+00 5.226911e-05
175 0.000000e+00 5.261901e-05
176 0.000000e+00 5.296611e-05
177 0.000000e+00 5.331052e-05
178 0.000000e+00 5.365235e-05
179 0.000000e+00 5.399173e-05
180 0.000000e+00 5.432880e-05
181 0.000000e+00 5.466368e-05
182 0.000000e+00 5.499653e-05
183 0.000000e+00 5.532749e-05
184 0.000000e+00 5.565669e-05
185 0.000000e+00 5.598429e-05
186 0.000000e+00 5.631042e-05
187 0.000000e+00 5.663523e-05
188 0.000000e+00 5.695884e-05
189 0.000000e+00 5.728139e-05
190 0.000000e+00 5.760298e-05
191 0.000000e+00 5.792372e-05
192 0.000000e+00 5.824372e-05
193 0.000000e+00 5.856304e-05
194 0.000000e+00 5.888177e-05
195 0.000000e+00 5.919994e-05
196 0.000000e+00 5.951762e-05
197 0.000000e+00 5.983481e-05
198 0.000000e+00 6.015155e-05
199 0.000000e+00 6.046782e-05
200 0.000000e+00 6.078364e-05
201 0.000000e+00 6.109898e-05
202 0.000000e+00 6.141382e-05
203 0.000000e+00 6.172813e-05
204 0.000000e+00 6.204186e-05
205 0.000000e+00 6.235497e-05
206 0.000000e+00 6.266740e-05
207 0.000000e+00 6.297909e-05
208 0.000000e+00 6.328998e-05
209 0.000000e+00 6.359999e-05
210 0.000000e+00 6.390906e-05
211 0.000000e+00 6.421710e-05
212 0.000000e+00 6.452404e-05
213 0.000000e+00 6.482979e-05
214 0.000000e+00 6.513427e-05
215 0.000000e+00 6.543740e-05
216 0.000000e+00 6.573909e-05
217 0.000000e+00 6.603927e-05
218 0.000000e+00 6.633785e-05
219 0.000000e+00 6.663475e-05
220 0.000000e+00 6.692991e-05
221 0.000000e+00 6.722323e-05
222 0.000000e+00 6.751467e-05
223 0.000000e+00 6.780416e-05
224 0.000000e+00 6.809163e-05
225 0.000000e+00 6.837704e-05
226 0.000000e+00 6.866034e-05
227 0.000000e+00 6.894149e-05
228 0.000000e+00 6.922045e-05
229 0.000000e+00 6.949720e-05
230 0.000000e+00 6.977169e-05
231 0.000000e+00 7.004392e-05
232 0.000000e+00 7.031387e-05
233 0.000000e+00 7.058152e-05
234 0.000000e+00 7.084686e-05
235 0.000000e+00 7.110989e-05
236 0.000000e+00 7.137060e-05
237 0.000000e+00 7.162901e-05
238 0.000000e+00 7.188512e-05
239 0.000000e+00 7.213894e-05
240 0.000000e+00 7.239049e-05
241 0.000000e+00 7.263977e-05
242 0.000000e+00 7.288682e-05
243 0.000000e+00 7.313165e-05
244 0.000000e+00 7.337430e-05
245 0.000000e+00 7.361480e-05
246 0.000000e+00 7.385317e-05
247 0.000000e+00 7.408945e-05
248 0.000000e+00 7.432369e-05
249 0.000000e+00 7.455592e-05
250 0.000000e+00 7.478618e-05
251 0.000000e+00 7.501452e-05
252 0.000000e+00 7.524098e-05
253 0.000000e+00 7.546562e-05
254 0.000000e+00 7.568848e-05
255 0.000000e+00 7.590962e-05
256 0.000000e+00 7.612909e-05
257 0.000000e+00 7.634694e-05
258 0.000000e+00 7.656323e-05
259 0.000000e+00 7.677801e-05
260 0.000000e+00 7.699134e-05
261 0.000000e+00 7.720327e-05
262 0.000000e+00 7.741387e-05
263 0.000000e+00 7.762317e-05
264 0.000000e+00 7.783125e-05
265 0.000000e+00 7.803814e-05
266 0.000000e+00 7.824391e-05
267 0.000000e+00 7.844861e-05
268 0.000000e+00 7.865227e-05
269 0.000000e+00 7.885495e-05
270 0.000000e+00 7.905670e-05
271 0.000000e+00 7.925754e-05
272 0.000000e+00 7.945754e-05
273 0.000000e+00 7.965671e-05
274 0.000000e+00 7.985509e-05
275 0.000000e+00 8.005272e-05
276 0.000000e+00 8.024962e-05
277 0.000000e+00 8.044580e-05
278 0.000000e+00 8.064129e-05
279 0.000000e+00 8.083610e-05
280 0.000000e+00 8.103024e-05
281 0.000000e+00 8.122371e-05
282 0.000000e+00 8.141652e-05
283 0.000000e+00 8.160864e-05
284 0.000000e+00 8.180008e-05
285 0.000000e+00 8.199080e-05
286 0.000000e+00 8.218080e-05
287 0.000000e+00 8.237004e-05
288 0.000000e+00 8.255849e-05
289 0.000000e+00 8.274611e-05
290 0.000000e+00 8.293288e-05
291 0.000000e+00 8.311875e-05
292 0.000000e+00 8.330367e-05
293 0.000000e+00 8.348761e-05
294 0.000000e+00 8.367053e-05
295 0.000000e+00 8.385237e-05
296 0.000000e+00 8.403310e-05
297 0.000000e+00 8.421266e-05
298 0.000000e+00 8.439102e-05
299 0.000000e+00 8.456813e-05
300 3.308337e-15 8.474396e-05
301 3.308337e-15 8.491847e-05
302 3.308337e-15 8.509162e-05
303 3.308337e-15 8.526337e-05
304 3.308337e-15 8.543371e-05
305 3.310039e-15 8.560261e-05
306 3.313443e-15 8.577005e-05
307 3.316847e-15 8.593602e-05
308 3.320251e-15 8.610050e-05
309 3.323655e-15 8.626350e-05
310 3.327059e-15 8.642502e-05
311 3.330463e-15 8.658507e-05
312 3.333867e-15 8.674367e-05
313 3.337271e-15 8.690084e-05
314 3.340675e-15 8.705663e-05
315 3.343748e-15 8.721108e-05
316 3.346490e-15 8.736423e-05
317 3.349233e-15 8.751615e-05
318 3.351975e-15 8.766689e-05
319 3.354717e-15 8.781652e-05
320 3.357460e-15 8.796512e-05
321 3.360202e-15 8.811277e-05
322 3.362945e-15 8.825955e-05
323 3.365687e-15 8.840554e-05
324 3.368429e-15 8.855083e-05
325 3.371007e-15 8.869551e-05
326 3.373421e-15 8.883967e-05
327 3.375834e-15 8.898340e-05
328 3.378248e-15 8.912680e-05
329 3.380661e-15 8.926996e-05
330 3.383074e-15 8.941297e-05
331 3.385488e-15 8.955591e-05
332 3.387901e-15 8.969888e-05
333 3.390315e-15 8.984196e-05
334 3.392728e-15 8.998524e-05
335 3.394729e-15 9.012879e-05
336 3.396319e-15 9.027268e-05
337 3.397908e-15 9.041699e-05
338 3.399497e-15 9.056177e-05
339 3.401086e-15 9.070710e-05
340 3.402675e-15 9.085300e-05
341 3.404264e-15 9.099954e-05
342 3.405854e-15 9.114674e-05
343 3.407443e-15 9.129464e-05
344 3.409032e-15 9.144324e-05
345 3.410280e-15 9.159257e-05
346 3.411187e-15 9.174262e-05
347 3.412093e-15 9.189339e-05
348 3.413000e-15 9.204487e-05
349 3.413907e-15 9.219703e-05
350 3.414814e-15 9.234985e-05
351 3.415720e-15 9.250331e-05
352 3.416627e-15 9.265737e-05
353 3.417534e-15 9.281198e-05
354 3.418440e-15 9.296711e-05
355 3.419100e-15 9.312270e-05
356 3.419514e-15 9.327872e-05
357 3.419927e-15 9.343510e-05
358 3.420341e-15 9.359180e-05
359 3.420754e-15 9.374876e-05
360 3.421168e-15 9.390592e-05
361 3.421581e-15 9.406323e-05
362 3.421995e-15 9.422063e-05
363 3.422408e-15 9.437807e-05
364 3.422822e-15 9.453549e-05
365 3.422835e-15 9.469284e-05
366 3.422447e-15 9.485008e-05
367 3.422060e-15 9.500715e-05
368 3.421672e-15 9.516402e-05
369 3.421284e-15 9.532063e-05
370 3.420897e-15 9.547697e-05
371 3.420509e-15 9.563299e-05
372 3.420122e-15 9.578867e-05
373 3.419734e-15 9.594399e-05
374 3.419346e-15 9.609895e-05
375 3.418902e-15 9.625352e-05
376 3.418400e-15 9.640772e-05
377 3.417898e-15 9.656154e-05
378 3.417396e-15 9.671499e-05
379 3.416894e-15 9.686809e-05
380 3.416393e-15 9.702085e-05
381 3.415891e-15 9.717329e-05
382 3.415389e-15 9.732543e-05
383 3.414887e-15 9.747730e-05
384 3.414386e-15 9.762892e-05
385 3.413310e-15 9.778033e-05
386 3.411662e-15 9.793155e-05
387 3.410013e-15 9.808261e-05
388 3.408364e-15 9.823355e-05
389 3.406715e-15 9.838440e-05
390 3.405066e-15 9.853519e-05
391 3.403418e-15 9.868594e-05
392 3.401769e-15 9.883669e-05
393 3.400120e-15 9.898746e-05
394 3.398471e-15 9.913828e-05
395 3.396384e-15 9.928916e-05
396 3.393859e-15 9.944013e-05
397 3.391333e-15 9.959121e-05
398 3.388807e-15 9.974240e-05
399 3.386282e-15 9.989371e-05
400 3.383756e-15 1.000451e-04
401 3.381230e-15 1.001967e-04
402 3.378705e-15 1.003484e-04
403 3.376179e-15 1.005001e-04
404 3.373654e-15 1.006520e-04
405 3.370958e-15 1.008039e-04
406 3.368093e-15 1.009558e-04
407 3.365228e-15 1.011076e-04
408 3.362363e-15 1.012595e-04
409 3.359498e-15 1.014112e-04
410 3.356633e-15 1.015627e-04
411 3.353768e-15 1.017140e-04
412 3.350903e-15 1.018651e-04
413 3.348038e-15 1.020158e-04
414 3.345173e-15 1.021661e-04
415 3.341717e-15 1.023159e-04
416 3.337669e-15 1.024652e-04
417 3.333622e-15 1.026138e-04
418 3.329574e-15 1.027618e-04
419 3.325527e-15 1.029090e-04
420 3.321479e-15 1.030554e-04
421 3.317432e-15 1.032009e-04
422 3.313384e-15 1.033454e-04
423 3.309337e-15 1.034889e-04
424 3.305289e-15 1.036312e-04
425 3.301017e-15 1.037723e-04
426 3.296520e-15 1.039122e-04
427 3.292023e-15 1.040507e-04
428 3.287525e-15 1.041878e-04
429 3.283028e-15 1.043235e-04
430 3.278531e-15 1.044577e-04
431 3.274034e-15 1.045903e-04
432 3.269537e-15 1.047213e-04
433 3.265040e-15 1.048507e-04
434 3.260543e-15 1.049783e-04
435 3.255479e-15 1.051042e-04
436 3.249849e-15 1.052283e-04
437 3.244219e-15 1.053506e-04
438 3.238588e-15 1.054712e-04
439 3.232958e-15 1.055898e-04
440 3.227328e-15 1.057066e-04
441 3.221698e-15 1.058216e-04
442 3.216068e-15 1.059346e-04
443 3.210438e-15 1.060458e-04
444 3.204807e-15 1.061551e-04
445 3.198730e-15 1.062625e-04
446 3.192204e-15 1.063679e-04
447 3.185678e-15 1.064715e-04
448 3.179153e-15 1.065732e-04
449 3.172627e-15 1.066730e-04
450 3.166101e-15 1.067709e-04
451 3.159576e-15 1.068670e-04
452 3.153050e-15 1.069611e-04
453 3.146524e-15 1.070535e-04
454 3.139999e-15 1.071439e-04
455 3.133067e-15 1.072325e-04
456 3.125731e-15 1.073193e-04
457 3.118394e-15 1.074042e-04
458 3.111057e-15 1.074874e-04
459 3.103720e-15 1.075687e-04
460 3.096383e-15 1.076482e-04
461 3.089046e-15 1.077259e-04
462 3.081709e-15 1.078018e-04
463 3.074372e-15 1.078759e-04
464 3.067035e-15 1.079482e-04
465 3.059185e-15 1.080187e-04
466 3.050821e-15 1.080873e-04
467 3.042457e-15 1.081542e-04
468 3.034093e-15 1.082193e-04
469 3.025728e-15 1.082825e-04
470 3.017364e-15 1.083439e-04
471 3.009000e-15 1.084035e-04
472 3.000636e-15 1.084612e-04
473 2.992272e-15 1.085170e-04
474 2.983908e-15 1.085710e-04
475 2.975207e-15 1.086230e-04
476 2.966170e-15 1.086732e-04
477 2.957133e-15 1.087215e-04
478 2.948096e-15 1.087679e-04
479 2.939059e-15 1.088123e-04
480 2.930022e-15 1.088548e-04
481 2.920985e-15 1.088954e-04
482 2.911948e-15 1.089340e-04
483 2.902911e-15 1.089707e-04
484 2.893874e-15 1.090055e-04
485 2.884319e-15 1.090382e-04
486 2.874247e-15 1.090691e-04
487 2.864175e-15 1.090979e-04
488 2.854102e-15 1.091249e-04
489 2.844030e-15 1.091498e-04
490 2.833957e-15 1.091729e-04
491 2.823885e-15 1.091940e-04
492 2.813813e-15 1.092132e-04
493 2.803740e-15 1.092305e-04
494 2.793668e-15 1.092460e-04
495 2.783217e-15 1.092596e-04
496 2.772389e-15 1.092714e-04
497 2.761560e-15 1.092814e-04
498 2.750731e-15 1.092896e-04
499 2.739903e-15 1.092961e-04
500 2.729074e-15 1.093008e-04
501 2.718245e-15 1.093040e-04
502 2.707417e-15 1.093054e-04
503 2.696588e-15 1.093053e-04
504 2.685759e-15 1.093037e-04
505 2.674548e-15 1.093005e-04
506 2.662954e-15 1.092959e-04
507 2.651360e-15 1.092899e-04
508 2.639766e-15 1.092824e-04
509 2.628172e-15 1.092736e-04
510 2.616579e-15 1.092636e-04
511 2.604985e-15 1.092522e-04
512 2.593391e-15 1.092396e-04
513 2.581797e-15 1.092259e-04
514 2.570203e-15 1.092110e-04
515 2.558224e-15 1.091949e-04
516 2.545859e-15 1.091779e-04
517 2.533494e-15 1.091597e-04
518 2.521130e-15 1.091406e-04
519 2.508765e-15 1.091204e-04
520 2.496400e-15 1.090994e-04
521 2.484035e-15 1.090774e-04
522 2.471671e-15 1.090544e-04
523 2.459306e-15 1.090306e-04
524 2.446941e-15 1.090059e-04
525 2.434697e-15 1.089804e-04
526 2.422573e-15 1.089540e-04
527 2.410450e-15 1.089268e-04
528 2.398326e-15 1.088987e-04
529 2.386202e-15 1.088698e-04
530 2.374078e-15 1.088401e-04
531 2.361955e-15 1.088095e-04
532 2.349831e-15 1.087781e-04
533 2.337707e-15 1.087458e-04
534 2.325583e-15 1.087127e-04
535 2.315078e-15 1.086787e-04
536 2.306192e-15 1.086438e-04
537 2.297306e-15 1.086081e-04
538 2.288420e-15 1.085715e-04
539 2.279534e-15 1.085339e-04
540 2.270648e-15 1.084955e-04
541 2.261762e-15 1.084561e-04
542 2.252876e-15 1.084158e-04
543 2.243990e-15 1.083745e-04
544 2.235104e-15 1.083322e-04
545 2.227083e-15 1.082890e-04
546 2.219926e-15 1.082448e-04
547 2.212769e-15 1.081996e-04
548 2.205612e-15 1.081533e-04
549 2.198455e-15 1.081060e-04
550 2.191298e-15 1.080577e-04
551 2.184141e-15 1.080084e-04
552 2.176985e-15 1.079580e-04
553 2.169828e-15 1.079066e-04
554 2.162671e-15 1.078541e-04
555 2.156139e-15 1.078005e-04
556 2.150233e-15 1.077459e-04
557 2.144327e-15 1.076902e-04
558 2.138421e-15 1.076335e-04
559 2.132516e-15 1.075758e-04
560 2.126610e-15 1.075170e-04
561 2.120704e-15 1.074572e-04
562 2.114798e-15 1.073964e-04
563 2.108892e-15 1.073346e-04
564 2.102986e-15 1.072717e-04
565 2.097474e-15 1.072080e-04
566 2.092355e-15 1.071432e-04
567 2.087237e-15 1.070775e-04
568 2.082119e-15 1.070110e-04
569 2.077000e-15 1.069435e-04
570 2.071882e-15 1.068751e-04
571 2.066764e-15 1.068059e-04
572 2.061645e-15 1.067358e-04
573 2.056527e-15 1.066649e-04
574 2.051409e-15 1.065933e-04
575 2.046702e-15 1.065209e-04
576 2.042408e-15 1.064478e-04
577 2.038113e-15 1.063740e-04
578 2.033818e-15 1.062996e-04
579 2.029524e-15 1.062245e-04
580 2.025229e-15 1.061488e-04
581 2.020935e-15 1.060726e-04
582 2.016640e-15 1.059958e-04
583 2.012345e-15 1.059186e-04
584 2.008051e-15 1.058409e-04
585 2.004118e-15 1.057628e-04
586 2.000546e-15 1.056843e-04
587 1.996974e-15 1.056055e-04
588 1.993403e-15 1.055264e-04
589 1.989831e-15 1.054471e-04
590 1.986259e-15 1.053675e-04
591 1.982688e-15 1.052878e-04
592 1.979116e-15 1.052079e-04
593 1.975545e-15 1.051280e-04
594 1.971973e-15 1.050481e-04
595 1.968644e-15 1.049681e-04
596 1.965557e-15 1.048882e-04
597 1.962470e-15 1.048084e-04
598 1.959383e-15 1.047288e-04
599 1.956296e-15 1.046493e-04
600 1.953210e-15 1.045701e-04
601 1.950123e-15 1.044912e-04
602 1.947036e-15 1.044126e-04
603 1.943949e-15 1.043344e-04
604 1.940862e-15 1.042566e-04
605 1.938055e-15 1.041793e-04
606 1.935528e-15 1.041026e-04
607 1.933000e-15 1.040264e-04
608 1.930473e-15 1.039509e-04
609 1.927946e-15 1.038761e-04
610 1.925418e-15 1.038020e-04
611 1.922891e-15 1.037286e-04
612 1.920363e-15 1.036561e-04
613 1.917836e-15 1.035845e-04
614 1.915309e-15 1.035138e-04
615 1.912962e-15 1.034441e-04
616 1.910797e-15 1.033755e-04
617 1.908632e-15 1.033079e-04
618 1.906467e-15 1.032415e-04
619 1.904301e-15 1.031762e-04
620 1.902136e-15 1.031122e-04
621 1.899971e-15 1.030494e-04
622 1.897806e-15 1.029880e-04
623 1.895640e-15 1.029280e-04
624 1.893475e-15 1.028694e-04
625 1.891416e-15 1.028123e-04
626 1.889464e-15 1.027567e-04
627 1.887512e-15 1.027027e-04
628 1.885559e-15 1.026503e-04
629 1.883607e-15 1.025995e-04
630 1.881654e-15 1.025505e-04
631 1.879702e-15 1.025033e-04
632 1.877749e-15 1.024578e-04
633 1.875797e-15 1.024142e-04
634 1.873845e-15 1.023725e-04
635 1.872067e-15 1.023327e-04
636 1.870464e-15 1.022950e-04
637 1.868861e-15 1.022592e-04
638 1.867258e-15 1.022255e-04
639 1.865655e-15 1.021939e-04
640 1.864052e-15 1.021644e-04
641 1.862450e-15 1.021372e-04
642 1.860847e-15 1.021121e-04
643 1.859244e-15 1.020893e-04
644 1.857641e-15 1.020688e-04
645 1.856069e-15 1.020507e-04
646 1.854529e-15 1.020349e-04
647 1.852989e-15 1.020215e-04
648 1.851448e-15 1.020106e-04
649 1.849908e-15 1.020021e-04
650 1.848368e-15 1.019961e-04
651 1.846827e-15 1.019926e-04
652 1.845287e-15 1.019917e-04
653 1.843747e-15 1.019934e-04
654 1.842206e-15 1.019977e-04
655 1.840662e-15 1.020046e-04
656 1.839112e-15 1.020142e-04
657 1.837562e-15 1.020265e-04
658 1.836013e-15 1.020414e-04
659 1.834463e-15 1.020591e-04
660 1.832914e-15 1.020795e-04
661 1.831364e-15 1.021027e-04
662 1.829815e-15 1.021287e-04
663 1.828265e-15 1.021575e-04
664 1.826716e-15 1.021890e-04
665 1.825116e-15 1.022234e-04
666 1.823466e-15 1.022607e-04
667 1.821816e-15 1.023008e-04
668 1.820167e-15 1.023437e-04
669 1.818517e-15 1.023895e-04
670 1.816867e-15 1.024382e-04
671 1.815218e-15 1.024898e-04
672 1.813568e-15 1.025443e-04
673 1.811918e-15 1.026017e-04
674 1.810268e-15 1.026620e-04
675 1.808548e-15 1.027252e-04
676 1.806758e-15 1.027913e-04
677 1.804968e-15 1.028604e-04
678 1.803178e-15 1.029323e-04
679 1.801387e-15 1.030072e-04
680 1.799597e-15 1.030850e-04
681 1.797807e-15 1.031657e-04
682 1.796017e-15 1.032493e-04
683 1.794226e-15 1.033359e-04
684 1.792436e-15 1.034253e-04
685 1.790630e-15 1.035177e-04
686 1.788807e-15 1.036129e-04
687 1.786984e-15 1.037111e-04
688 1.785162e-15 1.038121e-04
689 1.783339e-15 1.039160e-04
690 1.781516e-15 1.040228e-04
691 1.779694e-15 1.041325e-04
692 1.777871e-15 1.042450e-04
693 1.776048e-15 1.043604e-04
694 1.774226e-15 1.044786e-04
695 1.772288e-15 1.045996e-04
696 1.770236e-15 1.047234e-04
697 1.768185e-15 1.048501e-04
698 1.766133e-15 1.049795e-04
699 1.764081e-15 1.051116e-04
700 1.762029e-15 1.052466e-04
701 1.759977e-15 1.053842e-04
702 1.757926e-15 1.055246e-04
703 1.755874e-15 1.056677e-04
704 1.753822e-15 1.058135e-04
705 1.751756e-15 1.059619e-04
706 1.749677e-15 1.061130e-04
707 1.747597e-15 1.062667e-04
708 1.745518e-15 1.064231e-04
709 1.743439e-15 1.065820e-04
710 1.741359e-15 1.067435e-04
711 1.739280e-15 1.069076e-04
712 1.737200e-15 1.070742e-04
713 1.735121e-15 1.072432e-04
714 1.733041e-15 1.074148e-04
715 1.730925e-15 1.075888e-04
716 1.728772e-15 1.077653e-04
717 1.726619e-15 1.079442e-04
718 1.724466e-15 1.081255e-04
719 1.722313e-15 1.083091e-04
720 1.720160e-15 1.084951e-04
721 1.718007e-15 1.086833e-04
722 1.715854e-15 1.088739e-04
723 1.713702e-15 1.090667e-04
724 1.711549e-15 1.092618e-04
725 1.709397e-15 1.094591e-04
726 1.707246e-15 1.096585e-04
727 1.705096e-15 1.098601e-04
728 1.702946e-15 1.100639e-04
729 1.700795e-15 1.102697e-04
730 1.698645e-15 1.104776e-04
731 1.696494e-15 1.106875e-04
732 1.694344e-15 1.108995e-04
733 1.692194e-15 1.111134e-04
734 1.690043e-15 1.113292e-04
735 1.687935e-15 1.115470e-04
736 1.685869e-15 1.117667e-04
737 1.683802e-15 1.119883e-04
738 1.681736e-15 1.122116e-04
739 1.679670e-15 1.124368e-04
740 1.677604e-15 1.126638e-04
741 1.675537e-15 1.128924e-04
742 1.673471e-15 1.131228e-04
743 1.671405e-15 1.133549e-04
744 1.669338e-15 1.135886e-04
745 1.667335e-15 1.138240e-04
746 1.665395e-15 1.140609e-04
747 1.663454e-15 1.142993e-04
748 1.661514e-15 1.145393e-04
749 1.659574e-15 1.147808e-04
750 1.657633e-15 1.150237e-04
751 1.655693e-15 1.152681e-04
752 1.653752e-15 1.155138e-04
753 1.651812e-15 1.157609e-04
754 1.649872e-15 1.160094e-04
755 1.648034e-15 1.162591e-04
756 1.646299e-15 1.165101e-04
757 1.644563e-15 1.167624e-04
758 1.642828e-15 1.170158e-04
759 1.641093e-15 1.172704e-04
760 1.639358e-15 1.175262e-04
761 1.637623e-15 1.177830e-04
762 1.635887e-15 1.180410e-04
763 1.634152e-15 1.183000e-04
764 1.632417e-15 1.185600e-04
765 1.630751e-15 1.188209e-04
766 1.629154e-15 1.190829e-04
767 1.627557e-15 1.193457e-04
768 1.625960e-15 1.196095e-04
769 1.624363e-15 1.198741e-04
770 1.622766e-15 1.201395e-04
771 1.621169e-15 1.204057e-04
772 1.619572e-15 1.206727e-04
773 1.617975e-15 1.209404e-04
774 1.616378e-15 1.212089e-04
775 1.614924e-15 1.214779e-04
776 1.613613e-15 1.217477e-04
777 1.612302e-15 1.220180e-04
778 1.610991e-15 1.222889e-04
779 1.609679e-15 1.225604e-04
780 1.608368e-15 1.228324e-04
781 1.607057e-15 1.231048e-04
782 1.605746e-15 1.233778e-04
783 1.604434e-15 1.236511e-04
784 1.603123e-15 1.239249e-04
785 1.601933e-15 1.241990e-04
786 1.600863e-15 1.244734e-04
787 1.599793e-15 1.247482e-04
788 1.598724e-15 1.250232e-04
789 1.597654e-15 1.252985e-04
790 1.596584e-15 1.255739e-04
791 1.595514e-15 1.258496e-04
792 1.594445e-15 1.261254e-04
793 1.593375e-15 1.264014e-04
794 1.592305e-15 1.266775e-04
795 1.591400e-15 1.269536e-04
796 1.590661e-15 1.272297e-04
797 1.589921e-15 1.275059e-04
798 1.589181e-15 1.277821e-04
799 1.588441e-15 1.280582e-04
800 1.587702e-15 1.283342e-04
801 1.586962e-15 1.286101e-04
802 1.586222e-15 1.288859e-04
803 1.585482e-15 1.291616e-04
804 1.584742e-15 1.294370e-04
805 1.584142e-15 1.297123e-04
806 1.583681e-15 1.299873e-04
807 1.583219e-15 1.302620e-04
808 1.582758e-15 1.305364e-04
809 1.582297e-15 1.308105e-04
810 1.581836e-15 1.310843e-04
811 1.581375e-15 1.313576e-04
812 1.580913e-15 1.316306e-04
813 1.580452e-15 1.319032e-04
814 1.579991e-15 1.321752e-04
815 1.579675e-15 1.324468e-04
816 1.579504e-15 1.327179e-04
817 1.579332e-15 1.329885e-04
818 1.579161e-15 1.332584e-04
819 1.578990e-15 1.335279e-04
820 1.578819e-15 1.337966e-04
821 1.578647e-15 1.340648e-04
822 1.578476e-15 1.343323e-04
823 1.578305e-15 1.345991e-04
824 1.578134e-15 1.348652e-04
825 1.578135e-15 1.351305e-04
826 1.578309e-15 1.353952e-04
827 1.578484e-15 1.356590e-04
828 1.578658e-15 1.359220e-04
829 1.578832e-15 1.361842e-04
830 1.579006e-15 1.364455e-04
831 1.579180e-15 1.367060e-04
832 1.579354e-15 1.369655e-04
833 1.579528e-15 1.372241e-04
834 1.579702e-15 1.374818e-04
835 1.580072e-15 1.377386e-04
836 1.580636e-15 1.379943e-04
837 1.581201e-15 1.382490e-04
838 1.581765e-15 1.385027e-04
839 1.582330e-15 1.387554e-04
840 1.582894e-15 1.390070e-04
841 1.583459e-15 1.392575e-04
842 1.584023e-15 1.395068e-04
843 1.584588e-15 1.397551e-04
844 1.585152e-15 1.400022e-04
845 1.585888e-15 1.402481e-04
846 1.586795e-15 1.404928e-04
847 1.587702e-15 1.407363e-04
848 1.588609e-15 1.409786e-04
849 1.589516e-15 1.412197e-04
850 1.590422e-15 1.414595e-04
851 1.591329e-15 1.416979e-04
852 1.592236e-15 1.419351e-04
853 1.593143e-15 1.421710e-04
854 1.594050e-15 1.424056e-04
855 1.595186e-15 1.426387e-04
856 1.596551e-15 1.428706e-04
857 1.597916e-15 1.431010e-04
858 1.599281e-15 1.433300e-04
859 1.600646e-15 1.435577e-04
860 1.602012e-15 1.437838e-04
861 1.603377e-15 1.440086e-04
862 1.604742e-15 1.442319e-04
863 1.606107e-15 1.444537e-04
864 1.607472e-15 1.446740e-04
865 1.609064e-15 1.448928e-04
866 1.610883e-15 1.451101e-04
867 1.612702e-15 1.453259e-04
868 1.614520e-15 1.455401e-04
869 1.616339e-15 1.457527e-04
870 1.618158e-15 1.459638e-04
871 1.619976e-15 1.461734e-04
872 1.621795e-15 1.463813e-04
873 1.623614e-15 1.465876e-04
874 1.625433e-15 1.467923e-04
875 1.627505e-15 1.469954e-04
876 1.629831e-15 1.471968e-04
877 1.632157e-15 1.473966e-04
878 1.634483e-15 1.475947e-04
879 1.636810e-15 1.477912e-04
880 1.639136e-15 1.479860e-04
881 1.641462e-15 1.481791e-04
882 1.643788e-15 1.483705e-04
883 1.646114e-15 1.485602e-04
884 1.648441e-15 1.487482e-04
885 1.651023e-15 1.489345e-04
886 1.653861e-15 1.491190e-04
887 1.656700e-15 1.493018e-04
888 1.659538e-15 1.494829e-04
889 1.662376e-15 1.496622e-04
890 1.665215e-15 1.498397e-04
891 1.668053e-15 1.500155e-04
892 1.670892e-15 1.501895e-04
893 1.673730e-15 1.503618e-04
894 1.676568e-15 1.505323e-04
895 1.679679e-15 1.507009e-04
896 1.683061e-15 1.508678e-04
897 1.686443e-15 1.510329e-04
898 1.689825e-15 1.511962e-04
899 1.693207e-15 1.513577e-04
900 1.696590e-15 1.515174e-04
901 1.699972e-15 1.516753e-04
902 1.703354e-15 1.518314e-04
903 1.706736e-15 1.519856e-04
904 1.710119e-15 1.521380e-04
905 1.713826e-15 1.522887e-04
906 1.717858e-15 1.524374e-04
907 1.721890e-15 1.525844e-04
908 1.725922e-15 1.527295e-04
909 1.729954e-15 1.528729e-04
910 1.733985e-15 1.530143e-04
911 1.738017e-15 1.531540e-04
912 1.742049e-15 1.532918e-04
913 1.746081e-15 1.534278e-04
914 1.750113e-15 1.535620e-04
915 1.754390e-15 1.536943e-04
916 1.758913e-15 1.538248e-04
917 1.763435e-15 1.539535e-04
918 1.767957e-15 1.540804e-04
919 1.772480e-15 1.542055e-04
920 1.777002e-15 1.543287e-04
921 1.781524e-15 1.544501e-04
922 1.786047e-15 1.545697e-04
923 1.790569e-15 1.546875e-04
924 1.795092e-15 1.548035e-04
925 1.799910e-15 1.549176e-04
926 1.805024e-15 1.550300e-04
927 1.810139e-15 1.551406e-04
928 1.815253e-15 1.552494e-04
929 1.820368e-15 1.553564e-04
930 1.825482e-15 1.554616e-04
931 1.830596e-15 1.555650e-04
932 1.835711e-15 1.556667e-04
933 1.840825e-15 1.557666e-04
934 1.845940e-15 1.558648e-04
935 1.851314e-15 1.559612e-04
936 1.856949e-15 1.560558e-04
937 1.862584e-15 1.561488e-04
938 1.868219e-15 1.562399e-04
939 1.873854e-15 1.563294e-04
940 1.879489e-15 1.564172e-04
941 1.885123e-15 1.565032e-04
942 1.890758e-15 1.565876e-04
943 1.896393e-15 1.566702e-04
944 1.902028e-15 1.567512e-04
945 1.907744e-15 1.568306e-04
946 1.913542e-15 1.569082e-04
947 1.919340e-15 1.569842e-04
948 1.925137e-15 1.570586e-04
949 1.930935e-15 1.571314e-04
950 1.936732e-15 1.572025e-04
951 1.942530e-15 1.572720e-04
952 1.948328e-15 1.573400e-04
953 1.954125e-15 1.574063e-04
954 1.959923e-15 1.574711e-04
955 1.965853e-15 1.575343e-04
956 1.971916e-15 1.575960e-04
957 1.977978e-15 1.576562e-04
958 1.984040e-15 1.577148e-04
959 1.990103e-15 1.577720e-04
960 1.996165e-15 1.578276e-04
961 2.002228e-15 1.578818e-04
962 2.008290e-15 1.579345e-04
963 2.014353e-15 1.579858e-04
964 2.020415e-15 1.580356e-04
965 2.026327e-15 1.580840e-04
966 2.032088e-15 1.581310e-04
967 2.037850e-15 1.581767e-04
968 2.043611e-15 1.582210e-04
969 2.049373e-15 1.582639e-04
970 2.055134e-15 1.583055e-04
971 2.060895e-15 1.583457e-04
972 2.066657e-15 1.583847e-04
973 2.072418e-15 1.584224e-04
974 2.078180e-15 1.584588e-04
975 2.083746e-15 1.584939e-04
976 2.089117e-15 1.585278e-04
977 2.094488e-15 1.585605e-04
978 2.099860e-15 1.585920e-04
979 2.105231e-15 1.586223e-04
980 2.110602e-15 1.586515e-04
981 2.115973e-15 1.586795e-04
982 2.121344e-15 1.587064e-04
983 2.126716e-15 1.587321e-04
984 2.132087e-15 1.587568e-04
985 2.137049e-15 1.587804e-04
986 2.141603e-15 1.588029e-04
987 2.146156e-15 1.588244e-04
988 2.150710e-15 1.588449e-04
989 2.155263e-15 1.588644e-04
990 2.159817e-15 1.588829e-04
991 2.164370e-15 1.589005e-04
992 2.168924e-15 1.589171e-04
993 2.173478e-15 1.589328e-04
994 2.178031e-15 1.589475e-04
995 2.182049e-15 1.589614e-04
996 2.185532e-15 1.589744e-04
997 2.189015e-15 1.589866e-04
998 2.192498e-15 1.589980e-04
999 2.195981e-15 1.590085e-04
1000 2.199464e-15 1.590182e-04
1001 2.202947e-15 1.590272e-04
1002 2.206430e-15 1.590354e-04
1003 2.209912e-15 1.590429e-04
1004 2.213395e-15 1.590497e-04
1005 2.216392e-15 1.590558e-04
1006 2.218902e-15 1.590612e-04
1007 2.221412e-15 1.590659e-04
1008 2.223922e-15 1.590700e-04
1009 2.226432e-15 1.590735e-04
1010 2.228941e-15 1.590764e-04
1011 2.231451e-15 1.590787e-04
1012 2.233961e-15 1.590805e-04
1013 2.236471e-15 1.590817e-04
1014 2.238981e-15 1.590823e-04
1015 2.240956e-15 1.590825e-04
1016 2.242396e-15 1.590822e-04
1017 2.243836e-15 1.590814e-04
1018 2.245276e-15 1.590801e-04
1019 2.246715e-15 1.590784e-04
1020 2.248155e-15 1.590763e-04
1021 2.249595e-15 1.590738e-04
1022 2.251035e-15 1.590710e-04
1023 2.252475e-15 1.590677e-04
1024 2.253915e-15 1.590641e-04
1025 2.254857e-15 1.590602e-04
1026 2.255301e-15 1.590559e-04
1027 2.255746e-15 1.590514e-04
1028 2.256191e-15 1.590466e-04
1029 2.256635e-15 1.590415e-04
1030 2.257080e-15 1.590362e-04
1031 2.257525e-15 1.590306e-04
1032 2.257969e-15 1.590248e-04
1033 2.258414e-15 1.590189e-04
1034 2.258859e-15 1.590127e-04
1035 2.259002e-15 1.590064e-04
1036 2.258843e-15 1.589999e-04
1037 2.258684e-15 1.589933e-04
1038 2.258526e-15 1.589865e-04
1039 2.258367e-15 1.589796e-04
1040 2.258209e-15 1.589727e-04
1041 2.258050e-15 1.589656e-04
1042 2.257892e-15 1.589585e-04
1043 2.257733e-15 1.589513e-04
1044 2.257574e-15 1.589441e-04
1045 2.257112e-15 1.589369e-04
1046 2.256347e-15 1.589296e-04
1047 2.255582e-15 1.589223e-04
1048 2.254817e-15 1.589150e-04
1049 2.254051e-15 1.589078e-04
1050 2.253286e-15 1.589005e-04
1051 2.252521e-15 1.588933e-04
1052 2.251755e-15 1.588862e-04
1053 2.250990e-15 1.588791e-04
1054 2.250225e-15 1.588721e-04
1055 2.249416e-15 1.588651e-04
1056 2.248563e-15 1.588583e-04
1057 2.247711e-15 1.588515e-04
1058 2.246858e-15 1.588448e-04
1059 2.246006e-15 1.588383e-04
1060 2.245153e-15 1.588318e-04
1061 2.244301e-15 1.588255e-04
1062 2.243448e-15 1.588194e-04
1063 2.242596e-15 1.588133e-04
1064 2.241743e-15 1.588074e-04
1065 2.240838e-15 1.588017e-04
1066 2.239881e-15 1.587961e-04
1067 2.238924e-15 1.587907e-04
1068 2.237967e-15 1.587854e-04
1069 2.237010e-15 1.587803e-04
1070 2.236053e-15 1.587754e-04
1071 2.235096e-15 1.587707e-04
1072 2.234139e-15 1.587662e-04
1073 2.233182e-15 1.587619e-04
1074 2.232225e-15 1.587577e-04
1075 2.231368e-15 1.587538e-04
1076 2.230612e-15 1.587500e-04
1077 2.229855e-15 1.587465e-04
1078 2.229099e-15 1.587431e-04
1079 2.228343e-15 1.587400e-04
1080 2.227586e-15 1.587371e-04
1081 2.226830e-15 1.587344e-04
1082 2.226074e-15 1.587319e-04
1083 2.225317e-15 1.587296e-04
1084 2.224561e-15 1.587276e-04
1085 2.223998e-15 1.587258e-04
1086 2.223628e-15 1.587241e-04
1087 2.223259e-15 1.587227e-04
1088 2.222889e-15 1.587216e-04
1089 2.222519e-15 1.587206e-04
1090 2.222149e-15 1.587199e-04
1091 2.221779e-15 1.587194e-04
1092 2.221410e-15 1.587191e-04
1093 2.221040e-15 1.587190e-04
1094 2.220670e-15 1.587191e-04
1095 2.220476e-15 1.587195e-04
1096 2.220458e-15 1.587201e-04
1097 2.220440e-15 1.587208e-04
1098 2.220422e-15 1.587219e-04
1099 2.220403e-15 1.587231e-04
1100 2.220385e-15 1.587245e-04
1101 2.220367e-15 1.587261e-04
1102 2.220349e-15 1.587280e-04
1103 2.220330e-15 1.587300e-04
1104 2.220312e-15 1.587322e-04
1105 2.220563e-15 1.587347e-04
1106 2.221083e-15 1.587373e-04
1107 2.221602e-15 1.587402e-04
1108 2.222122e-15 1.587432e-04
1109 2.222641e-15 1.587464e-04
1110 2.223161e-15 1.587498e-04
1111 2.223681e-15 1.587534e-04
1112 2.224200e-15 1.587571e-04
1113 2.224720e-15 1.587611e-04
1114 2.225240e-15 1.587652e-04
1115 2.226103e-15 1.587694e-04
1116 2.227309e-15 1.587739e-04
1117 2.228515e-15 1.587785e-04
1118 2.229721e-15 1.587832e-04
1119 2.230928e-15 1.587881e-04
1120 2.232134e-15 1.587931e-04
1121 2.233340e-15 1.587983e-04
1122 2.234547e-15 1.588037e-04
1123 2.235753e-15 1.588091e-04
1124 2.236959e-15 1.588147e-04
1125 2.238420e-15 1.588205e-04
1126 2.240136e-15 1.588263e-04
1127 2.241851e-15 1.588323e-04
1128 2.243567e-15 1.588383e-04
1129 2.245282e-15 1.588445e-04
1130 2.246998e-15 1.588508e-04
1131 2.248713e-15 1.588572e-04
1132 2.250429e-15 1.588637e-04
1133 2.252144e-15 1.588703e-04
1134 2.253860e-15 1.588769e-04
1135 2.255959e-15 1.588837e-04
1136 2.258442e-15 1.588905e-04
1137 2.260925e-15 1.588974e-04
1138 2.263408e-15 1.589043e-04
1139 2.265892e-15 1.589113e-04
1140 2.268375e-15 1.589184e-04
1141 2.270858e-15 1.589255e-04
1142 2.273341e-15 1.589327e-04
1143 2.275824e-15 1.589399e-04
1144 2.278307e-15 1.589472e-04
1145 2.281086e-15 1.589545e-04
1146 2.284159e-15 1.589618e-04
1147 2.287233e-15 1.589691e-04
1148 2.290307e-15 1.589765e-04
1149 2.293381e-15 1.589839e-04
1150 2.296454e-15 1.589913e-04
1151 2.299528e-15 1.589987e-04
1152 2.302602e-15 1.590061e-04
1153 2.305676e-15 1.590135e-04
1154 2.308750e-15 1.590209e-04
1155 2.312233e-15 1.590282e-04
1156 2.316126e-15 1.590356e-04
1157 2.320019e-15 1.590430e-04
1158 2.323912e-15 1.590503e-04
1159 2.327804e-15 1.590576e-04
1160 2.331697e-15 1.590649e-04
1161 2.335590e-15 1.590721e-04
1162 2.339483e-15 1.590794e-04
1163 2.343376e-15 1.590865e-04
1164 2.347269e-15 1.590937e-04
1165 2.351512e-15 1.591007e-04
1166 2.356105e-15 1.591078e-04
1167 2.360698e-15 1.591147e-04
1168 2.365292e-15 1.591217e-04
1169 2.369885e-15 1.591285e-04
1170 2.374478e-15 1.591353e-04
1171 2.379072e-15 1.591420e-04
1172 2.383665e-15 1.591487e-04
1173 2.388258e-15 1.591553e-04
1174 2.392852e-15 1.591618e-04
1175 2.397797e-15 1.591682e-04
1176 2.403095e-15 1.591746e-04
1177 2.408393e-15 1.591808e-04
1178 2.413690e-15 1.591870e-04
1179 2.418988e-15 1.591931e-04
1180 2.424285e-15 1.591991e-04
1181 2.429583e-15 1.592050e-04
1182 2.434881e-15 1.592108e-04
1183 2.440178e-15 1.592165e-04
1184 2.445476e-15 1.592221e-04
1185 2.451138e-15 1.592276e-04
1186 2.457163e-15 1.592330e-04
1187 2.463188e-15 1.592383e-04
1188 2.469214e-15 1.592434e-04
1189 2.475239e-15 1.592485e-04
1190 2.481265e-15 1.592534e-04
1191 2.487290e-15 1.592583e-04
1192 2.493315e-15 1.592630e-04
1193 2.499341e-15 1.592675e-04
1194 2.505366e-15 1.592720e-04
1195 2.511764e-15 1.592763e-04
1196 2.518534e-15 1.592806e-04
1197 2.525305e-15 1.592846e-04
1198 2.532075e-15 1.592886e-04
1199 2.538846e-15 1.592924e-04
1200 2.545616e-15 1.592961e-04
1201 2.552386e-15 1.592996e-04
1202 2.559157e-15 1.593031e-04
1203 2.565927e-15 1.593063e-04
1204 2.572698e-15 1.593095e-04
1205 2.579774e-15 1.593125e-04
1206 2.587155e-15 1.593153e-04
1207 2.594536e-15 1.593181e-04
1208 2.601918e-15 1.593206e-04
1209 2.609299e-15 1.593230e-04
1210 2.616680e-15 1.593253e-04
1211 2.624062e-15 1.593275e-04
1212 2.631443e-15 1.593294e-04
1213 2.638825e-15 1.593313e-04
1214 2.646206e-15 1.593330e-04
1215 2.653888e-15 1.593345e-04
1216 2.661870e-15 1.593359e-04
1217 2.669852e-15 1.593371e-04
1218 2.677834e-15 1.593382e-04
1219 2.685817e-15 1.593391e-04
1220 2.693799e-15 1.593399e-04
1221 2.701781e-15 1.593405e-04
1222 2.709763e-15 1.593410e-04
1223 2.717745e-15 1.593413e-04
1224 2.725728e-15 1.593414e-04
1225 2.733840e-15 1.593414e-04
1226 2.742082e-15 1.593412e-04
1227 2.750324e-15 1.593409e-04
1228 2.758567e-15 1.593404e-04
1229 2.766809e-15 1.593398e-04
1230 2.775051e-15 1.593390e-04
1231 2.783293e-15 1.593380e-04
1232 2.791535e-15 1.593369e-04
1233 2.799778e-15 1.593356e-04
1234 2.808020e-15 1.593342e-04
1235 2.816375e-15 1.593326e-04
1236 2.824842e-15 1.593309e-04
1237 2.833309e-15 1.593290e-04
1238 2.841776e-15 1.593269e-04
1239 2.850243e-15 1.593247e-04
1240 2.858711e-15 1.593223e-04
1241 2.867178e-15 1.593197e-04
1242 2.875645e-15 1.593170e-04
1243 2.884112e-15 1.593142e-04
1244 2.892579e-15 1.593111e-04
1245 2.900985e-15 1.593080e-04
1246 2.909330e-15 1.593046e-04
1247 2.917675e-15 1.593011e-04
1248 2.926019e-15 1.592975e-04
1249 2.934364e-15 1.592937e-04
1250 2.942709e-15 1.592897e-04
1251 2.951053e-15 1.592856e-04
1252 2.959398e-15 1.592813e-04
1253 2.967743e-15 1.592769e-04
1254 2.976088e-15 1.592724e-04
1255 2.984230e-15 1.592676e-04
1256 2.992170e-15 1.592628e-04
1257 3.000110e-15 1.592577e-04
1258 3.008049e-15 1.592526e-04
1259 3.015989e-15 1.592472e-04
1260 3.023929e-15 1.592418e-04
1261 3.031869e-15 1.592361e-04
1262 3.039809e-15 1.592304e-04
1263 3.047749e-15 1.592245e-04
1264 3.055689e-15 1.592184e-04
1265 3.063267e-15 1.592122e-04
1266 3.070483e-15 1.592058e-04
1267 3.077700e-15 1.591994e-04
1268 3.084916e-15 1.591927e-04
1269 3.092133e-15 1.591860e-04
1270 3.099350e-15 1.591791e-04
1271 3.106566e-15 1.591720e-04
1272 3.113783e-15 1.591648e-04
1273 3.120999e-15 1.591575e-04
1274 3.128216e-15 1.591501e-04
1275 3.134872e-15 1.591425e-04
1276 3.140967e-15 1.591348e-04
1277 3.147062e-15 1.591269e-04
1278 3.153157e-15 1.591190e-04
1279 3.159253e-15 1.591109e-04
1280 3.165348e-15 1.591026e-04
1281 3.171443e-15 1.590943e-04
1282 3.177538e-15 1.590858e-04
1283 3.183634e-15 1.590772e-04
1284 3.189729e-15 1.590685e-04
1285 3.195218e-15 1.590597e-04
1286 3.200101e-15 1.590507e-04
1287 3.204984e-15 1.590417e-04
1288 3.209867e-15 1.590325e-04
1289 3.214750e-15 1.590232e-04
1290 3.219633e-15 1.590138e-04
1291 3.224515e-15 1.590043e-04
1292 3.229398e-15 1.589946e-04
1293 3.234281e-15 1.589849e-04
1294 3.239164e-15 1.589751e-04
1295 3.243372e-15 1.589651e-04
1296 3.246905e-15 1.589551e-04
1297 3.250438e-15 1.589449e-04
1298 3.253972e-15 1.589347e-04
1299 3.257505e-15 1.589244e-04
1300 3.261038e-15 1.589139e-04
1301 3.264571e-15 1.589034e-04
1302 3.268104e-15 1.588928e-04
1303 3.271637e-15 1.588821e-04
1304 3.275170e-15 1.588713e-04
1305 3.277919e-15 1.588604e-04
1306 3.279882e-15 1.588494e-04
1307 3.281846e-15 1.588384e-04
1308 3.283809e-15 1.588273e-04
1309 3.285772e-15 1.588161e-04
1310 3.287736e-15 1.588048e-04
1311 3.289699e-15 1.587934e-04
1312 3.291663e-15 1.587820e-04
1313 3.293626e-15 1.587705e-04
1314 3.295589e-15 1.587589e-04
1315 3.297000e-15 1.587473e-04
1316 3.297857e-15 1.587356e-04
1317 3.298715e-15 1.587238e-04
1318 3.299572e-15 1.587120e-04
1319 3.300430e-15 1.587001e-04
1320 3.301287e-15 1.586882e-04
1321 3.302144e-15 1.586762e-04
1322 3.303002e-15 1.586642e-04
1323 3.303859e-15 1.586521e-04
1324 3.304717e-15 1.586399e-04
1325 3.304991e-15 1.586277e-04
1326 3.304683e-15 1.586155e-04
1327 3.304374e-15 1.586032e-04
1328 3.304066e-15 1.585909e-04
1329 3.303758e-15 1.585786e-04
1330 3.303449e-15 1.585662e-04
1331 3.303141e-15 1.585537e-04
1332 3.302833e-15 1.585413e-04
1333 3.302524e-15 1.585288e-04
1334 3.302216e-15 1.585163e-04
1335 3.301549e-15 1.585037e-04
1336 3.300524e-15 1.584912e-04
1337 3.299498e-15 1.584786e-04
1338 3.298472e-15 1.584660e-04
1339 3.297447e-15 1.584534e-04
1340 3.296421e-15 1.584407e-04
1341 3.295396e-15 1.584281e-04
1342 3.294370e-15 1.584154e-04
1343 3.293344e-15 1.584028e-04
1344 3.292319e-15 1.583901e-04
1345 3.291024e-15 1.583774e-04
1346 3.289461e-15 1.583647e-04
1347 3.287898e-15 1.583521e-04
1348 3.286335e-15 1.583394e-04
1349 3.284772e-15 1.583267e-04
1350 3.283209e-15 1.583141e-04
1351 3.281646e-15 1.583014e-04
1352 3.280083e-15 1.582888e-04
1353 3.278520e-15 1.582762e-04
1354 3.276957e-15 1.582635e-04
1355 3.275262e-15 1.582510e-04
1356 3.273433e-15 1.582384e-04
1357 3.271605e-15 1.582258e-04
1358 3.269776e-15 1.582133e-04
1359 3.267948e-15 1.582008e-04
1360 3.266119e-15 1.581883e-04
1361 3.264290e-15 1.581759e-04
1362 3.262462e-15 1.581635e-04
1363 3.260633e-15 1.581511e-04
1364 3.258805e-15 1.581388e-04
1365 3.257068e-15 1.581265e-04
1366 3.255423e-15 1.581143e-04
1367 3.253779e-15 1.581021e-04
1368 3.252134e-15 1.580899e-04
1369 3.250489e-15 1.580778e-04
1370 3.248844e-15 1.580657e-04
1371 3.247199e-15 1.580537e-04
1372 3.245554e-15 1.580418e-04
1373 3.243910e-15 1.580299e-04
1374 3.242265e-15 1.580180e-04
1375 3.240685e-15 1.580063e-04
1376 3.239171e-15 1.579946e-04
1377 3.237656e-15 1.579829e-04
1378 3.236142e-15 1.579713e-04
1379 3.234628e-15 1.579598e-04
1380 3.233113e-15 1.579484e-04
1381 3.231599e-15 1.579370e-04
1382 3.230085e-15 1.579257e-04
1383 3.228570e-15 1.579145e-04
1384 3.227056e-15 1.579034e-04
1385 3.225754e-15 1.578923e-04
1386 3.224665e-15 1.578814e-04
1387 3.223576e-15 1.578705e-04
1388 3.222487e-15 1.578597e-04
1389 3.221398e-15 1.578490e-04
1390 3.220310e-15 1.578384e-04
1391 3.219221e-15 1.578279e-04
1392 3.218132e-15 1.578174e-04
1393 3.217043e-15 1.578071e-04
1394 3.215954e-15 1.577969e-04
1395 3.215188e-15 1.577868e-04
1396 3.214744e-15 1.577767e-04
1397 3.214301e-15 1.577668e-04
1398 3.213858e-15 1.577570e-04
1399 3.213414e-15 1.577473e-04
1400 3.212971e-15 1.577377e-04
1401 3.212528e-15 1.577282e-04
1402 3.212084e-15 1.577189e-04
1403 3.211641e-15 1.577096e-04
1404 3.211197e-15 1.577005e-04
1405 3.211072e-15 1.576915e-04
1406 3.211265e-15 1.576826e-04
1407 3.211458e-15 1.576738e-04
1408 3.211651e-15 1.576652e-04
1409 3.211843e-15 1.576566e-04
1410 3.212036e-15 1.576482e-04
1411 3.212229e-15 1.576400e-04
1412 3.212422e-15 1.576319e-04
1413 3.212614e-15 1.576238e-04
1414 3.212807e-15 1.576160e-04
1415 3.213466e-15 1.576082e-04
1416 3.214590e-15 1.576007e-04
1417 3.215714e-15 1.575932e-04
1418 3.216838e-15 1.575859e-04
1419 3.217962e-15 1.575787e-04
1420 3.219086e-15 1.575717e-04
1421 3.220210e-15 1.575648e-04
1422 3.221334e-15 1.575580e-04
1423 3.222458e-15 1.575514e-04
1424 3.223582e-15 1.575450e-04
1425 3.225073e-15 1.575387e-04
1426 3.226929e-15 1.575325e-04
1427 3.228785e-15 1.575265e-04
1428 3.230642e-15 1.575207e-04
1429 3.232498e-15 1.575150e-04
1430 3.234354e-15 1.575095e-04
1431 3.236211e-15 1.575041e-04
1432 3.238067e-15 1.574989e-04
1433 3.239923e-15 1.574938e-04
1434 3.241780e-15 1.574889e-04
1435 3.244053e-15 1.574842e-04
1436 3.246744e-15 1.574796e-04
1437 3.249435e-15 1.574752e-04
1438 3.252126e-15 1.574710e-04
1439 3.254817e-15 1.574669e-04
1440 3.257508e-15 1.574630e-04
1441 3.260199e-15 1.574592e-04
1442 3.262890e-15 1.574556e-04
1443 3.265581e-15 1.574522e-04
1444 3.268272e-15 1.574490e-04
1445 3.271469e-15 1.574459e-04
1446 3.275172e-15 1.574430e-04
1447 3.278875e-15 1.574403e-04
1448 3.282577e-15 1.574377e-04
1449 3.286280e-15 1.574354e-04
1450 3.289983e-15 1.574332e-04
1451 3.293685e-15 1.574311e-04
1452 3.297388e-15 1.574293e-04
1453 3.301091e-15 1.574276e-04
1454 3.304793e-15 1.574261e-04
1455 3.308912e-15 1.574247e-04
1456 3.313447e-15 1.574236e-04
1457 3.317982e-15 1.574226e-04
1458 3.322517e-15 1.574218e-04
1459 3.327052e-15 1.574212e-04
1460 3.331587e-15 1.574207e-04
1461 3.336122e-15 1.574205e-04
1462 3.340657e-15 1.574204e-04
1463 3.345192e-15 1.574205e-04
1464 3.349727e-15 1.574208e-04
1465 3.354780e-15 1.574212e-04
1466 3.360351e-15 1.574219e-04
1467 3.365923e-15 1.574227e-04
1468 3.371495e-15 1.574237e-04
1469 3.377066e-15 1.574248e-04
1470 3.382638e-15 1.574262e-04
1471 3.388209e-15 1.574277e-04
1472 3.393781e-15 1.574294e-04
1473 3.399353e-15 1.574313e-04
1474 3.404924e-15 1.574334e-04
1475 3.411018e-15 1.574356e-04
1476 3.417633e-15 1.574381e-04
1477 3.424248e-15 1.574407e-04
1478 3.430863e-15 1.574434e-04
1479 3.437478e-15 1.574464e-04
1480 3.444093e-15 1.574495e-04
1481 3.450708e-15 1.574529e-04
1482 3.457323e-15 1.574564e-04
1483 3.463938e-15 1.574600e-04
1484 3.470553e-15 1.574639e-04
1485 3.477617e-15 1.574679e-04
1486 3.485132e-15 1.574721e-04
1487 3.492646e-15 1.574765e-04
1488 3.500160e-15 1.574810e-04
1489 3.507675e-15 1.574857e-04
1490 3.515189e-15 1.574906e-04
1491 3.522703e-15 1.574957e-04
1492 3.530217e-15 1.575009e-04
1493 3.537732e-15 1.575063e-04
1494 3.545246e-15 1.575119e-04
1495 3.553264e-15 1.575177e-04
1496 3.561784e-15 1.575236e-04
1497 3.570305e-15 1.575297e-04
1498 3.578826e-15 1.575359e-04
1499 3.587347e-15 1.575423e-04
1500 3.595867e-15 1.575489e-04
1501 3.604388e-15 1.575557e-04
1502 3.612909e-15 1.575626e-04
1503 3.621430e-15 1.575697e-04
1504 3.629951e-15 1.575769e-04
1505 3.638934e-15 1.575843e-04
1506 3.648380e-15 1.575919e-04
1507 3.657826e-15 1.575996e-04
1508 3.667272e-15 1.576074e-04
1509 3.676719e-15 1.576155e-04
1510 3.686165e-15 1.576237e-04
1511 3.695611e-15 1.576320e-04
1512 3.705057e-15 1.576405e-04
1513 3.714503e-15 1.576491e-04
1514 3.723949e-15 1.576579e-04
1515 3.733855e-15 1.576669e-04
1516 3.744222e-15 1.576760e-04
1517 3.754588e-15 1.576852e-04
1518 3.764954e-15 1.576946e-04
1519 3.775321e-15 1.577042e-04
1520 3.785687e-15 1.577138e-04
1521 3.796053e-15 1.577236e-04
1522 3.806420e-15 1.577336e-04
1523 3.816786e-15 1.577437e-04
1524 3.827153e-15 1.577539e-04
1525 3.837940e-15 1.577643e-04
1526 3.849148e-15 1.577748e-04
1527 3.860356e-15 1.577854e-04
1528 3.871564e-15 1.577962e-04
1529 3.882773e-15 1.578071e-04
1530 3.893981e-15 1.578181e-04
1531 3.905189e-15 1.578293e-04
1532 3.916397e-15 1.578406e-04
1533 3.927606e-15 1.578520e-04
1534 3.938814e-15 1.578635e-04
1535 3.950272e-15 1.578751e-04
1536 3.961979e-15 1.578869e-04
1537 3.973687e-15 1.578988e-04
1538 3.985394e-15 1.579108e-04
1539 3.997102e-15 1.579229e-04
1540 4.008809e-15 1.579351e-04
1541 4.020517e-15 1.579474e-04
1542 4.032225e-15 1.579598e-04
1543 4.043932e-15 1.579724e-04
1544 4.055640e-15 1.579850e-04
1545 4.067598e-15 1.579978e-04
1546 4.079807e-15 1.580106e-04
1547 4.092016e-15 1.580236e-04
1548 4.104225e-15 1.580366e-04
1549 4.116434e-15 1.580497e-04
1550 4.128644e-15 1.580630e-04
1551 4.140853e-15 1.580763e-04
1552 4.153062e-15 1.580897e-04
1553 4.165271e-15 1.581032e-04
1554 4.177480e-15 1.581167e-04
1555 4.189666e-15 1.581304e-04
1556 4.201829e-15 1.581441e-04
1557 4.213992e-15 1.581579e-04
1558 4.226155e-15 1.581718e-04
1559 4.238318e-15 1.581858e-04
1560 4.250481e-15 1.581998e-04
1561 4.262644e-15 1.582139e-04
1562 4.274807e-15 1.582281e-04
1563 4.286970e-15 1.582423e-04
1564 4.299133e-15 1.582566e-04
1565 4.311233e-15 1.582710e-04
1566 4.323270e-15 1.582854e-04
1567 4.335307e-15 1.582999e-04
1568 4.347344e-15 1.583144e-04
1569 4.359381e-15 1.583290e-04
1570 4.371418e-15 1.583436e-04
1571 4.383455e-15 1.583583e-04
1572 4.395492e-15 1.583730e-04
1573 4.407529e-15 1.583877e-04
1574 4.419566e-15 1.584025e-04
1575 4.431284e-15 1.584173e-04
1576 4.442684e-15 1.584322e-04
1577 4.454083e-15 1.584471e-04
1578 4.465482e-15 1.584620e-04
1579 4.476881e-15 1.584770e-04
1580 4.488281e-15 1.584920e-04
1581 4.499680e-15 1.585070e-04
1582 4.511079e-15 1.585220e-04
1583 4.522478e-15 1.585370e-04
1584 4.533878e-15 1.585521e-04
1585 4.544586e-15 1.585671e-04
1586 4.554602e-15 1.585822e-04
1587 4.564619e-15 1.585973e-04
1588 4.574636e-15 1.586124e-04
1589 4.584652e-15 1.586274e-04
1590 4.594669e-15 1.586425e-04
1591 4.604686e-15 1.586576e-04
1592 4.614703e-15 1.586727e-04
1593 4.624719e-15 1.586877e-04
1594 4.634736e-15 1.587028e-04
1595 4.644138e-15 1.587178e-04
1596 4.652924e-15 1.587328e-04
1597 4.661711e-15 1.587478e-04
1598 4.670498e-15 1.587628e-04
1599 4.679284e-15 1.587778e-04
1600 4.688071e-15 1.587927e-04
1601 4.696858e-15 1.588076e-04
1602 4.705644e-15 1.588224e-04
1603 4.714431e-15 1.588373e-04
1604 4.723218e-15 1.588520e-04
1605 4.731163e-15 1.588668e-04
1606 4.738267e-15 1.588815e-04
1607 4.745371e-15 1.588961e-04
1608 4.752475e-15 1.589107e-04
1609 4.759579e-15 1.589253e-04
1610 4.766683e-15 1.589398e-04
1611 4.773787e-15 1.589542e-04
1612 4.780891e-15 1.589686e-04
1613 4.787995e-15 1.589829e-04
1614 4.795099e-15 1.589971e-04
1615 4.801007e-15 1.590113e-04
1616 4.805717e-15 1.590254e-04
1617 4.810428e-15 1.590394e-04
1618 4.815139e-15 1.590533e-04
1619 4.819849e-15 1.590672e-04
1620 4.824560e-15 1.590809e-04
1621 4.829271e-15 1.590946e-04
1622 4.833981e-15 1.591082e-04
1623 4.838692e-15 1.591217e-04
1624 4.843403e-15 1.591351e-04
1625 4.847359e-15 1.591484e-04
1626 4.850561e-15 1.591616e-04
1627 4.853763e-15 1.591747e-04
1628 4.856965e-15 1.591877e-04
1629 4.860167e-15 1.592005e-04
1630 4.863369e-15 1.592133e-04
1631 4.866571e-15 1.592259e-04
1632 4.869773e-15 1.592385e-04
1633 4.872976e-15 1.592508e-04
1634 4.876178e-15 1.592631e-04
1635 4.878302e-15 1.592752e-04
1636 4.879350e-15 1.592872e-04
1637 4.880398e-15 1.592991e-04
1638 4.881446e-15 1.593108e-04
1639 4.882493e-15 1.593224e-04
1640 4.883541e-15 1.593339e-04
1641 4.884589e-15 1.593451e-04
1642 4.885636e-15 1.593563e-04
1643 4.886684e-15 1.593673e-04
1644 4.887732e-15 1.593781e-04
1645 4.888185e-15 1.593887e-04
1646 4.888043e-15 1.593992e-04
1647 4.887901e-15 1.594096e-04
1648 4.887760e-15 1.594197e-04
1649 4.887618e-15 1.594297e-04
1650 4.887476e-15 1.594395e-04
1651 4.887335e-15 1.594492e-04
1652 4.887193e-15 1.594586e-04
1653 4.887051e-15 1.594679e-04
1654 4.886909e-15 1.594770e-04
1655 4.886247e-15 1.594858e-04
1656 4.885062e-15 1.594945e-04
1657 4.883878e-15 1.595030e-04
1658 4.882694e-15 1.595113e-04
1659 4.881510e-15 1.595194e-04
1660 4.880326e-15 1.595273e-04
1661 4.879142e-15 1.595349e-04
1662 4.877958e-15 1.595424e-04
1663 4.876774e-15 1.595496e-04
1664 4.875589e-15 1.595566e-04
1665 4.873627e-15 1.595634e-04
1666 4.870885e-15 1.595699e-04
1667 4.868144e-15 1.595763e-04
1668 4.865402e-15 1.595824e-04
1669 4.862661e-15 1.595882e-04
1670 4.859919e-15 1.595938e-04
1671 4.857178e-15 1.595992e-04
1672 4.854436e-15 1.596043e-04
1673 4.851695e-15 1.596092e-04
1674 4.848953e-15 1.596138e-04
1675 4.846249e-15 1.596182e-04
1676 4.843582e-15 1.596223e-04
1677 4.840916e-15 1.596262e-04
1678 4.838249e-15 1.596298e-04
1679 4.835583e-15 1.596331e-04
1680 4.832916e-15 1.596361e-04
1681 4.830249e-15 1.596389e-04
1682 4.827583e-15 1.596414e-04
1683 4.824916e-15 1.596436e-04
1684 4.822249e-15 1.596455e-04
1685 4.819309e-15 1.596471e-04
1686 4.816095e-15 1.596485e-04
1687 4.812880e-15 1.596495e-04
1688 4.809666e-15 1.596503e-04
1689 4.806451e-15 1.596508e-04
1690 4.803237e-15 1.596509e-04
1691 4.800023e-15 1.596508e-04
1692 4.796808e-15 1.596503e-04
1693 4.793594e-15 1.596495e-04
1694 4.790380e-15 1.596484e-04
1695 4.787234e-15 1.596470e-04
1696 4.784156e-15 1.596453e-04
1697 4.781078e-15 1.596432e-04
1698 4.778001e-15 1.596408e-04
1699 4.774923e-15 1.596381e-04
1700 4.771846e-15 1.596350e-04
1701 4.768768e-15 1.596316e-04
1702 4.765691e-15 1.596279e-04
1703 4.762613e-15 1.596238e-04
1704 4.759535e-15 1.596194e-04
1705 4.756694e-15 1.596146e-04
1706 4.754088e-15 1.596095e-04
1707 4.751482e-15 1.596040e-04
1708 4.748876e-15 1.595981e-04
1709 4.746270e-15 1.595919e-04
1710 4.743664e-15 1.595853e-04
1711 4.741058e-15 1.595784e-04
1712 4.738452e-15 1.595711e-04
1713 4.735846e-15 1.595634e-04
1714 4.733240e-15 1.595553e-04
1715 4.730654e-15 1.595468e-04
1716 4.728089e-15 1.595380e-04
1717 4.725523e-15 1.595288e-04
1718 4.722958e-15 1.595191e-04
1719 4.720393e-15 1.595091e-04
1720 4.717827e-15 1.594987e-04
1721 4.715262e-15 1.594879e-04
1722 4.712696e-15 1.594767e-04
1723 4.710131e-15 1.594651e-04
1724 4.707566e-15 1.594530e-04
1725 4.705459e-15 1.594406e-04
1726 4.703812e-15 1.594277e-04
1727 4.702164e-15 1.594144e-04
1728 4.700516e-15 1.594007e-04
1729 4.698869e-15 1.593866e-04
1730 4.697221e-15 1.593721e-04
1731 4.695574e-15 1.593571e-04
1732 4.693926e-15 1.593417e-04
1733 4.692278e-15 1.593258e-04
1734 4.690631e-15 1.593095e-04
1735 4.689206e-15 1.592928e-04
1736 4.688003e-15 1.592756e-04
1737 4.686800e-15 1.592580e-04
1738 4.685598e-15 1.592399e-04
1739 4.684395e-15 1.592214e-04
1740 4.683192e-15 1.592024e-04
1741 4.681990e-15 1.591829e-04
1742 4.680787e-15 1.591630e-04
1743 4.679585e-15 1.591427e-04
1744 4.678382e-15 1.591218e-04
1745 4.677563e-15 1.591005e-04
1746 4.677127e-15 1.590787e-04
1747 4.676692e-15 1.590565e-04
1748 4.676256e-15 1.590337e-04
1749 4.675821e-15 1.590105e-04
1750 4.675385e-15 1.589868e-04
1751 4.674949e-15 1.589626e-04
1752 4.674514e-15 1.589379e-04
1753 4.674078e-15 1.589127e-04
1754 4.673643e-15 1.588870e-04
1755 4.673636e-15 1.588609e-04
1756 4.674059e-15 1.588342e-04
1757 4.674482e-15 1.588070e-04
1758 4.674905e-15 1.587793e-04
1759 4.675328e-15 1.587511e-04
1760 4.675751e-15 1.587224e-04
1761 4.676173e-15 1.586932e-04
1762 4.676596e-15 1.586634e-04
1763 4.677019e-15 1.586332e-04
1764 4.677442e-15 1.586024e-04
1765 4.677933e-15 1.585711e-04
1766 4.678492e-15 1.585392e-04
1767 4.679051e-15 1.585068e-04
1768 4.679610e-15 1.584739e-04
1769 4.680169e-15 1.584405e-04
1770 4.680728e-15 1.584065e-04
1771 4.681288e-15 1.583720e-04
1772 4.681847e-15 1.583369e-04
1773 4.682406e-15 1.583013e-04
1774 4.682965e-15 1.582651e-04
1775 4.683818e-15 1.582284e-04
1776 4.684965e-15 1.581912e-04
1777 4.686112e-15 1.581533e-04
1778 4.687259e-15 1.581150e-04
1779 4.688406e-15 1.580760e-04
1780 4.689553e-15 1.580365e-04
1781 4.690700e-15 1.579964e-04
1782 4.691847e-15 1.579558e-04
1783 4.692994e-15 1.579146e-04
1784 4.694141e-15 1.578728e-04
1785 4.695554e-15 1.578305e-04
1786 4.697235e-15 1.577875e-04
1787 4.698915e-15 1.577440e-04
1788 4.700595e-15 1.576999e-04
1789 4.702275e-15 1.576552e-04
1790 4.703955e-15 1.576100e-04
1791 4.705635e-15 1.575641e-04
1792 4.707315e-15 1.575177e-04
1793 4.708996e-15 1.574706e-04
1794 4.710676e-15 1.574230e-04
1795 4.712400e-15 1.573748e-04
1796 4.714169e-15 1.573259e-04
1797 4.715938e-15 1.572765e-04
1798 4.717707e-15 1.572264e-04
1799 4.719476e-15 1.571758e-04
1800 4.721244e-15 1.571246e-04
1801 4.723013e-15 1.570727e-04
1802 4.724782e-15 1.570202e-04
1803 4.726551e-15 1.569671e-04
1804 4.728320e-15 1.569134e-04
1805 4.730348e-15 1.568591e-04
1806 4.732636e-15 1.568041e-04
1807 4.734924e-15 1.567486e-04
1808 4.737212e-15 1.566924e-04
1809 4.739499e-15 1.566356e-04
1810 4.741787e-15 1.565781e-04
1811 4.744075e-15 1.565201e-04
1812 4.746363e-15 1.564614e-04
1813 4.748651e-15 1.564020e-04
1814 4.750938e-15 1.563420e-04
1815 4.753094e-15 1.562814e-04
1816 4.755118e-15 1.562202e-04
1817 4.757143e-15 1.561583e-04
1818 4.759167e-15 1.560957e-04
1819 4.761191e-15 1.560326e-04
1820 4.763215e-15 1.559687e-04
1821 4.765239e-15 1.559043e-04
1822 4.767263e-15 1.558392e-04
1823 4.769288e-15 1.557734e-04
1824 4.771312e-15 1.557070e-04
1825 4.773323e-15 1.556399e-04
1826 4.775321e-15 1.555722e-04
1827 4.777319e-15 1.555038e-04
1828 4.779317e-15 1.554347e-04
1829 4.781315e-15 1.553650e-04
1830 4.783313e-15 1.552946e-04
1831 4.785311e-15 1.552236e-04
1832 4.787310e-15 1.551519e-04
1833 4.789308e-15 1.550796e-04
1834 4.791306e-15 1.550065e-04
1835 4.793102e-15 1.549328e-04
1836 4.794696e-15 1.548585e-04
1837 4.796291e-15 1.547834e-04
1838 4.797885e-15 1.547077e-04
1839 4.799480e-15 1.546313e-04
1840 4.801074e-15 1.545543e-04
1841 4.802669e-15 1.544765e-04
1842 4.804263e-15 1.543981e-04
1843 4.805858e-15 1.543190e-04
1844 4.807452e-15 1.542393e-04
1845 4.808684e-15 1.541588e-04
1846 4.809555e-15 1.540777e-04
1847 4.810425e-15 1.539959e-04
1848 4.811295e-15 1.539134e-04
1849 4.812165e-15 1.538302e-04
1850 4.813035e-15 1.537463e-04
1851 4.813905e-15 1.536618e-04
1852 4.814776e-15 1.535765e-04
1853 4.815646e-15 1.534906e-04
1854 4.816516e-15 1.534040e-04
1855 4.817212e-15 1.533166e-04
1856 4.817735e-15 1.532286e-04
1857 4.818258e-15 1.531399e-04
1858 4.818781e-15 1.530506e-04
1859 4.819303e-15 1.529605e-04
1860 4.819826e-15 1.528697e-04
1861 4.820349e-15 1.527782e-04
1862 4.820872e-15 1.526861e-04
1863 4.821395e-15 1.525932e-04
1864 4.821917e-15 1.524996e-04
1865 4.821785e-15 1.524054e-04
1866 4.820999e-15 1.523104e-04
1867 4.820212e-15 1.522148e-04
1868 4.819426e-15 1.521184e-04
1869 4.818639e-15 1.520213e-04
1870 4.817852e-15 1.519236e-04
1871 4.817066e-15 1.518251e-04
1872 4.816279e-15 1.517260e-04
1873 4.815493e-15 1.516261e-04
1874 4.814706e-15 1.515256e-04
1875 4.813246e-15 1.514243e-04
1876 4.811114e-15 1.513223e-04
1877 4.808982e-15 1.512197e-04
1878 4.806849e-15 1.511163e-04
1879 4.804717e-15 1.510122e-04
1880 4.802585e-15 1.509074e-04
1881 4.800452e-15 1.508020e-04
1882 4.798320e-15 1.506958e-04
1883 4.796188e-15 1.505889e-04
1884 4.794055e-15 1.504813e-04
1885 4.791342e-15 1.503730e-04
1886 4.788047e-15 1.502640e-04
1887 4.784753e-15 1.501543e-04
1888 4.781458e-15 1.500439e-04
1889 4.778163e-15 1.499328e-04
1890 4.774869e-15 1.498210e-04
1891 4.771574e-15 1.497085e-04
1892 4.768280e-15 1.495953e-04
1893 4.764985e-15 1.494814e-04
1894 4.761690e-15 1.493667e-04
1895 4.757328e-15 1.492514e-04
1896 4.751898e-15 1.491354e-04
1897 4.746468e-15 1.490187e-04
1898 4.741038e-15 1.489012e-04
1899 4.735608e-15 1.487831e-04
1900 4.730178e-15 1.486643e-04
1901 4.724748e-15 1.485448e-04
1902 4.719318e-15 1.484245e-04
1903 4.713888e-15 1.483036e-04
1904 4.708458e-15 1.481820e-04
1905 4.702491e-15 1.480597e-04
1906 4.695988e-15 1.479367e-04
1907 4.689484e-15 1.478130e-04
1908 4.682980e-15 1.476886e-04
1909 4.676477e-15 1.475635e-04
1910 4.669973e-15 1.474377e-04
1911 4.663469e-15 1.473112e-04
1912 4.656966e-15 1.471840e-04
1913 4.650462e-15 1.470561e-04
1914 4.643958e-15 1.469276e-04
1915 4.636554e-15 1.467983e-04
1916 4.628249e-15 1.466684e-04
1917 4.619944e-15 1.465378e-04
1918 4.611639e-15 1.464065e-04
1919 4.603334e-15 1.462745e-04
1920 4.595029e-15 1.461418e-04
1921 4.586724e-15 1.460085e-04
1922 4.578419e-15 1.458744e-04
1923 4.570114e-15 1.457397e-04
1924 4.561809e-15 1.456043e-04
1925 4.552642e-15 1.454682e-04
1926 4.542613e-15 1.453315e-04
1927 4.532585e-15 1.451941e-04
1928 4.522556e-15 1.450560e-04
1929 4.512527e-15 1.449172e-04
1930 4.502499e-15 1.447778e-04
1931 4.492470e-15 1.446377e-04
1932 4.482441e-15 1.444969e-04
1933 4.472413e-15 1.443554e-04
1934 4.462384e-15 1.442133e-04
1935 4.451989e-15 1.440706e-04
1936 4.441228e-15 1.439272e-04
1937 4.430467e-15 1.437831e-04
1938 4.419706e-15 1.436383e-04
1939 4.408945e-15 1.434929e-04
1940 4.398184e-15 1.433469e-04
1941 4.387423e-15 1.432002e-04
1942 4.376661e-15 1.430529e-04
1943 4.365900e-15 1.429049e-04
1944 4.355139e-15 1.427562e-04
1945 4.343606e-15 1.426069e-04
1946 4.331301e-15 1.424570e-04
1947 4.318996e-15 1.423065e-04
1948 4.306690e-15 1.421553e-04
1949 4.294385e-15 1.420034e-04
1950 4.282080e-15 1.418510e-04
1951 4.269775e-15 1.416979e-04
1952 4.257469e-15 1.415442e-04
1953 4.245164e-15 1.413898e-04
1954 4.232859e-15 1.412348e-04
1955 4.220401e-15 1.410793e-04
1956 4.207791e-15 1.409231e-04
1957 4.195181e-15 1.407662e-04
1958 4.182571e-15 1.406088e-04
1959 4.169961e-15 1.404508e-04
1960 4.157351e-15 1.402921e-04
1961 4.144741e-15 1.401329e-04
1962 4.132131e-15 1.399730e-04
1963 4.119521e-15 1.398126e-04
1964 4.106911e-15 1.396515e-04
1965 4.093742e-15 1.394899e-04
1966 4.080014e-15 1.393277e-04
1967 4.066285e-15 1.391649e-04
1968 4.052557e-15 1.390015e-04
1969 4.038828e-15 1.388375e-04
1970 4.025100e-15 1.386729e-04
1971 4.011371e-15 1.385078e-04
1972 3.997643e-15 1.383421e-04
1973 3.983914e-15 1.381759e-04
1974 3.970185e-15 1.380090e-04
1975 3.956235e-15 1.378416e-04
1976 3.942062e-15 1.376737e-04
1977 3.927889e-15 1.375052e-04
1978 3.913716e-15 1.373361e-04
1979 3.899543e-15 1.371665e-04
1980 3.885370e-15 1.369964e-04
1981 3.871197e-15 1.368257e-04
1982 3.857024e-15 1.366545e-04
1983 3.842851e-15 1.364827e-04
1984 3.828678e-15 1.363104e-04
1985 3.831908e-15 1.361376e-04
1986 3.852541e-15 1.359643e-04
1987 3.873175e-15 1.357904e-04
1988 3.893808e-15 1.356161e-04
1989 3.914442e-15 1.354412e-04
1990 3.935076e-15 1.352658e-04
1991 3.955709e-15 1.350900e-04
1992 3.976343e-15 1.349136e-04
1993 3.996976e-15 1.347367e-04
1994 4.017610e-15 1.345594e-04
1995 4.038243e-15 1.343815e-04
1996 4.038243e-15 1.342032e-04
1997 4.038243e-15 1.340244e-04
1998 4.038243e-15 1.338451e-04
1999 4.038243e-15 1.336654e-04
2000 4.038243e-15 1.334852e-04
2001 4.038243e-15 1.333045e-04
