0 0.000000e+00 1.024917e-06
1 0.000000e+00 1.024917e-06
2 0.000000e+00 1.024917e-06
3 0.000000e+00 1.865229e-06
4 0.000000e+00 2.761775e-06
5 0.000000e+00 3.704485e-06
6 0.000000e+00 4.684322e-06
7 0.000000e+00 5.693232e-06
8 0.000000e+00 6.724093e-06
9 0.000000e+00 7.770665e-06
10 0.000000e+00 8.827542e-06
11 0.000000e+00 9.890096e-06
12 0.000000e+00 1.095443e-05
13 0.000000e+00 1.201734e-05
14 0.000000e+00 1.307624e-05
15 0.000000e+00 1.412912e-05
16 0.000000e+00 1.517451e-05
17 0.000000e+00 1.621142e-05
18 0.000000e+00 1.723930e-05
19 0.000000e+00 1.825796e-05
20 0.000000e+00 1.926754e-05
21 0.000000e+00 2.026848e-05
22 0.000000e+00 2.126142e-05
23 0.000000e+00 2.224721e-05
24 0.000000e+00 2.322681e-05
25 0.000000e+00 2.420125e-05
26 0.000000e+00 2.517161e-05
27 0.000000e+00 2.613894e-05
28 0.000000e+00 2.710419e-05
29 0.000000e+00 2.806824e-05
30 0.000000e+00 2.903175e-05
31 0.000000e+00 2.999518e-05
32 0.000000e+00 3.095872e-05
33 0.000000e+00 3.192221e-05
34 0.000000e+00 3.288517e-05
35 0.000000e+00 3.384682e-05
36 0.000000e+00 3.480615e-05
37 0.000000e+00 3.576198e-05
38 0.000000e+00 3.671307e-05
39 0.000000e+00 3.765817e-05
40 0.000000e+00 3.859611e-05
41 0.000000e+00 3.952584e-05
42 0.000000e+00 4.044653e-05
43 0.000000e+00 4.135765e-05
44 0.000000e+00 4.225900e-05
45 0.000000e+00 4.315069e-05
46 0.000000e+00 4.403308e-05
47 0.000000e+00 4.490673e-05
48 0.000000e+00 4.577237e-05
49 0.000000e+00 4.663079e-05
50 0.000000e+00 4.748286e-05
51 0.000000e+00 4.832942e-05
52 0.000000e+00 4.917123e-05
53 0.000000e+00 5.000897e-05
54 0.000000e+00 5.084314e-05
55 0.000000e+00 5.167407e-05
56 0.000000e+00 5.250198e-05
57 0.000000e+00 5.332695e-05
58 0.000000e+00 5.414894e-05
59 0.000000e+00 5.496782e-05
60 0.000000e+00 5.578339e-05
61 0.000000e+00 5.659536e-05
62 0.000000e+00 5.740342e-05
63 0.000000e+00 5.820720e-05
64 0.000000e+00 5.900631e-05
65 0.000000e+00 5.980037e-05
66 0.000000e+00 6.058900e-05
67 0.000000e+00 6.137182e-05
68 0.000000e+00 6.214850e-05
69 0.000000e+00 6.291876e-05
70 0.000000e+00 6.368235e-05
71 0.000000e+00 6.443911e-05
72 0.000000e+00 6.518897e-05
73 0.000000e+00 6.593193e-05
74 0.000000e+00 6.666812e-05
75 0.000000e+00 6.739772e-05
76 0.000000e+00 6.812102e-05
77 0.000000e+00 6.883831e-05
78 0.000000e+00 6.954992e-05
79 0.000000e+00 7.025618e-05
80 0.000000e+00 7.095739e-05
81 0.000000e+00 7.165380e-05
82 0.000000e+00 7.234560e-05
83 0.000000e+00 7.303288e-05
84 0.000000e+00 7.371563e-05
85 0.000000e+00 7.439375e-05
86 0.000000e+00 7.506707e-05
87 0.000000e+00 7.573537e-05
88 0.000000e+00 7.639839e-05
89 0.000000e+00 7.705589e-05
90 0.000000e+00 7.770761e-05
91 0.000000e+00 7.835334e-05
92 0.000000e+00 7.899295e-05
93 0.000000e+00 7.962634e-05
94 0.000000e+00 8.025355e-05
95 0.000000e+00 8.087466e-05
96 0.000000e+00 8.148986e-05
97 0.000000e+00 8.209936e-05
98 0.000000e+00 8.270345e-05
99 0.000000e+00 8.330241e-05
100 0.000000e+00 8.389657e-05
101 0.000000e+00 8.448623e-05
102 0.000000e+00 8.507171e-05
103 0.000000e+00 8.565327e-05
104 0.000000e+00 8.623114e-05
105 0.000000e+00 8.680554e-05
106 0.000000e+00 8.737661e-05
107 0.000000e+00 8.794448e-05
108 0.000000e+00 8.850924e-05
109 0.000000e+00 8.907095e-05
110 0.000000e+00 8.962965e-05
111 0.000000e+00 9.018535e-05
112 0.000000e+00 9.073802e-05
113 0.000000e+00 9.128763e-05
114 0.000000e+00 9.183412e-05
115 0.000000e+00 9.237742e-05
116 0.000000e+00 9.291743e-05
117 0.000000e+00 9.345406e-05
118 0.000000e+00 9.398719e-05
119 0.000000e+00 9.451670e-05
120 0.000000e+00 9.504246e-05
121 0.000000e+00 9.556435e-05
122 0.000000e+00 9.608223e-05
123 0.000000e+00 9.659596e-05
124 0.000000e+00 9.710543e-05
125 0.000000e+00 9.761050e-05
126 0.000000e+00 9.811106e-05
127 0.000000e+00 9.860701e-05
128 0.000000e+00 9.909824e-05
129 0.000000e+00 9.958468e-05
130 0.000000e+00 1.000663e-04
131 0.000000e+00 1.005429e-04
132 0.000000e+00 1.010147e-04
133 0.000000e+00 1.014815e-04
134 0.000000e+00 1.019434e-04
135 0.000000e+00 1.024005e-04
136 0.000000e+00 1.028527e-04
137 0.000000e+00 1.033003e-04
138 0.000000e+00 1.037432e-04
139 0.000000e+00 1.041817e-04
140 0.000000e+00 1.046158e-04
141 0.000000e+00 1.050457e-04
142 0.000000e+00 1.054716e-04
143 0.000000e+00 1.058937e-04
144 0.000000e+00 1.063122e-04
145 0.000000e+00 1.067272e-04
146 0.000000e+00 1.071389e-04
147 0.000000e+00 1.075476e-04
148 0.000000e+00 1.079535e-04
149 0.000000e+00 1.083568e-04
150 0.000000e+00 1.087577e-04
151 0.000000e+00 1.091564e-04
152 0.000000e+00 1.095532e-04
153 0.000000e+00 1.099482e-04
154 0.000000e+00 1.103416e-04
155 0.000000e+00 1.107337e-04
156 0.000000e+00 1.111246e-04
157 0.000000e+00 1.115146e-04
158 0.000000e+00 1.119037e-04
159 0.000000e+00 1.122921e-04
160 0.000000e+00 1.126800e-04
161 0.000000e+00 1.130675e-04
162 0.000000e+00 1.134547e-04
163 0.000000e+00 1.138417e-04
164 0.000000e+00 1.142285e-04
165 0.000000e+00 1.146152e-04
166 0.000000e+00 1.150018e-04
167 0.000000e+00 1.153883e-04
168 0.000000e+00 1.157748e-04
169 0.000000e+00 1.161611e-04
170 0.000000e+00 1.165474e-04
171 0.000000e+00 1.169334e-04
172 0.000000e+00 1.173192e-04
173 0.000000e+00 1.177047e-04
174 0.000000e+00 1.180898e-04
175 0.000000e+00 1.184745e-04
176 0.000000e+00 1.188586e-04
177 0.000000e+00 1.192421e-04
178 0.000000e+00 1.196249e-04
179 0.000000e+00 1.200068e-04
180 0.000000e+00 1.203877e-04
181 0.000000e+00 1.207677e-04
182 0.000000e+00 1.211465e-04
183 0.000000e+00 1.215241e-04
184 0.000000e+00 1.219004e-04
185 0.000000e+00 1.222752e-04
186 0.000000e+00 1.226486e-04
187 0.000000e+00 1.230204e-04
188 0.000000e+00 1.233906e-04
189 0.000000e+00 1.237592e-04
190 0.000000e+00 1.241260e-04
191 0.000000e+00 1.244911e-04
192 0.000000e+00 1.248544e-04
193 0.000000e+00 1.252160e-04
194 0.000000e+00 1.255758e-04
195 0.000000e+00 1.259339e-04
196 0.000000e+00 1.262904e-04
197 0.000000e+00 1.266452e-04
198 0.000000e+00 1.269986e-04
199 0.000000e+00 1.273504e-04
200 0.000000e+00 1.277009e-04
201 0.000000e+00 1.280501e-04
202 0.000000e+00 1.283982e-04
203 0.000000e+00 1.287453e-04
204 0.000000e+00 1.290914e-04
205 0.000000e+00 1.294367e-04
206 0.000000e+00 1.297814e-04
207 0.000000e+00 1.301256e-04
208 0.000000e+00 1.304694e-04
209 0.000000e+00 1.308129e-04
210 0.000000e+00 1.311563e-04
211 0.000000e+00 1.314997e-04
212 0.000000e+00 1.318433e-04
213 0.000000e+00 1.321871e-04
214 0.000000e+00 1.325314e-04
215 0.000000e+00 1.328762e-04
216 0.000000e+00 1.332216e-04
217 0.000000e+00 1.335678e-04
218 0.000000e+00 1.339148e-04
219 0.000000e+00 1.342627e-04
220 0.000000e+00 1.346117e-04
221 0.000000e+00 1.349617e-04
222 0.000000e+00 1.353129e-04
223 0.000000e+00 1.356652e-04
224 0.000000e+00 1.360188e-04
225 0.000000e+00 1.363735e-04
226 0.000000e+00 1.367294e-04
227 0.000000e+00 1.370866e-04
228 0.000000e+00 1.374449e-04
229 0.000000e+00 1.378043e-04
230 0.000000e+00 1.381649e-04
231 0.000000e+00 1.385265e-04
232 0.000000e+00 1.388890e-04
233 0.000000e+00 1.392525e-04
234 0.000000e+00 1.396168e-04
235 0.000000e+00 1.399819e-04
236 0.000000e+00 1.403476e-04
237 0.000000e+00 1.407139e-04
238 0.000000e+00 1.410807e-04
239 0.000000e+00 1.414480e-04
240 0.000000e+00 1.418155e-04
241 0.000000e+00 1.421832e-04
242 0.000000e+00 1.425510e-04
243 0.000000e+00 1.429188e-04
244 0.000000e+00 1.432866e-04
245 0.000000e+00 1.436542e-04
246 0.000000e+00 1.440216e-04
247 0.000000e+00 1.443886e-04
248 0.000000e+00 1.447552e-04
249 0.000000e+00 1.451213e-04
250 0.000000e+00 1.454869e-04
251 0.000000e+00 1.458518e-04
252 0.000000e+00 1.462161e-04
253 0.000000e+00 1.465798e-04
254 0.000000e+00 1.469427e-04
255 0.000000e+00 1.473049e-04
256 0.000000e+00 1.476663e-04
257 0.000000e+00 1.480270e-04
258 0.000000e+00 1.483869e-04
259 0.000000e+00 1.487462e-04
260 0.000000e+00 1.491047e-04
261 0.000000e+00 1.494625e-04
262 0.000000e+00 1.498197e-04
263 0.000000e+00 1.501763e-04
264 0.000000e+00 1.505323e-04
265 0.000000e+00 1.508877e-04
266 0.000000e+00 1.512427e-04
267 0.000000e+00 1.515973e-04
268 0.000000e+00 1.519515e-04
269 0.000000e+00 1.523054e-04
270 0.000000e+00 1.526590e-04
271 0.000000e+00 1.530125e-04
272 0.000000e+00 1.533658e-04
273 0.000000e+00 1.537190e-04
274 0.000000e+00 1.540721e-04
275 0.000000e+00 1.544253e-04
276 0.000000e+00 1.547786e-04
277 0.000000e+00 1.551319e-04
278 0.000000e+00 1.554854e-04
279 0.000000e+00 1.558392e-04
280 0.000000e+00 1.561931e-04
281 0.000000e+00 1.565474e-04
282 0.000000e+00 1.569019e-04
283 0.000000e+00 1.572567e-04
284 0.000000e+00 1.576119e-04
285 0.000000e+00 1.579674e-04
286 0.000000e+00 1.583232e-04
287 0.000000e+00 1.586793e-04
288 0.000000e+00 1.590357e-04
289 0.000000e+00 1.593924e-04
290 0.000000e+00 1.597494e-04
291 0.000000e+00 1.601066e-04
292 0.000000e+00 1.604640e-04
293 0.000000e+00 1.608215e-04
294 0.000000e+00 1.611792e-04
295 0.000000e+00 1.615370e-04
296 0.000000e+00 1.618948e-04
297 0.000000e+00 1.622526e-04
298 0.000000e+00 1.626103e-04
299 0.000000e+00 1.629679e-04
300 1.258582e-15 1.633253e-04
301 1.258582e-15 1.636825e-04
302 1.258582e-15 1.640393e-04
303 1.258582e-15 1.643959e-04
304 1.258582e-15 1.647520e-04
305 1.261760e-15 1.651076e-04
306 1.268118e-15 1.654627e-04
307 1.274475e-15 1.658173e-04
308 1.280833e-15 1.661711e-04
309 1.287190e-15 1.665243e-04
310 1.293548e-15 1.668767e-04
311 1.299905e-15 1.672283e-04
312 1.306263e-15 1.675790e-04
313 1.312620e-15 1.679288e-04
314 1.318978e-15 1.682776e-04
315 1.325354e-15 1.686254e-04
316 1.331749e-15 1.689722e-04
317 1.338145e-15 1.693179e-04
318 1.344540e-15 1.696624e-04
319 1.350935e-15 1.700058e-04
320 1.357330e-15 1.703480e-04
321 1.363726e-15 1.706890e-04
322 1.370121e-15 1.710287e-04
323 1.376516e-15 1.713672e-04
324 1.382911e-15 1.717043e-04
325 1.389380e-15 1.720402e-04
326 1.395923e-15 1.723747e-04
327 1.402466e-15 1.727078e-04
328 1.409008e-15 1.730396e-04
329 1.415551e-15 1.733700e-04
330 1.422094e-15 1.736990e-04
331 1.428636e-15 1.740266e-04
332 1.435179e-15 1.743527e-04
333 1.441722e-15 1.746775e-04
334 1.448264e-15 1.750008e-04
335 1.454767e-15 1.753227e-04
336 1.461230e-15 1.756431e-04
337 1.467692e-15 1.759622e-04
338 1.474155e-15 1.762797e-04
339 1.480618e-15 1.765959e-04
340 1.487080e-15 1.769106e-04
341 1.493543e-15 1.772239e-04
342 1.500005e-15 1.775357e-04
343 1.506468e-15 1.778461e-04
344 1.512931e-15 1.781551e-04
345 1.519377e-15 1.784627e-04
346 1.525808e-15 1.787689e-04
347 1.532239e-15 1.790737e-04
348 1.538670e-15 1.793771e-04
349 1.545101e-15 1.796791e-04
350 1.551532e-15 1.799797e-04
351 1.557963e-15 1.802789e-04
352 1.564394e-15 1.805768e-04
353 1.570825e-15 1.808733e-04
354 1.577256e-15 1.811685e-04
355 1.583731e-15 1.814623e-04
356 1.590249e-15 1.817547e-04
357 1.596768e-15 1.820458e-04
358 1.603286e-15 1.823356e-04
359 1.609805e-15 1.826240e-04
360 1.616324e-15 1.829110e-04
361 1.622842e-15 1.831967e-04
362 1.629361e-15 1.834810e-04
363 1.635879e-15 1.837640e-04
364 1.642398e-15 1.840456e-04
365 1.648924e-15 1.843258e-04
366 1.655456e-15 1.846045e-04
367 1.661989e-15 1.848819e-04
368 1.668521e-15 1.851578e-04
369 1.675054e-15 1.854322e-04
370 1.681587e-15 1.857051e-04
371 1.688119e-15 1.859765e-04
372 1.694652e-15 1.862463e-04
373 1.701185e-15 1.865146e-04
374 1.707717e-15 1.867811e-04
375 1.714499e-15 1.870460e-04
376 1.721528e-15 1.873092e-04
377 1.728558e-15 1.875706e-04
378 1.735588e-15 1.878301e-04
379 1.742618e-15 1.880878e-04
380 1.749648e-15 1.883435e-04
381 1.756678e-15 1.885971e-04
382 1.763708e-15 1.888488e-04
383 1.770738e-15 1.890983e-04
384 1.777768e-15 1.893456e-04
385 1.784874e-15 1.895908e-04
386 1.792058e-15 1.898336e-04
387 1.799241e-15 1.900740e-04
388 1.806425e-15 1.903121e-04
389 1.813608e-15 1.905477e-04
390 1.820792e-15 1.907809e-04
391 1.827975e-15 1.910114e-04
392 1.835159e-15 1.912394e-04
393 1.842342e-15 1.914648e-04
394 1.849526e-15 1.916875e-04
395 1.856944e-15 1.919075e-04
396 1.864597e-15 1.921247e-04
397 1.872250e-15 1.923392e-04
398 1.879904e-15 1.925510e-04
399 1.887557e-15 1.927599e-04
400 1.895210e-15 1.929661e-04
401 1.902863e-15 1.931695e-04
402 1.910516e-15 1.933701e-04
403 1.918169e-15 1.935679e-04
404 1.925822e-15 1.937630e-04
405 1.933950e-15 1.939554e-04
406 1.942552e-15 1.941451e-04
407 1.951154e-15 1.943322e-04
408 1.959756e-15 1.945167e-04
409 1.968358e-15 1.946986e-04
410 1.976960e-15 1.948781e-04
411 1.985562e-15 1.950551e-04
412 1.994164e-15 1.952298e-04
413 2.002766e-15 1.954022e-04
414 2.011369e-15 1.955724e-04
415 2.020245e-15 1.957405e-04
416 2.029395e-15 1.959065e-04
417 2.038545e-15 1.960705e-04
418 2.047696e-15 1.962326e-04
419 2.056846e-15 1.963929e-04
420 2.065996e-15 1.965514e-04
421 2.075146e-15 1.967083e-04
422 2.084297e-15 1.968635e-04
423 2.093447e-15 1.970173e-04
424 2.102597e-15 1.971696e-04
425 2.112258e-15 1.973206e-04
426 2.122431e-15 1.974703e-04
427 2.132603e-15 1.976187e-04
428 2.142775e-15 1.977660e-04
429 2.152947e-15 1.979122e-04
430 2.163119e-15 1.980573e-04
431 2.173291e-15 1.982014e-04
432 2.183463e-15 1.983446e-04
433 2.193635e-15 1.984868e-04
434 2.203807e-15 1.986282e-04
435 2.214247e-15 1.987687e-04
436 2.224955e-15 1.989084e-04
437 2.235662e-15 1.990472e-04
438 2.246370e-15 1.991853e-04
439 2.257077e-15 1.993225e-04
440 2.267785e-15 1.994589e-04
441 2.278493e-15 1.995945e-04
442 2.289200e-15 1.997293e-04
443 2.299908e-15 1.998633e-04
444 2.310615e-15 1.999964e-04
445 2.321629e-15 2.001287e-04
446 2.332948e-15 2.002601e-04
447 2.344267e-15 2.003905e-04
448 2.355586e-15 2.005201e-04
449 2.366905e-15 2.006487e-04
450 2.378224e-15 2.007764e-04
451 2.389542e-15 2.009030e-04
452 2.400861e-15 2.010286e-04
453 2.412180e-15 2.011532e-04
454 2.423499e-15 2.012767e-04
455 2.435121e-15 2.013991e-04
456 2.447046e-15 2.015203e-04
457 2.458970e-15 2.016404e-04
458 2.470895e-15 2.017593e-04
459 2.482820e-15 2.018771e-04
460 2.494744e-15 2.019936e-04
461 2.506669e-15 2.021089e-04
462 2.518594e-15 2.022229e-04
463 2.530518e-15 2.023357e-04
464 2.542443e-15 2.024472e-04
465 2.554549e-15 2.025575e-04
466 2.566836e-15 2.026665e-04
467 2.579124e-15 2.027742e-04
468 2.591411e-15 2.028807e-04
469 2.603698e-15 2.029859e-04
470 2.615985e-15 2.030899e-04
471 2.628273e-15 2.031927e-04
472 2.640560e-15 2.032943e-04
473 2.652847e-15 2.033947e-04
474 2.665135e-15 2.034939e-04
475 2.677739e-15 2.035920e-04
476 2.690660e-15 2.036890e-04
477 2.703581e-15 2.037850e-04
478 2.716502e-15 2.038799e-04
479 2.729423e-15 2.039738e-04
480 2.742344e-15 2.040667e-04
481 2.755266e-15 2.041587e-04
482 2.768187e-15 2.042498e-04
483 2.781108e-15 2.043401e-04
484 2.794029e-15 2.044296e-04
485 2.807091e-15 2.045182e-04
486 2.820293e-15 2.046062e-04
487 2.833496e-15 2.046935e-04
488 2.846699e-15 2.047802e-04
489 2.859901e-15 2.048664e-04
490 2.873104e-15 2.049520e-04
491 2.886307e-15 2.050371e-04
492 2.899509e-15 2.051218e-04
493 2.912712e-15 2.052062e-04
494 2.925915e-15 2.052902e-04
495 2.939372e-15 2.053740e-04
496 2.953085e-15 2.054576e-04
497 2.966798e-15 2.055411e-04
498 2.980511e-15 2.056244e-04
499 2.994224e-15 2.057078e-04
500 3.007936e-15 2.057911e-04
501 3.021649e-15 2.058745e-04
502 3.035362e-15 2.059581e-04
503 3.049075e-15 2.060418e-04
504 3.062788e-15 2.061258e-04
505 3.076768e-15 2.062100e-04
506 3.091016e-15 2.062946e-04
507 3.105265e-15 2.063795e-04
508 3.119513e-15 2.064649e-04
509 3.133761e-15 2.065508e-04
510 3.148010e-15 2.066372e-04
511 3.162258e-15 2.067241e-04
512 3.176506e-15 2.068117e-04
513 3.190755e-15 2.068999e-04
514 3.205003e-15 2.069888e-04
515 3.219545e-15 2.070784e-04
516 3.234380e-15 2.071687e-04
517 3.249216e-15 2.072599e-04
518 3.264051e-15 2.073518e-04
519 3.278887e-15 2.074446e-04
520 3.293722e-15 2.075383e-04
521 3.308558e-15 2.076328e-04
522 3.323394e-15 2.077282e-04
523 3.338229e-15 2.078246e-04
524 3.353065e-15 2.079218e-04
525 3.368130e-15 2.080200e-04
526 3.383425e-15 2.081191e-04
527 3.398719e-15 2.082191e-04
528 3.414014e-15 2.083200e-04
529 3.429309e-15 2.084218e-04
530 3.444604e-15 2.085246e-04
531 3.459899e-15 2.086282e-04
532 3.475194e-15 2.087328e-04
533 3.490488e-15 2.088382e-04
534 3.505783e-15 2.089444e-04
535 3.521447e-15 2.090515e-04
536 3.537479e-15 2.091594e-04
537 3.553511e-15 2.092680e-04
538 3.569544e-15 2.093774e-04
539 3.585576e-15 2.094876e-04
540 3.601608e-15 2.095985e-04
541 3.617641e-15 2.097100e-04
542 3.633673e-15 2.098222e-04
543 3.649705e-15 2.099349e-04
544 3.665738e-15 2.100483e-04
545 3.682045e-15 2.101622e-04
546 3.698627e-15 2.102767e-04
547 3.715208e-15 2.103916e-04
548 3.731790e-15 2.105069e-04
549 3.748372e-15 2.106227e-04
550 3.764954e-15 2.107389e-04
551 3.781535e-15 2.108554e-04
552 3.798117e-15 2.109722e-04
553 3.814699e-15 2.110893e-04
554 3.831281e-15 2.112066e-04
555 3.848277e-15 2.113241e-04
556 3.865687e-15 2.114418e-04
557 3.883098e-15 2.115597e-04
558 3.900508e-15 2.116777e-04
559 3.917919e-15 2.117957e-04
560 3.935329e-15 2.119138e-04
561 3.952740e-15 2.120319e-04
562 3.970151e-15 2.121501e-04
563 3.987561e-15 2.122681e-04
564 4.004972e-15 2.123862e-04
565 4.022608e-15 2.125041e-04
566 4.040471e-15 2.126219e-04
567 4.058334e-15 2.127395e-04
568 4.076197e-15 2.128570e-04
569 4.094060e-15 2.129742e-04
570 4.111923e-15 2.130912e-04
571 4.129786e-15 2.132080e-04
572 4.147648e-15 2.133245e-04
573 4.165511e-15 2.134406e-04
574 4.183374e-15 2.135565e-04
575 4.201649e-15 2.136719e-04
576 4.220334e-15 2.137870e-04
577 4.239020e-15 2.139017e-04
578 4.257706e-15 2.140159e-04
579 4.276392e-15 2.141296e-04
580 4.295078e-15 2.142429e-04
581 4.313764e-15 2.143557e-04
582 4.332450e-15 2.144679e-04
583 4.351136e-15 2.145796e-04
584 4.369822e-15 2.146908e-04
585 4.388953e-15 2.148013e-04
586 4.408529e-15 2.149112e-04
587 4.428105e-15 2.150204e-04
588 4.447681e-15 2.151290e-04
589 4.467257e-15 2.152369e-04
590 4.486834e-15 2.153442e-04
591 4.506410e-15 2.154506e-04
592 4.525986e-15 2.155564e-04
593 4.545562e-15 2.156614e-04
594 4.565138e-15 2.157656e-04
595 4.585004e-15 2.158690e-04
596 4.605159e-15 2.159715e-04
597 4.625314e-15 2.160733e-04
598 4.645469e-15 2.161741e-04
599 4.665624e-15 2.162741e-04
600 4.685779e-15 2.163732e-04
601 4.705934e-15 2.164714e-04
602 4.726089e-15 2.165686e-04
603 4.746244e-15 2.166649e-04
604 4.766399e-15 2.167602e-04
605 4.787057e-15 2.168545e-04
606 4.808217e-15 2.169478e-04
607 4.829378e-15 2.170401e-04
608 4.850538e-15 2.171314e-04
609 4.871698e-15 2.172216e-04
610 4.892859e-15 2.173107e-04
611 4.914019e-15 2.173987e-04
612 4.935180e-15 2.174856e-04
613 4.956340e-15 2.175714e-04
614 4.977500e-15 2.176561e-04
615 4.999080e-15 2.177396e-04
616 5.021080e-15 2.178219e-04
617 5.043080e-15 2.179030e-04
618 5.065079e-15 2.179829e-04
619 5.087079e-15 2.180616e-04
620 5.109078e-15 2.181391e-04
621 5.131078e-15 2.182153e-04
622 5.153077e-15 2.182903e-04
623 5.175077e-15 2.183639e-04
624 5.197077e-15 2.184363e-04
625 5.219494e-15 2.185073e-04
626 5.242330e-15 2.185770e-04
627 5.265166e-15 2.186454e-04
628 5.288002e-15 2.187124e-04
629 5.310838e-15 2.187780e-04
630 5.333674e-15 2.188422e-04
631 5.356510e-15 2.189050e-04
632 5.379345e-15 2.189664e-04
633 5.402181e-15 2.190263e-04
634 5.425017e-15 2.190848e-04
635 5.448728e-15 2.191419e-04
636 5.473314e-15 2.191974e-04
637 5.497899e-15 2.192514e-04
638 5.522485e-15 2.193039e-04
639 5.547070e-15 2.193549e-04
640 5.571656e-15 2.194044e-04
641 5.596241e-15 2.194522e-04
642 5.620827e-15 2.194985e-04
643 5.645413e-15 2.195432e-04
644 5.669998e-15 2.195863e-04
645 5.695338e-15 2.196278e-04
646 5.721431e-15 2.196676e-04
647 5.747525e-15 2.197058e-04
648 5.773619e-15 2.197423e-04
649 5.799712e-15 2.197771e-04
650 5.825806e-15 2.198102e-04
651 5.851899e-15 2.198416e-04
652 5.877993e-15 2.198712e-04
653 5.904086e-15 2.198991e-04
654 5.930180e-15 2.199252e-04
655 5.957214e-15 2.199495e-04
656 5.985187e-15 2.199721e-04
657 6.013161e-15 2.199928e-04
658 6.041135e-15 2.200116e-04
659 6.069108e-15 2.200286e-04
660 6.097082e-15 2.200438e-04
661 6.125056e-15 2.200570e-04
662 6.153030e-15 2.200684e-04
663 6.181003e-15 2.200778e-04
664 6.208977e-15 2.200853e-04
665 6.238004e-15 2.200908e-04
666 6.268086e-15 2.200943e-04
667 6.298167e-15 2.200959e-04
668 6.328248e-15 2.200954e-04
669 6.358329e-15 2.200929e-04
670 6.388411e-15 2.200884e-04
671 6.418492e-15 2.200818e-04
672 6.448573e-15 2.200732e-04
673 6.478654e-15 2.200624e-04
674 6.508736e-15 2.200495e-04
675 6.539986e-15 2.200346e-04
676 6.572406e-15 2.200174e-04
677 6.604826e-15 2.199981e-04
678 6.637246e-15 2.199766e-04
679 6.669666e-15 2.199530e-04
680 6.702086e-15 2.199271e-04
681 6.734506e-15 2.198990e-04
682 6.766926e-15 2.198686e-04
683 6.799347e-15 2.198360e-04
684 6.831767e-15 2.198011e-04
685 6.865646e-15 2.197640e-04
686 6.900984e-15 2.197245e-04
687 6.936322e-15 2.196827e-04
688 6.971660e-15 2.196386e-04
689 7.006998e-15 2.195921e-04
690 7.042337e-15 2.195433e-04
691 7.077675e-15 2.194921e-04
692 7.113013e-15 2.194384e-04
693 7.148351e-15 2.193824e-04
694 7.183689e-15 2.193240e-04
695 7.220058e-15 2.192631e-04
696 7.257458e-15 2.191998e-04
697 7.294858e-15 2.191341e-04
698 7.332258e-15 2.190658e-04
699 7.369658e-15 2.189951e-04
700 7.407058e-15 2.189219e-04
701 7.444458e-15 2.188462e-04
702 7.481858e-15 2.187679e-04
703 7.519258e-15 2.186872e-04
704 7.556658e-15 2.186039e-04
705 7.595344e-15 2.185180e-04
706 7.635315e-15 2.184296e-04
707 7.675286e-15 2.183386e-04
708 7.715256e-15 2.182451e-04
709 7.755227e-15 2.181489e-04
710 7.795198e-15 2.180502e-04
711 7.835169e-15 2.179489e-04
712 7.875140e-15 2.178449e-04
713 7.915111e-15 2.177384e-04
714 7.955082e-15 2.176292e-04
715 7.996011e-15 2.175174e-04
716 8.037898e-15 2.174030e-04
717 8.079785e-15 2.172859e-04
718 8.121673e-15 2.171662e-04
719 8.163560e-15 2.170438e-04
720 8.205448e-15 2.169188e-04
721 8.247335e-15 2.167911e-04
722 8.289222e-15 2.166608e-04
723 8.331110e-15 2.165278e-04
724 8.372997e-15 2.163922e-04
725 8.415750e-15 2.162539e-04
726 8.459369e-15 2.161129e-04
727 8.502988e-15 2.159693e-04
728 8.546607e-15 2.158230e-04
729 8.590226e-15 2.156740e-04
730 8.633844e-15 2.155224e-04
731 8.677463e-15 2.153682e-04
732 8.721082e-15 2.152112e-04
733 8.764701e-15 2.150517e-04
734 8.808320e-15 2.148895e-04
735 8.852735e-15 2.147246e-04
736 8.897947e-15 2.145571e-04
737 8.943159e-15 2.143870e-04
738 8.988371e-15 2.142143e-04
739 9.033584e-15 2.140389e-04
740 9.078796e-15 2.138609e-04
741 9.124008e-15 2.136804e-04
742 9.169220e-15 2.134972e-04
743 9.214432e-15 2.133115e-04
744 9.259644e-15 2.131232e-04
745 9.305491e-15 2.129323e-04
746 9.351973e-15 2.127389e-04
747 9.398455e-15 2.125430e-04
748 9.444937e-15 2.123446e-04
749 9.491418e-15 2.121436e-04
750 9.537900e-15 2.119402e-04
751 9.584382e-15 2.117343e-04
752 9.630864e-15 2.115259e-04
753 9.677346e-15 2.113151e-04
754 9.723828e-15 2.111019e-04
755 9.770964e-15 2.108863e-04
756 9.818754e-15 2.106683e-04
757 9.866544e-15 2.104480e-04
758 9.914334e-15 2.102253e-04
759 9.962124e-15 2.100003e-04
760 1.000991e-14 2.097730e-04
761 1.005770e-14 2.095435e-04
762 1.010549e-14 2.093117e-04
763 1.015328e-14 2.090777e-04
764 1.020107e-14 2.088415e-04
765 1.024911e-14 2.086031e-04
766 1.029739e-14 2.083626e-04
767 1.034567e-14 2.081200e-04
768 1.039395e-14 2.078753e-04
769 1.044224e-14 2.076285e-04
770 1.049052e-14 2.073797e-04
771 1.053880e-14 2.071289e-04
772 1.058708e-14 2.068762e-04
773 1.063536e-14 2.066215e-04
774 1.068364e-14 2.063649e-04
775 1.073249e-14 2.061065e-04
776 1.078190e-14 2.058462e-04
777 1.083132e-14 2.055841e-04
778 1.088073e-14 2.053202e-04
779 1.093014e-14 2.050546e-04
780 1.097956e-14 2.047873e-04
781 1.102897e-14 2.045183e-04
782 1.107838e-14 2.042476e-04
783 1.112780e-14 2.039754e-04
784 1.117721e-14 2.037016e-04
785 1.122693e-14 2.034262e-04
786 1.127696e-14 2.031494e-04
787 1.132698e-14 2.028710e-04
788 1.137701e-14 2.025913e-04
789 1.142704e-14 2.023102e-04
790 1.147707e-14 2.020277e-04
791 1.152710e-14 2.017439e-04
792 1.157712e-14 2.014588e-04
793 1.162715e-14 2.011725e-04
794 1.167718e-14 2.008850e-04
795 1.172772e-14 2.005963e-04
796 1.177877e-14 2.003064e-04
797 1.182983e-14 2.000155e-04
798 1.188088e-14 1.997235e-04
799 1.193194e-14 1.994306e-04
800 1.198299e-14 1.991366e-04
801 1.203404e-14 1.988417e-04
802 1.208510e-14 1.985458e-04
803 1.213615e-14 1.982492e-04
804 1.218721e-14 1.979516e-04
805 1.223849e-14 1.976533e-04
806 1.228999e-14 1.973543e-04
807 1.234150e-14 1.970545e-04
808 1.239301e-14 1.967540e-04
809 1.244452e-14 1.964529e-04
810 1.249602e-14 1.961512e-04
811 1.254753e-14 1.958490e-04
812 1.259904e-14 1.955462e-04
813 1.265054e-14 1.952429e-04
814 1.270205e-14 1.949392e-04
815 1.275373e-14 1.946350e-04
816 1.280558e-14 1.943305e-04
817 1.285743e-14 1.940256e-04
818 1.290928e-14 1.937204e-04
819 1.296113e-14 1.934149e-04
820 1.301298e-14 1.931092e-04
821 1.306482e-14 1.928033e-04
822 1.311667e-14 1.924972e-04
823 1.316852e-14 1.921910e-04
824 1.322037e-14 1.918847e-04
825 1.327251e-14 1.915783e-04
826 1.332494e-14 1.912719e-04
827 1.337736e-14 1.909655e-04
828 1.342979e-14 1.906591e-04
829 1.348222e-14 1.903528e-04
830 1.353465e-14 1.900466e-04
831 1.358707e-14 1.897405e-04
832 1.363950e-14 1.894345e-04
833 1.369193e-14 1.891288e-04
834 1.374436e-14 1.888233e-04
835 1.379716e-14 1.885180e-04
836 1.385035e-14 1.882130e-04
837 1.390354e-14 1.879083e-04
838 1.395673e-14 1.876039e-04
839 1.400992e-14 1.872999e-04
840 1.406311e-14 1.869963e-04
841 1.411630e-14 1.866931e-04
842 1.416949e-14 1.863903e-04
843 1.422267e-14 1.860880e-04
844 1.427586e-14 1.857862e-04
845 1.432907e-14 1.854848e-04
846 1.438230e-14 1.851841e-04
847 1.443552e-14 1.848838e-04
848 1.448875e-14 1.845842e-04
849 1.454198e-14 1.842851e-04
850 1.459520e-14 1.839866e-04
851 1.464843e-14 1.836888e-04
852 1.470166e-14 1.833916e-04
853 1.475488e-14 1.830951e-04
854 1.480811e-14 1.827993e-04
855 1.486172e-14 1.825042e-04
856 1.491571e-14 1.822098e-04
857 1.496970e-14 1.819161e-04
858 1.502369e-14 1.816231e-04
859 1.507768e-14 1.813309e-04
860 1.513166e-14 1.810395e-04
861 1.518565e-14 1.807489e-04
862 1.523964e-14 1.804590e-04
863 1.529363e-14 1.801699e-04
864 1.534762e-14 1.798816e-04
865 1.540179e-14 1.795942e-04
866 1.545612e-14 1.793075e-04
867 1.551046e-14 1.790217e-04
868 1.556480e-14 1.787367e-04
869 1.561914e-14 1.784526e-04
870 1.567347e-14 1.781692e-04
871 1.572781e-14 1.778868e-04
872 1.578215e-14 1.776051e-04
873 1.583649e-14 1.773244e-04
874 1.589082e-14 1.770444e-04
875 1.594537e-14 1.767654e-04
876 1.600011e-14 1.764872e-04
877 1.605486e-14 1.762098e-04
878 1.610960e-14 1.759333e-04
879 1.616435e-14 1.756576e-04
880 1.621910e-14 1.753828e-04
881 1.627384e-14 1.751089e-04
882 1.632859e-14 1.748358e-04
883 1.638333e-14 1.745635e-04
884 1.643808e-14 1.742921e-04
885 1.649280e-14 1.740215e-04
886 1.654750e-14 1.737518e-04
887 1.660219e-14 1.734829e-04
888 1.665689e-14 1.732148e-04
889 1.671159e-14 1.729476e-04
890 1.676628e-14 1.726811e-04
891 1.682098e-14 1.724155e-04
892 1.687567e-14 1.721506e-04
893 1.693037e-14 1.718866e-04
894 1.698507e-14 1.716234e-04
895 1.703964e-14 1.713609e-04
896 1.709410e-14 1.710992e-04
897 1.714856e-14 1.708383e-04
898 1.720301e-14 1.705781e-04
899 1.725747e-14 1.703187e-04
900 1.731193e-14 1.700600e-04
901 1.736638e-14 1.698020e-04
902 1.742084e-14 1.695448e-04
903 1.747530e-14 1.692882e-04
904 1.752975e-14 1.690324e-04
905 1.758454e-14 1.687773e-04
906 1.763964e-14 1.685228e-04
907 1.769475e-14 1.682690e-04
908 1.774986e-14 1.680159e-04
909 1.780497e-14 1.677634e-04
910 1.786007e-14 1.675115e-04
911 1.791518e-14 1.672603e-04
912 1.797029e-14 1.670097e-04
913 1.802540e-14 1.667596e-04
914 1.808050e-14 1.665102e-04
915 1.813306e-14 1.662613e-04
916 1.818305e-14 1.660130e-04
917 1.823305e-14 1.657653e-04
918 1.828304e-14 1.655181e-04
919 1.833304e-14 1.652714e-04
920 1.838303e-14 1.650253e-04
921 1.843303e-14 1.647796e-04
922 1.848302e-14 1.645345e-04
923 1.853302e-14 1.642898e-04
924 1.858302e-14 1.640456e-04
925 1.862598e-14 1.638018e-04
926 1.866193e-14 1.635585e-04
927 1.869787e-14 1.633156e-04
928 1.873382e-14 1.630731e-04
929 1.876976e-14 1.628311e-04
930 1.880570e-14 1.625894e-04
931 1.884165e-14 1.623481e-04
932 1.887759e-14 1.621072e-04
933 1.891353e-14 1.618667e-04
934 1.894948e-14 1.616265e-04
935 1.898122e-14 1.613866e-04
936 1.900875e-14 1.611471e-04
937 1.903628e-14 1.609079e-04
938 1.906382e-14 1.606689e-04
939 1.909135e-14 1.604303e-04
940 1.911889e-14 1.601920e-04
941 1.914642e-14 1.599539e-04
942 1.917396e-14 1.597161e-04
943 1.920149e-14 1.594785e-04
944 1.922902e-14 1.592412e-04
945 1.925279e-14 1.590041e-04
946 1.927278e-14 1.587673e-04
947 1.929277e-14 1.585306e-04
948 1.931276e-14 1.582942e-04
949 1.933275e-14 1.580580e-04
950 1.935274e-14 1.578219e-04
951 1.937273e-14 1.575861e-04
952 1.939272e-14 1.573504e-04
953 1.941271e-14 1.571149e-04
954 1.943270e-14 1.568796e-04
955 1.945145e-14 1.566444e-04
956 1.946896e-14 1.564093e-04
957 1.948647e-14 1.561745e-04
958 1.950398e-14 1.559397e-04
959 1.952149e-14 1.557051e-04
960 1.953900e-14 1.554706e-04
961 1.955651e-14 1.552363e-04
962 1.957402e-14 1.550021e-04
963 1.959153e-14 1.547680e-04
964 1.960904e-14 1.545340e-04
965 1.962473e-14 1.543001e-04
966 1.963859e-14 1.540664e-04
967 1.965246e-14 1.538327e-04
968 1.966633e-14 1.535992e-04
969 1.968020e-14 1.533658e-04
970 1.969407e-14 1.531324e-04
971 1.970794e-14 1.528992e-04
972 1.972181e-14 1.526661e-04
973 1.973568e-14 1.524331e-04
974 1.974954e-14 1.522002e-04
975 1.976337e-14 1.519674e-04
976 1.977717e-14 1.517347e-04
977 1.979096e-14 1.515022e-04
978 1.980475e-14 1.512697e-04
979 1.981854e-14 1.510373e-04
980 1.983233e-14 1.508050e-04
981 1.984612e-14 1.505729e-04
982 1.985991e-14 1.503408e-04
983 1.987371e-14 1.501089e-04
984 1.988750e-14 1.498771e-04
985 1.990122e-14 1.496454e-04
986 1.991489e-14 1.494138e-04
987 1.992855e-14 1.491824e-04
988 1.994221e-14 1.489510e-04
989 1.995587e-14 1.487198e-04
990 1.996953e-14 1.484888e-04
991 1.998320e-14 1.482578e-04
992 1.999686e-14 1.480270e-04
993 2.001052e-14 1.477964e-04
994 2.002418e-14 1.475659e-04
995 2.003807e-14 1.473355e-04
996 2.005218e-14 1.471053e-04
997 2.006629e-14 1.468752e-04
998 2.008040e-14 1.466454e-04
999 2.009452e-14 1.464156e-04
1000 2.010863e-14 1.461861e-04
1001 2.012274e-14 1.459567e-04
1002 2.013685e-14 1.457275e-04
1003 2.015096e-14 1.454985e-04
1004 2.016507e-14 1.452697e-04
1005 2.018033e-14 1.450411e-04
1006 2.019673e-14 1.448126e-04
1007 2.021314e-14 1.445844e-04
1008 2.022954e-14 1.443564e-04
1009 2.024594e-14 1.441286e-04
1010 2.026235e-14 1.439011e-04
1011 2.027875e-14 1.436737e-04
1012 2.029515e-14 1.434466e-04
1013 2.031156e-14 1.432198e-04
1014 2.032796e-14 1.429931e-04
1015 2.034473e-14 1.427668e-04
1016 2.036187e-14 1.425406e-04
1017 2.037901e-14 1.423148e-04
1018 2.039615e-14 1.420892e-04
1019 2.041328e-14 1.418639e-04
1020 2.043042e-14 1.416388e-04
1021 2.044756e-14 1.414141e-04
1022 2.046470e-14 1.411896e-04
1023 2.048183e-14 1.409655e-04
1024 2.049897e-14 1.407416e-04
1025 2.051558e-14 1.405180e-04
1026 2.053165e-14 1.402948e-04
1027 2.054773e-14 1.400719e-04
1028 2.056380e-14 1.398492e-04
1029 2.057988e-14 1.396270e-04
1030 2.059595e-14 1.394050e-04
1031 2.061203e-14 1.391834e-04
1032 2.062810e-14 1.389622e-04
1033 2.064418e-14 1.387413e-04
1034 2.066025e-14 1.385207e-04
1035 2.067585e-14 1.383005e-04
1036 2.069096e-14 1.380807e-04
1037 2.070607e-14 1.378613e-04
1038 2.072118e-14 1.376422e-04
1039 2.073630e-14 1.374235e-04
1040 2.075141e-14 1.372052e-04
1041 2.076652e-14 1.369873e-04
1042 2.078163e-14 1.367698e-04
1043 2.079675e-14 1.365527e-04
1044 2.081186e-14 1.363360e-04
1045 2.082442e-14 1.361197e-04
1046 2.083443e-14 1.359038e-04
1047 2.084445e-14 1.356883e-04
1048 2.085446e-14 1.354733e-04
1049 2.086447e-14 1.352586e-04
1050 2.087448e-14 1.350444e-04
1051 2.088450e-14 1.348307e-04
1052 2.089451e-14 1.346173e-04
1053 2.090452e-14 1.344044e-04
1054 2.091453e-14 1.341919e-04
1055 2.092239e-14 1.339799e-04
1056 2.092810e-14 1.337683e-04
1057 2.093381e-14 1.335572e-04
1058 2.093952e-14 1.333465e-04
1059 2.094523e-14 1.331363e-04
1060 2.095094e-14 1.329265e-04
1061 2.095665e-14 1.327172e-04
1062 2.096236e-14 1.325083e-04
1063 2.096807e-14 1.322999e-04
1064 2.097377e-14 1.320919e-04
1065 2.097543e-14 1.318844e-04
1066 2.097303e-14 1.316773e-04
1067 2.097063e-14 1.314707e-04
1068 2.096823e-14 1.312646e-04
1069 2.096584e-14 1.310589e-04
1070 2.096344e-14 1.308537e-04
1071 2.096104e-14 1.306490e-04
1072 2.095864e-14 1.304447e-04
1073 2.095624e-14 1.302408e-04
1074 2.095385e-14 1.300375e-04
1075 2.094727e-14 1.298345e-04
1076 2.093653e-14 1.296321e-04
1077 2.092579e-14 1.294301e-04
1078 2.091505e-14 1.292285e-04
1079 2.090430e-14 1.290274e-04
1080 2.089356e-14 1.288268e-04
1081 2.088282e-14 1.286266e-04
1082 2.087207e-14 1.284269e-04
1083 2.086133e-14 1.282276e-04
1084 2.085059e-14 1.280288e-04
1085 2.083527e-14 1.278304e-04
1086 2.081537e-14 1.276325e-04
1087 2.079547e-14 1.274350e-04
1088 2.077557e-14 1.272379e-04
1089 2.075568e-14 1.270413e-04
1090 2.073578e-14 1.268452e-04
1091 2.071588e-14 1.266494e-04
1092 2.069598e-14 1.264541e-04
1093 2.067609e-14 1.262592e-04
1094 2.065619e-14 1.260648e-04
1095 2.063062e-14 1.258708e-04
1096 2.059937e-14 1.256772e-04
1097 2.056813e-14 1.254840e-04
1098 2.053689e-14 1.252913e-04
1099 2.050565e-14 1.250989e-04
1100 2.047440e-14 1.249070e-04
1101 2.044316e-14 1.247155e-04
1102 2.041192e-14 1.245244e-04
1103 2.038067e-14 1.243337e-04
1104 2.034943e-14 1.241434e-04
1105 2.031280e-14 1.239535e-04
1106 2.027078e-14 1.237640e-04
1107 2.022876e-14 1.235748e-04
1108 2.018673e-14 1.233861e-04
1109 2.014471e-14 1.231977e-04
1110 2.010269e-14 1.230098e-04
1111 2.006067e-14 1.228222e-04
1112 2.001865e-14 1.226350e-04
1113 1.997663e-14 1.224481e-04
1114 1.993461e-14 1.222616e-04
1115 1.988736e-14 1.220755e-04
1116 1.983490e-14 1.218898e-04
1117 1.978244e-14 1.217043e-04
1118 1.972997e-14 1.215193e-04
1119 1.967751e-14 1.213346e-04
1120 1.962504e-14 1.211502e-04
1121 1.957258e-14 1.209662e-04
1122 1.952011e-14 1.207825e-04
1123 1.946765e-14 1.205992e-04
1124 1.941519e-14 1.204162e-04
1125 1.935637e-14 1.202335e-04
1126 1.929120e-14 1.200511e-04
1127 1.922602e-14 1.198691e-04
1128 1.916085e-14 1.196873e-04
1129 1.909568e-14 1.195059e-04
1130 1.903051e-14 1.193248e-04
1131 1.896534e-14 1.191440e-04
1132 1.890016e-14 1.189635e-04
1133 1.883499e-14 1.187833e-04
1134 1.876982e-14 1.186033e-04
1135 1.869916e-14 1.184237e-04
1136 1.862302e-14 1.182443e-04
1137 1.854687e-14 1.180653e-04
1138 1.847073e-14 1.178865e-04
1139 1.839458e-14 1.177080e-04
1140 1.831844e-14 1.175297e-04
1141 1.824230e-14 1.173518e-04
1142 1.816615e-14 1.171740e-04
1143 1.809001e-14 1.169966e-04
1144 1.801386e-14 1.168194e-04
1145 1.793135e-14 1.166425e-04
1146 1.784246e-14 1.164658e-04
1147 1.775357e-14 1.162893e-04
1148 1.766467e-14 1.161131e-04
1149 1.757578e-14 1.159372e-04
1150 1.748689e-14 1.157615e-04
1151 1.739800e-14 1.155860e-04
1152 1.730911e-14 1.154107e-04
1153 1.722022e-14 1.152357e-04
1154 1.713133e-14 1.150609e-04
1155 1.703689e-14 1.148863e-04
1156 1.693690e-14 1.147120e-04
1157 1.683691e-14 1.145379e-04
1158 1.673692e-14 1.143639e-04
1159 1.663693e-14 1.141902e-04
1160 1.653694e-14 1.140167e-04
1161 1.643695e-14 1.138434e-04
1162 1.633696e-14 1.136704e-04
1163 1.623697e-14 1.134975e-04
1164 1.613698e-14 1.133248e-04
1165 1.603106e-14 1.131523e-04
1166 1.591920e-14 1.129801e-04
1167 1.580734e-14 1.128080e-04
1168 1.569548e-14 1.126361e-04
1169 1.558363e-14 1.124644e-04
1170 1.547177e-14 1.122929e-04
1171 1.535991e-14 1.121216e-04
1172 1.524805e-14 1.119504e-04
1173 1.513620e-14 1.117795e-04
1174 1.502434e-14 1.116087e-04
1175 1.490678e-14 1.114381e-04
1176 1.478351e-14 1.112677e-04
1177 1.466025e-14 1.110975e-04
1178 1.453698e-14 1.109274e-04
1179 1.441372e-14 1.107575e-04
1180 1.429045e-14 1.105878e-04
1181 1.416719e-14 1.104183e-04
1182 1.404392e-14 1.102489e-04
1183 1.392066e-14 1.100798e-04
1184 1.379739e-14 1.099107e-04
1185 1.366858e-14 1.097419e-04
1186 1.353422e-14 1.095732e-04
1187 1.339985e-14 1.094047e-04
1188 1.326549e-14 1.092363e-04
1189 1.313112e-14 1.090681e-04
1190 1.299676e-14 1.089001e-04
1191 1.286239e-14 1.087323e-04
1192 1.272803e-14 1.085646e-04
1193 1.259367e-14 1.083971e-04
1194 1.245930e-14 1.082297e-04
1195 1.231997e-14 1.080625e-04
1196 1.217566e-14 1.078954e-04
1197 1.203135e-14 1.077285e-04
1198 1.188704e-14 1.075618e-04
1199 1.174274e-14 1.073953e-04
1200 1.159843e-14 1.072289e-04
1201 1.145412e-14 1.070626e-04
1202 1.130981e-14 1.068965e-04
1203 1.116550e-14 1.067306e-04
1204 1.102120e-14 1.065648e-04
1205 1.088502e-14 1.063992e-04
1206 1.075698e-14 1.062338e-04
1207 1.062894e-14 1.060685e-04
1208 1.050089e-14 1.059034e-04
1209 1.037285e-14 1.057384e-04
1210 1.024481e-14 1.055736e-04
1211 1.011677e-14 1.054090e-04
1212 9.988724e-15 1.052445e-04
1213 9.860682e-15 1.050802e-04
1214 9.732640e-15 1.049160e-04
1215 9.617979e-15 1.047520e-04
1216 9.516701e-15 1.045882e-04
1217 9.415422e-15 1.044245e-04
1218 9.314143e-15 1.042610e-04
1219 9.212864e-15 1.040977e-04
1220 9.111586e-15 1.039345e-04
1221 9.010307e-15 1.037715e-04
1222 8.909028e-15 1.036086e-04
1223 8.807749e-15 1.034460e-04
1224 8.706471e-15 1.032835e-04
1225 8.611729e-15 1.031211e-04
1226 8.523525e-15 1.029589e-04
1227 8.435321e-15 1.027970e-04
1228 8.347117e-15 1.026351e-04
1229 8.258913e-15 1.024735e-04
1230 8.170708e-15 1.023120e-04
1231 8.082504e-15 1.021507e-04
1232 7.994300e-15 1.019896e-04
1233 7.906096e-15 1.018286e-04
1234 7.817892e-15 1.016678e-04
1235 7.734600e-15 1.015073e-04
1236 7.656220e-15 1.013469e-04
1237 7.577841e-15 1.011866e-04
1238 7.499461e-15 1.010266e-04
1239 7.421082e-15 1.008667e-04
1240 7.342702e-15 1.007071e-04
1241 7.264323e-15 1.005476e-04
1242 7.185943e-15 1.003883e-04
1243 7.107564e-15 1.002292e-04
1244 7.029184e-15 1.000703e-04
1245 6.954739e-15 9.991157e-05
1246 6.884227e-15 9.975305e-05
1247 6.813716e-15 9.959473e-05
1248 6.743204e-15 9.943662e-05
1249 6.672693e-15 9.927870e-05
1250 6.602181e-15 9.912098e-05
1251 6.531670e-15 9.896347e-05
1252 6.461158e-15 9.880617e-05
1253 6.390647e-15 9.864907e-05
1254 6.320136e-15 9.849218e-05
1255 6.253161e-15 9.833551e-05
1256 6.189725e-15 9.817905e-05
1257 6.126288e-15 9.802281e-05
1258 6.062851e-15 9.786678e-05
1259 5.999415e-15 9.771097e-05
1260 5.935978e-15 9.755539e-05
1261 5.872542e-15 9.740003e-05
1262 5.809105e-15 9.724489e-05
1263 5.745668e-15 9.708998e-05
1264 5.682232e-15 9.693531e-05
1265 5.622080e-15 9.678086e-05
1266 5.565213e-15 9.662665e-05
1267 5.508346e-15 9.647268e-05
1268 5.451479e-15 9.631895e-05
1269 5.394612e-15 9.616545e-05
1270 5.337745e-15 9.601220e-05
1271 5.280878e-15 9.585920e-05
1272 5.224011e-15 9.570644e-05
1273 5.167144e-15 9.555394e-05
1274 5.110277e-15 9.540169e-05
1275 5.056460e-15 9.524969e-05
1276 5.005692e-15 9.509795e-05
1277 4.954924e-15 9.494647e-05
1278 4.904156e-15 9.479525e-05
1279 4.853388e-15 9.464430e-05
1280 4.802620e-15 9.449361e-05
1281 4.751852e-15 9.434320e-05
1282 4.701084e-15 9.419306e-05
1283 4.650316e-15 9.404319e-05
1284 4.599548e-15 9.389360e-05
1285 4.551785e-15 9.374429e-05
1286 4.507027e-15 9.359526e-05
1287 4.462269e-15 9.344652e-05
1288 4.417510e-15 9.329806e-05
1289 4.372752e-15 9.314990e-05
1290 4.327994e-15 9.300202e-05
1291 4.283236e-15 9.285445e-05
1292 4.238477e-15 9.270717e-05
1293 4.193719e-15 9.256020e-05
1294 4.148961e-15 9.241352e-05
1295 4.107005e-15 9.226716e-05
1296 4.067852e-15 9.212110e-05
1297 4.028699e-15 9.197536e-05
1298 3.989546e-15 9.182993e-05
1299 3.950393e-15 9.168482e-05
1300 3.911239e-15 9.154003e-05
1301 3.872086e-15 9.139556e-05
1302 3.832933e-15 9.125142e-05
1303 3.793780e-15 9.110760e-05
1304 3.754627e-15 9.096412e-05
1305 3.717916e-15 9.082098e-05
1306 3.683646e-15 9.067817e-05
1307 3.649377e-15 9.053570e-05
1308 3.615108e-15 9.039357e-05
1309 3.580838e-15 9.025179e-05
1310 3.546569e-15 9.011036e-05
1311 3.512300e-15 8.996928e-05
1312 3.478030e-15 8.982856e-05
1313 3.443761e-15 8.968819e-05
1314 3.409492e-15 8.954819e-05
1315 3.377563e-15 8.940854e-05
1316 3.347976e-15 8.926927e-05
1317 3.318388e-15 8.913036e-05
1318 3.288801e-15 8.899183e-05
1319 3.259213e-15 8.885367e-05
1320 3.229626e-15 8.871589e-05
1321 3.200038e-15 8.857849e-05
1322 3.170451e-15 8.844147e-05
1323 3.140863e-15 8.830484e-05
1324 3.111276e-15 8.816860e-05
1325 3.083562e-15 8.803276e-05
1326 3.057723e-15 8.789731e-05
1327 3.031884e-15 8.776226e-05
1328 3.006045e-15 8.762761e-05
1329 2.980206e-15 8.749336e-05
1330 2.954366e-15 8.735953e-05
1331 2.928527e-15 8.722610e-05
1332 2.902688e-15 8.709309e-05
1333 2.876849e-15 8.696050e-05
1334 2.851009e-15 8.682832e-05
1335 2.826786e-15 8.669657e-05
1336 2.804178e-15 8.656525e-05
1337 2.781571e-15 8.643435e-05
1338 2.758963e-15 8.630388e-05
1339 2.736356e-15 8.617385e-05
1340 2.713748e-15 8.604426e-05
1341 2.691140e-15 8.591511e-05
1342 2.668533e-15 8.578640e-05
1343 2.645925e-15 8.565813e-05
1344 2.623317e-15 8.553032e-05
1345 2.601951e-15 8.540296e-05
1346 2.581825e-15 8.527605e-05
1347 2.561700e-15 8.514961e-05
1348 2.541574e-15 8.502362e-05
1349 2.521449e-15 8.489810e-05
1350 2.501323e-15 8.477305e-05
1351 2.481197e-15 8.464846e-05
1352 2.461072e-15 8.452435e-05
1353 2.440946e-15 8.440072e-05
1354 2.420821e-15 8.427756e-05
1355 2.401651e-15 8.415488e-05
1356 2.383437e-15 8.403269e-05
1357 2.365223e-15 8.391099e-05
1358 2.347009e-15 8.378978e-05
1359 2.328795e-15 8.366906e-05
1360 2.310581e-15 8.354883e-05
1361 2.292368e-15 8.342911e-05
1362 2.274154e-15 8.330988e-05
1363 2.255940e-15 8.319117e-05
1364 2.237726e-15 8.307295e-05
1365 2.220295e-15 8.295525e-05
1366 2.203647e-15 8.283806e-05
1367 2.186999e-15 8.272139e-05
1368 2.170352e-15 8.260523e-05
1369 2.153704e-15 8.248960e-05
1370 2.137056e-15 8.237449e-05
1371 2.120408e-15 8.225990e-05
1372 2.103760e-15 8.214585e-05
1373 2.087112e-15 8.203232e-05
1374 2.070465e-15 8.191933e-05
1375 2.054341e-15 8.180688e-05
1376 2.038743e-15 8.169497e-05
1377 2.023144e-15 8.158360e-05
1378 2.007545e-15 8.147277e-05
1379 1.991947e-15 8.136249e-05
1380 1.976348e-15 8.125276e-05
1381 1.960749e-15 8.114359e-05
1382 1.945151e-15 8.103497e-05
1383 1.929552e-15 8.092691e-05
1384 1.913953e-15 8.081940e-05
1385 1.898690e-15 8.071246e-05
1386 1.883763e-15 8.060609e-05
1387 1.868835e-15 8.050028e-05
1388 1.853908e-15 8.039504e-05
1389 1.838980e-15 8.029038e-05
1390 1.824053e-15 8.018629e-05
1391 1.809126e-15 8.008277e-05
1392 1.794198e-15 7.997984e-05
1393 1.779271e-15 7.987748e-05
1394 1.764343e-15 7.977572e-05
1395 1.749577e-15 7.967453e-05
1396 1.734970e-15 7.957394e-05
1397 1.720364e-15 7.947393e-05
1398 1.705758e-15 7.937452e-05
1399 1.691151e-15 7.927571e-05
1400 1.676545e-15 7.917749e-05
1401 1.661939e-15 7.907987e-05
1402 1.647333e-15 7.898285e-05
1403 1.632726e-15 7.888643e-05
1404 1.618120e-15 7.879062e-05
1405 1.603525e-15 7.869542e-05
1406 1.588940e-15 7.860083e-05
1407 1.574354e-15 7.850685e-05
1408 1.559769e-15 7.841348e-05
1409 1.545184e-15 7.832072e-05
1410 1.530599e-15 7.822859e-05
1411 1.516014e-15 7.813707e-05
1412 1.501429e-15 7.804617e-05
1413 1.486844e-15 7.795590e-05
1414 1.472259e-15 7.786625e-05
1415 1.457632e-15 7.777723e-05
1416 1.442961e-15 7.768883e-05
1417 1.428291e-15 7.760106e-05
1418 1.413621e-15 7.751393e-05
1419 1.398951e-15 7.742742e-05
1420 1.384280e-15 7.734155e-05
1421 1.369610e-15 7.725632e-05
1422 1.354940e-15 7.717172e-05
1423 1.340270e-15 7.708777e-05
1424 1.325599e-15 7.700445e-05
1425 1.310731e-15 7.692177e-05
1426 1.295666e-15 7.683974e-05
1427 1.280600e-15 7.675835e-05
1428 1.265535e-15 7.667761e-05
1429 1.250469e-15 7.659751e-05
1430 1.235404e-15 7.651806e-05
1431 1.220338e-15 7.643926e-05
1432 1.205272e-15 7.636111e-05
1433 1.190207e-15 7.628361e-05
1434 1.175141e-15 7.620677e-05
1435 1.159795e-15 7.613058e-05
1436 1.144168e-15 7.605504e-05
1437 1.128541e-15 7.598016e-05
1438 1.112914e-15 7.590593e-05
1439 1.097287e-15 7.583236e-05
1440 1.081660e-15 7.575945e-05
1441 1.066033e-15 7.568720e-05
1442 1.050406e-15 7.561561e-05
1443 1.034779e-15 7.554468e-05
1444 1.019152e-15 7.547442e-05
1445 1.003161e-15 7.540481e-05
1446 9.868052e-16 7.533586e-05
1447 9.704498e-16 7.526758e-05
1448 9.540944e-16 7.519997e-05
1449 9.377390e-16 7.513301e-05
1450 9.213837e-16 7.506672e-05
1451 9.050283e-16 7.500110e-05
1452 8.886729e-16 7.493614e-05
1453 8.723175e-16 7.487185e-05
1454 8.559621e-16 7.480822e-05
1455 8.391153e-16 7.474526e-05
1456 8.217772e-16 7.468297e-05
1457 8.044391e-16 7.462134e-05
1458 7.871010e-16 7.456038e-05
1459 7.697628e-16 7.450008e-05
1460 7.524247e-16 7.444045e-05
1461 7.350866e-16 7.438149e-05
1462 7.177485e-16 7.432319e-05
1463 7.004104e-16 7.426556e-05
1464 6.830722e-16 7.420860e-05
1465 6.651592e-16 7.415230e-05
1466 6.466713e-16 7.409667e-05
1467 6.281835e-16 7.404171e-05
1468 6.096956e-16 7.398740e-05
1469 5.912077e-16 7.393377e-05
1470 5.727198e-16 7.388080e-05
1471 5.542319e-16 7.382849e-05
1472 5.357440e-16 7.377684e-05
1473 5.172561e-16 7.372586e-05
1474 4.987683e-16 7.367554e-05
1475 4.795910e-16 7.362588e-05
1476 4.597242e-16 7.357688e-05
1477 4.398575e-16 7.352854e-05
1478 4.199908e-16 7.348087e-05
1479 4.001241e-16 7.343385e-05
1480 3.802574e-16 7.338748e-05
1481 3.603906e-16 7.334178e-05
1482 3.405239e-16 7.329673e-05
1483 3.206572e-16 7.325234e-05
1484 3.007905e-16 7.320860e-05
1485 2.801177e-16 7.316551e-05
1486 2.586390e-16 7.312307e-05
1487 2.371602e-16 7.308129e-05
1488 2.156814e-16 7.304016e-05
1489 1.942026e-16 7.299967e-05
1490 1.727239e-16 7.295983e-05
1491 1.512451e-16 7.292064e-05
1492 1.297663e-16 7.288209e-05
1493 1.082875e-16 7.284419e-05
1494 8.680876e-17 7.280693e-05
1495 6.441853e-17 7.277031e-05
1496 4.111685e-17 7.273433e-05
1497 1.781517e-17 7.269899e-05
1498 -5.486514e-18 7.266428e-05
1499 -2.878820e-17 7.263021e-05
1500 -5.208988e-17 7.259677e-05
1501 -7.539156e-17 7.256396e-05
1502 -9.869324e-17 7.253179e-05
1503 -1.219949e-16 7.250024e-05
1504 -1.452966e-16 7.246932e-05
1505 -1.696034e-16 7.243902e-05
1506 -1.949154e-16 7.240935e-05
1507 -2.202274e-16 7.238030e-05
1508 -2.455393e-16 7.235186e-05
1509 -2.708513e-16 7.232405e-05
1510 -2.961633e-16 7.229685e-05
1511 -3.214752e-16 7.227026e-05
1512 -3.467872e-16 7.224429e-05
1513 -3.720992e-16 7.221893e-05
1514 -3.974111e-16 7.219417e-05
1515 -4.237928e-16 7.217002e-05
1516 -4.512440e-16 7.214647e-05
1517 -4.786953e-16 7.212353e-05
1518 -5.061465e-16 7.210118e-05
1519 -5.335977e-16 7.207943e-05
1520 -5.610490e-16 7.205827e-05
1521 -5.885002e-16 7.203771e-05
1522 -6.159515e-16 7.201773e-05
1523 -6.434027e-16 7.199835e-05
1524 -6.708540e-16 7.197955e-05
1525 -6.994051e-16 7.196133e-05
1526 -7.290561e-16 7.194369e-05
1527 -7.587072e-16 7.192663e-05
1528 -7.883582e-16 7.191015e-05
1529 -8.180092e-16 7.189424e-05
1530 -8.476602e-16 7.187890e-05
1531 -8.773112e-16 7.186413e-05
1532 -9.069623e-16 7.184992e-05
1533 -9.366133e-16 7.183627e-05
1534 -9.662643e-16 7.182319e-05
1535 -9.969662e-16 7.181066e-05
1536 -1.028719e-15 7.179869e-05
1537 -1.060472e-15 7.178727e-05
1538 -1.092224e-15 7.177639e-05
1539 -1.123977e-15 7.176607e-05
1540 -1.155730e-15 7.175628e-05
1541 -1.187482e-15 7.174704e-05
1542 -1.219235e-15 7.173833e-05
1543 -1.250988e-15 7.173016e-05
1544 -1.282740e-15 7.172252e-05
1545 -1.315467e-15 7.171541e-05
1546 -1.349168e-15 7.170882e-05
1547 -1.382869e-15 7.170276e-05
1548 -1.416570e-15 7.169721e-05
1549 -1.450270e-15 7.169218e-05
1550 -1.483971e-15 7.168767e-05
1551 -1.517672e-15 7.168366e-05
1552 -1.551373e-15 7.168016e-05
1553 -1.585074e-15 7.167717e-05
1554 -1.618775e-15 7.167467e-05
1555 -1.653205e-15 7.167268e-05
1556 -1.688366e-15 7.167117e-05
1557 -1.723527e-15 7.167016e-05
1558 -1.758688e-15 7.166963e-05
1559 -1.793848e-15 7.166959e-05
1560 -1.829009e-15 7.167003e-05
1561 -1.864170e-15 7.167094e-05
1562 -1.899331e-15 7.167233e-05
1563 -1.934491e-15 7.167419e-05
1564 -1.969652e-15 7.167652e-05
1565 -2.005296e-15 7.167931e-05
1566 -2.041422e-15 7.168256e-05
1567 -2.077548e-15 7.168626e-05
1568 -2.113674e-15 7.169042e-05
1569 -2.149800e-15 7.169502e-05
1570 -2.185926e-15 7.170008e-05
1571 -2.222052e-15 7.170557e-05
1572 -2.258178e-15 7.171150e-05
1573 -2.294305e-15 7.171787e-05
1574 -2.330431e-15 7.172466e-05
1575 -2.366620e-15 7.173189e-05
1576 -2.402874e-15 7.173954e-05
1577 -2.439127e-15 7.174760e-05
1578 -2.475380e-15 7.175608e-05
1579 -2.511633e-15 7.176498e-05
1580 -2.547886e-15 7.177428e-05
1581 -2.584139e-15 7.178399e-05
1582 -2.620393e-15 7.179409e-05
1583 -2.656646e-15 7.180460e-05
1584 -2.692899e-15 7.181549e-05
1585 -2.728624e-15 7.182678e-05
1586 -2.763821e-15 7.183845e-05
1587 -2.799018e-15 7.185049e-05
1588 -2.834214e-15 7.186292e-05
1589 -2.869411e-15 7.187572e-05
1590 -2.904608e-15 7.188889e-05
1591 -2.939805e-15 7.190242e-05
1592 -2.975002e-15 7.191631e-05
1593 -3.010199e-15 7.193056e-05
1594 -3.045395e-15 7.194516e-05
1595 -3.079721e-15 7.196011e-05
1596 -3.113175e-15 7.197541e-05
1597 -3.146630e-15 7.199104e-05
1598 -3.180084e-15 7.200701e-05
1599 -3.213538e-15 7.202331e-05
1600 -3.246993e-15 7.203994e-05
1601 -3.280447e-15 7.205689e-05
1602 -3.313902e-15 7.207416e-05
1603 -3.347356e-15 7.209175e-05
1604 -3.380810e-15 7.210965e-05
1605 -3.412875e-15 7.212785e-05
1606 -3.443549e-15 7.214635e-05
1607 -3.474223e-15 7.216515e-05
1608 -3.504897e-15 7.218425e-05
1609 -3.535571e-15 7.220363e-05
1610 -3.566246e-15 7.222330e-05
1611 -3.596920e-15 7.224325e-05
1612 -3.627594e-15 7.226347e-05
1613 -3.658268e-15 7.228397e-05
1614 -3.688943e-15 7.230473e-05
1615 -3.717612e-15 7.232575e-05
1616 -3.744276e-15 7.234703e-05
1617 -3.770940e-15 7.236857e-05
1618 -3.797604e-15 7.239036e-05
1619 -3.824268e-15 7.241238e-05
1620 -3.850932e-15 7.243465e-05
1621 -3.877596e-15 7.245716e-05
1622 -3.904260e-15 7.247989e-05
1623 -3.930924e-15 7.250286e-05
1624 -3.957588e-15 7.252604e-05
1625 -3.982362e-15 7.254944e-05
1626 -4.005247e-15 7.257306e-05
1627 -4.028132e-15 7.259688e-05
1628 -4.051016e-15 7.262090e-05
1629 -4.073901e-15 7.264513e-05
1630 -4.096785e-15 7.266955e-05
1631 -4.119670e-15 7.269416e-05
1632 -4.142555e-15 7.271895e-05
1633 -4.165439e-15 7.274392e-05
1634 -4.188324e-15 7.276907e-05
1635 -4.208929e-15 7.279439e-05
1636 -4.227255e-15 7.281988e-05
1637 -4.245581e-15 7.284553e-05
1638 -4.263907e-15 7.287134e-05
1639 -4.282233e-15 7.289729e-05
1640 -4.300558e-15 7.292340e-05
1641 -4.318884e-15 7.294965e-05
1642 -4.337210e-15 7.297603e-05
1643 -4.355536e-15 7.300255e-05
1644 -4.373862e-15 7.302920e-05
1645 -4.390331e-15 7.305597e-05
1646 -4.404943e-15 7.308286e-05
1647 -4.419556e-15 7.310986e-05
1648 -4.434168e-15 7.313698e-05
1649 -4.448780e-15 7.316419e-05
1650 -4.463393e-15 7.319151e-05
1651 -4.478005e-15 7.321892e-05
1652 -4.492618e-15 7.324642e-05
1653 -4.507230e-15 7.327401e-05
1654 -4.521842e-15 7.330168e-05
1655 -4.534795e-15 7.332942e-05
1656 -4.546086e-15 7.335723e-05
1657 -4.557378e-15 7.338511e-05
1658 -4.568670e-15 7.341305e-05
1659 -4.579962e-15 7.344105e-05
1660 -4.591253e-15 7.346910e-05
1661 -4.602545e-15 7.349719e-05
1662 -4.613837e-15 7.352532e-05
1663 -4.625129e-15 7.355350e-05
1664 -4.636420e-15 7.358170e-05
1665 -4.646011e-15 7.360993e-05
1666 -4.653901e-15 7.363818e-05
1667 -4.661790e-15 7.366645e-05
1668 -4.669680e-15 7.369472e-05
1669 -4.677570e-15 7.372301e-05
1670 -4.685459e-15 7.375130e-05
1671 -4.693349e-15 7.377959e-05
1672 -4.701239e-15 7.380786e-05
1673 -4.709128e-15 7.383613e-05
1674 -4.717018e-15 7.386437e-05
1675 -4.724272e-15 7.389260e-05
1676 -4.730889e-15 7.392080e-05
1677 -4.737507e-15 7.394896e-05
1678 -4.744124e-15 7.397709e-05
1679 -4.750742e-15 7.400517e-05
1680 -4.757359e-15 7.403321e-05
1681 -4.763976e-15 7.406119e-05
1682 -4.770594e-15 7.408912e-05
1683 -4.777211e-15 7.411698e-05
1684 -4.783829e-15 7.414478e-05
1685 -4.789837e-15 7.417251e-05
1686 -4.795235e-15 7.420015e-05
1687 -4.800633e-15 7.422772e-05
1688 -4.806031e-15 7.425520e-05
1689 -4.811430e-15 7.428258e-05
1690 -4.816828e-15 7.430987e-05
1691 -4.822226e-15 7.433706e-05
1692 -4.827624e-15 7.436414e-05
1693 -4.833023e-15 7.439111e-05
1694 -4.838421e-15 7.441796e-05
1695 -4.843896e-15 7.444469e-05
1696 -4.849447e-15 7.447129e-05
1697 -4.854998e-15 7.449776e-05
1698 -4.860549e-15 7.452410e-05
1699 -4.866101e-15 7.455029e-05
1700 -4.871652e-15 7.457633e-05
1701 -4.877203e-15 7.460223e-05
1702 -4.882754e-15 7.462797e-05
1703 -4.888306e-15 7.465354e-05
1704 -4.893857e-15 7.467895e-05
1705 -4.899990e-15 7.470419e-05
1706 -4.906705e-15 7.472925e-05
1707 -4.913420e-15 7.475413e-05
1708 -4.920134e-15 7.477882e-05
1709 -4.926849e-15 7.480332e-05
1710 -4.933564e-15 7.482763e-05
1711 -4.940279e-15 7.485173e-05
1712 -4.946994e-15 7.487563e-05
1713 -4.953709e-15 7.489932e-05
1714 -4.960423e-15 7.492279e-05
1715 -4.967879e-15 7.494604e-05
1716 -4.976074e-15 7.496907e-05
1717 -4.984270e-15 7.499187e-05
1718 -4.992466e-15 7.501443e-05
1719 -5.000662e-15 7.503675e-05
1720 -5.008857e-15 7.505882e-05
1721 -5.017053e-15 7.508064e-05
1722 -5.025249e-15 7.510221e-05
1723 -5.033445e-15 7.512352e-05
1724 -5.041640e-15 7.514457e-05
1725 -5.051420e-15 7.516534e-05
1726 -5.062783e-15 7.518584e-05
1727 -5.074146e-15 7.520606e-05
1728 -5.085510e-15 7.522600e-05
1729 -5.096873e-15 7.524565e-05
1730 -5.108236e-15 7.526501e-05
1731 -5.119600e-15 7.528406e-05
1732 -5.130963e-15 7.530281e-05
1733 -5.142326e-15 7.532126e-05
1734 -5.153690e-15 7.533939e-05
1735 -5.166763e-15 7.535721e-05
1736 -5.181547e-15 7.537470e-05
1737 -5.196331e-15 7.539186e-05
1738 -5.211116e-15 7.540870e-05
1739 -5.225900e-15 7.542519e-05
1740 -5.240684e-15 7.544135e-05
1741 -5.255468e-15 7.545716e-05
1742 -5.270252e-15 7.547261e-05
1743 -5.285036e-15 7.548772e-05
1744 -5.299820e-15 7.550246e-05
1745 -5.316878e-15 7.551683e-05
1746 -5.336210e-15 7.553084e-05
1747 -5.355542e-15 7.554448e-05
1748 -5.374873e-15 7.555773e-05
1749 -5.394205e-15 7.557060e-05
1750 -5.413537e-15 7.558308e-05
1751 -5.432868e-15 7.559517e-05
1752 -5.452200e-15 7.560686e-05
1753 -5.471532e-15 7.561815e-05
1754 -5.490864e-15 7.562904e-05
1755 -5.512942e-15 7.563951e-05
1756 -5.537768e-15 7.564957e-05
1757 -5.562594e-15 7.565920e-05
1758 -5.587419e-15 7.566841e-05
1759 -5.612245e-15 7.567720e-05
1760 -5.637071e-15 7.568554e-05
1761 -5.661897e-15 7.569345e-05
1762 -5.686722e-15 7.570092e-05
1763 -5.711548e-15 7.570794e-05
1764 -5.736374e-15 7.571451e-05
1765 -5.763946e-15 7.572062e-05
1766 -5.794265e-15 7.572627e-05
1767 -5.824583e-15 7.573146e-05
1768 -5.854902e-15 7.573618e-05
1769 -5.885221e-15 7.574042e-05
1770 -5.915540e-15 7.574418e-05
1771 -5.945859e-15 7.574747e-05
1772 -5.976177e-15 7.575026e-05
1773 -6.006496e-15 7.575257e-05
1774 -6.036815e-15 7.575438e-05
1775 -6.070470e-15 7.575568e-05
1776 -6.107462e-15 7.575649e-05
1777 -6.144454e-15 7.575679e-05
1778 -6.181446e-15 7.575657e-05
1779 -6.218437e-15 7.575584e-05
1780 -6.255429e-15 7.575458e-05
1781 -6.292421e-15 7.575281e-05
1782 -6.329413e-15 7.575050e-05
1783 -6.366405e-15 7.574766e-05
1784 -6.403396e-15 7.574428e-05
1785 -6.443999e-15 7.574035e-05
1786 -6.488213e-15 7.573589e-05
1787 -6.532427e-15 7.573087e-05
1788 -6.576641e-15 7.572530e-05
1789 -6.620855e-15 7.571917e-05
1790 -6.665069e-15 7.571248e-05
1791 -6.709283e-15 7.570522e-05
1792 -6.753498e-15 7.569739e-05
1793 -6.797712e-15 7.568899e-05
1794 -6.841926e-15 7.568001e-05
1795 -6.889771e-15 7.567045e-05
1796 -6.941247e-15 7.566030e-05
1797 -6.992723e-15 7.564957e-05
1798 -7.044199e-15 7.563824e-05
1799 -7.095675e-15 7.562631e-05
1800 -7.147151e-15 7.561378e-05
1801 -7.198627e-15 7.560064e-05
1802 -7.250103e-15 7.558690e-05
1803 -7.301579e-15 7.557254e-05
1804 -7.353055e-15 7.555757e-05
1805 -7.408788e-15 7.554198e-05
1806 -7.468777e-15 7.552576e-05
1807 -7.528766e-15 7.550892e-05
1808 -7.588755e-15 7.549144e-05
1809 -7.648744e-15 7.547333e-05
1810 -7.708732e-15 7.545458e-05
1811 -7.768721e-15 7.543519e-05
1812 -7.828710e-15 7.541515e-05
1813 -7.888699e-15 7.539446e-05
1814 -7.948688e-15 7.537313e-05
1815 -8.012521e-15 7.535113e-05
1816 -8.080199e-15 7.532848e-05
1817 -8.147876e-15 7.530516e-05
1818 -8.215554e-15 7.528117e-05
1819 -8.283231e-15 7.525652e-05
1820 -8.350908e-15 7.523119e-05
1821 -8.418586e-15 7.520518e-05
1822 -8.486263e-15 7.517850e-05
1823 -8.553941e-15 7.515113e-05
1824 -8.621618e-15 7.512307e-05
1825 -8.693447e-15 7.509433e-05
1826 -8.769427e-15 7.506489e-05
1827 -8.845407e-15 7.503476e-05
1828 -8.921387e-15 7.500392e-05
1829 -8.997366e-15 7.497238e-05
1830 -9.073346e-15 7.494014e-05
1831 -9.149326e-15 7.490719e-05
1832 -9.225306e-15 7.487353e-05
1833 -9.301286e-15 7.483915e-05
1834 -9.377266e-15 7.480405e-05
1835 -9.457041e-15 7.476823e-05
1836 -9.540612e-15 7.473169e-05
1837 -9.624182e-15 7.469442e-05
1838 -9.707753e-15 7.465642e-05
1839 -9.791323e-15 7.461769e-05
1840 -9.874894e-15 7.457822e-05
1841 -9.958464e-15 7.453801e-05
1842 -1.004203e-14 7.449706e-05
1843 -1.012561e-14 7.445537e-05
1844 -1.020918e-14 7.441293e-05
1845 -1.029602e-14 7.436975e-05
1846 -1.038613e-14 7.432580e-05
1847 -1.047624e-14 7.428111e-05
1848 -1.056636e-14 7.423566e-05
1849 -1.065647e-14 7.418944e-05
1850 -1.074659e-14 7.414247e-05
1851 -1.083670e-14 7.409473e-05
1852 -1.092681e-14 7.404622e-05
1853 -1.101693e-14 7.399694e-05
1854 -1.110704e-14 7.394689e-05
1855 -1.120055e-14 7.389606e-05
1856 -1.129745e-14 7.384446e-05
1857 -1.139434e-14 7.379207e-05
1858 -1.149124e-14 7.373891e-05
1859 -1.158814e-14 7.368496e-05
1860 -1.168504e-14 7.363022e-05
1861 -1.178194e-14 7.357469e-05
1862 -1.187884e-14 7.351838e-05
1863 -1.197574e-14 7.346127e-05
1864 -1.207264e-14 7.340336e-05
1865 -1.217125e-14 7.334466e-05
1866 -1.227158e-14 7.328515e-05
1867 -1.237192e-14 7.322485e-05
1868 -1.247225e-14 7.316374e-05
1869 -1.257258e-14 7.310183e-05
1870 -1.267291e-14 7.303911e-05
1871 -1.277324e-14 7.297558e-05
1872 -1.287358e-14 7.291124e-05
1873 -1.297391e-14 7.284608e-05
1874 -1.307424e-14 7.278011e-05
1875 -1.317544e-14 7.271333e-05
1876 -1.327750e-14 7.264572e-05
1877 -1.337956e-14 7.257730e-05
1878 -1.348163e-14 7.250805e-05
1879 -1.358369e-14 7.243798e-05
1880 -1.368576e-14 7.236709e-05
1881 -1.378782e-14 7.229537e-05
1882 -1.388989e-14 7.222282e-05
1883 -1.399195e-14 7.214944e-05
1884 -1.409401e-14 7.207523e-05
1885 -1.419634e-14 7.200019e-05
1886 -1.429891e-14 7.192432e-05
1887 -1.440149e-14 7.184761e-05
1888 -1.450407e-14 7.177006e-05
1889 -1.460665e-14 7.169168e-05
1890 -1.470923e-14 7.161245e-05
1891 -1.481180e-14 7.153239e-05
1892 -1.491438e-14 7.145149e-05
1893 -1.501696e-14 7.136975e-05
1894 -1.511954e-14 7.128716e-05
1895 -1.521978e-14 7.120372e-05
1896 -1.531770e-14 7.111945e-05
1897 -1.541561e-14 7.103432e-05
1898 -1.551352e-14 7.094835e-05
1899 -1.561143e-14 7.086153e-05
1900 -1.570935e-14 7.077387e-05
1901 -1.580726e-14 7.068535e-05
1902 -1.590517e-14 7.059598e-05
1903 -1.600309e-14 7.050576e-05
1904 -1.610100e-14 7.041469e-05
1905 -1.619724e-14 7.032277e-05
1906 -1.629182e-14 7.023000e-05
1907 -1.638640e-14 7.013637e-05
1908 -1.648098e-14 7.004188e-05
1909 -1.657556e-14 6.994655e-05
1910 -1.667014e-14 6.985035e-05
1911 -1.676472e-14 6.975331e-05
1912 -1.685930e-14 6.965540e-05
1913 -1.695388e-14 6.955665e-05
1914 -1.704845e-14 6.945703e-05
1915 -1.713912e-14 6.935656e-05
1916 -1.722586e-14 6.925523e-05
1917 -1.731261e-14 6.915305e-05
1918 -1.739935e-14 6.905000e-05
1919 -1.748610e-14 6.894611e-05
1920 -1.757284e-14 6.884135e-05
1921 -1.765959e-14 6.873574e-05
1922 -1.774633e-14 6.862927e-05
1923 -1.783308e-14 6.852194e-05
1924 -1.791983e-14 6.841376e-05
1925 -1.800179e-14 6.830472e-05
1926 -1.807898e-14 6.819483e-05
1927 -1.815618e-14 6.808408e-05
1928 -1.823337e-14 6.797247e-05
1929 -1.831056e-14 6.786001e-05
1930 -1.838775e-14 6.774670e-05
1931 -1.846494e-14 6.763253e-05
1932 -1.854213e-14 6.751751e-05
1933 -1.861932e-14 6.740163e-05
1934 -1.869652e-14 6.728490e-05
1935 -1.877035e-14 6.716732e-05
1936 -1.884083e-14 6.704889e-05
1937 -1.891131e-14 6.692961e-05
1938 -1.898179e-14 6.680948e-05
1939 -1.905226e-14 6.668850e-05
1940 -1.912274e-14 6.656668e-05
1941 -1.919322e-14 6.644401e-05
1942 -1.926370e-14 6.632049e-05
1943 -1.933418e-14 6.619612e-05
1944 -1.940466e-14 6.607092e-05
1945 -1.946965e-14 6.594487e-05
1946 -1.952917e-14 6.581798e-05
1947 -1.958868e-14 6.569025e-05
1948 -1.964819e-14 6.556168e-05
1949 -1.970770e-14 6.543227e-05
1950 -1.976721e-14 6.530202e-05
1951 -1.982673e-14 6.517095e-05
1952 -1.988624e-14 6.503904e-05
1953 -1.994575e-14 6.490629e-05
1954 -2.000526e-14 6.477272e-05
1955 -2.006211e-14 6.463832e-05
1956 -2.011629e-14 6.450309e-05
1957 -2.017046e-14 6.436704e-05
1958 -2.022464e-14 6.423016e-05
1959 -2.027882e-14 6.409246e-05
1960 -2.033299e-14 6.395394e-05
1961 -2.038717e-14 6.381461e-05
1962 -2.044135e-14 6.367445e-05
1963 -2.049553e-14 6.353349e-05
1964 -2.054970e-14 6.339171e-05
1965 -2.059954e-14 6.324912e-05
1966 -2.064502e-14 6.310573e-05
1967 -2.069051e-14 6.296153e-05
1968 -2.073599e-14 6.281653e-05
1969 -2.078148e-14 6.267073e-05
1970 -2.082697e-14 6.252412e-05
1971 -2.087245e-14 6.237673e-05
1972 -2.091794e-14 6.222854e-05
1973 -2.096343e-14 6.207956e-05
1974 -2.100891e-14 6.192979e-05
1975 -2.105225e-14 6.177923e-05
1976 -2.109344e-14 6.162790e-05
1977 -2.113463e-14 6.147578e-05
1978 -2.117582e-14 6.132289e-05
1979 -2.121701e-14 6.116922e-05
1980 -2.125820e-14 6.101478e-05
1981 -2.129939e-14 6.085957e-05
1982 -2.134057e-14 6.070360e-05
1983 -2.138176e-14 6.054686e-05
1984 -2.142295e-14 6.038937e-05
1985 -2.156787e-14 6.023112e-05
1986 -2.181653e-14 6.007211e-05
1987 -2.206518e-14 5.991236e-05
1988 -2.231384e-14 5.975186e-05
1989 -2.256249e-14 5.959062e-05
1990 -2.281114e-14 5.942864e-05
1991 -2.305980e-14 5.926592e-05
1992 -2.330845e-14 5.910247e-05
1993 -2.355710e-14 5.893830e-05
1994 -2.380576e-14 5.877339e-05
1995 -2.405441e-14 5.860777e-05
1996 -2.405441e-14 5.844143e-05
1997 -2.405441e-14 5.827438e-05
1998 -2.405441e-14 5.810662e-05
1999 -2.405441e-14 5.793815e-05
2000 -2.405441e-14 5.776898e-05
2001 -2.405441e-14 5.759911e-05
