2549.325333074524
2673.520692981106
2191.472429324621
1594.371966687610
1215.800896324781
1024.457618774243
1244.750065319707
1243.380031510297
1223.544749354283
940.342632773900
792.292372897620
753.029420625405
797.265310134336
828.712984286848
774.531057069265
653.004428682750
517.835345210486
436.376066340665
426.522450037912
424.387230406611
408.884608092129
390.474120875839
309.647024558014
264.018502729636
279.399282175119
264.030076064616
215.081600696307
170.005402185887
158.593841378594
142.617652799740
127.955933081373
122.731907254582
118.512152693557
107.256733349813
109.454917521715
88.725006751487
43.759521272817
-44.909309992484
-69.074110454072
-34.139541840755
11.871212483170
24.168508333845
-63.572161390295
-119.921151690440
-121.654050469469
-52.800640429302
41.177776524261
54.675972329323
12.468605899457
-52.223097708699
-75.830159359013
-48.430545406527
-9.731402681339
4.903718982725
-15.417664558631
-47.322389630738
-62.031279880151
-41.150592200786
-10.937461155457
8.470045560769
-3.836800617595
-13.933861019188
-31.110445279450
-22.002129032731
-15.778610955684
-14.175906495939
-3.853027485073
-11.851142106638
-15.084344795926
-16.060033011720
-5.421745573865
-7.652067978094
-8.910661222325
-7.491904139780
-0.926595939055
-4.946706299390
1.514395587722
2.494639897161
-7.764220478357
13.139432776359
19.673814304413
18.967280180149
11.210298816040
7.108045916692
11.059146993192
29.054931494099
39.046172244418
33.650620901404
21.229444226596
13.239086957348
16.896242549694
31.790984337708
41.261414918236
39.391132953046
26.115692363226
15.518153842627
13.134102567636
20.617655234295
29.935413400719
31.247119198927
24.089451296035
14.150598471129
10.899111823579
14.983437001057
22.059534299916
17.567945288383
19.217341676868
7.401315388882
10.131624904208
8.255764812438
9.710139392307
12.692142184414
12.424686460104
6.698245470232
5.306180459127
7.355677338307
1.248737515353
6.643761929677
2.718771115148
5.847722832148
-0.842493836826
0.851663052541
-1.991158032448
2556.102944373543
2682.000319712595
2185.921246360291
1602.199606405842
1211.275976264189
1014.325683381735
1237.730403037376
1237.979716840880
1214.172286604931
926.761359158113
780.891206491267
744.764159124190
786.387010132179
818.011939990132
766.815011490457
643.257275968335
501.604021992284
421.060806319176
412.857633014140
413.165802606704
395.307773685596
372.084670298912
288.400649313648
250.273930394493
256.614268872186
245.832359545568
192.827586600374
146.246771384943
138.843972421271
117.861245379378
98.725794471815
91.647949273995
85.143469262525
74.817535810780
70.471318516811
93.343327588216
42.496257392074
-45.642972041336
-69.042171144302
-34.709687089857
11.258533699713
23.876490582276
-63.381045169411
-121.174121417521
-120.653687991958
-50.595758492792
38.545103725262
56.071153848366
13.123867000356
-51.870344501765
-74.737556220831
-52.832441246661
-10.102142251997
4.323620011982
-15.777833635864
-48.228655401958
-61.954776699080
-41.876900579205
-11.787630852065
9.061587022528
-0.776124406479
-15.398448598408
-32.032712191303
-24.043025701042
-15.176613833127
-10.040745316962
-3.274177196417
-11.244336459835
-16.406699491426
-14.164138673461
-4.763132893861
-6.363593688275
-8.818977133486
-4.726972394909
-4.210689272989
-3.302260821495
-2.122912291798
0.163065309753
-2.347715269168
12.722307911298
20.355811047763
18.728349351849
11.894950233642
7.217833781770
11.227190873143
29.279294734018
38.893955702155
34.192983295582
20.662163316485
13.279793831707
17.100211232742
31.271729981903
40.222908677710
38.196851207632
26.149281951000
15.113934317960
12.210287849694
21.686844468140
29.047808796751
30.742418977229
22.267982988070
12.949583634430
10.143461572202
15.311215727998
20.828907133949
19.928313768345
18.301687819946
10.107102853935
8.688452635382
8.979043851734
9.709190192600
12.822600935420
10.146232313717
6.222358132842
5.533141553542
7.585542216237
2.618835276512
4.004301981475
2.519427807940
0.481881315678
0.752787373771
3.061195786552
-2.578803289470
2583.508442845410
2682.763722041421
2185.777069392401
1641.253048732159
1213.417310423758
1009.604308371921
1247.383407033206
1223.253332252613
1212.309796760833
943.736164761972
766.784876301454
745.973536241999
775.883805432685
819.611672366519
772.585374892551
656.634573909141
497.592893006107
412.104853830036
411.406221747975
412.036312000569
404.631050748229
362.042511724467
283.055586192898
253.664972663784
241.669148876006
242.664080865650
189.489760356633
145.331798542524
132.351376504768
120.541516765826
93.774061791697
84.829043830192
75.119729180687
71.776372479310
59.755235083833
99.731319251453
36.634570089706
-43.004001111777
-64.932148896257
-48.214026633364
15.227348425196
21.452588279071
-57.972695439149
-113.960459103158
-124.052038892162
-43.227532547821
38.533835238048
58.856819335635
14.434467265394
-55.439644579611
-71.853777751513
-58.353615367756
-6.861103932973
4.165733524640
-17.156634787273
-43.575981388708
-55.285795075689
-41.205111486810
-8.600217719527
4.758904711722
-4.230730443173
-15.746482448411
-32.391435423982
-25.851486455333
-17.563461384627
-7.099440711654
-5.111819653177
-10.751908058252
-17.778474378282
-14.584813073530
-9.122885005921
-3.873896808119
-10.524353719242
-5.727071465158
-4.032391891261
-6.616351000763
5.236059475279
-0.234474223484
-5.453822581554
11.941010638946
18.748235929351
17.674529643877
10.967716963979
7.497949260100
12.059865572871
28.666201338628
38.907446625992
32.642108635428
21.728402067215
12.979393058150
17.552758795932
30.347543081295
40.090546285175
38.713979782750
24.589563944096
14.368757800950
10.680809606546
23.587182508448
28.074760302907
28.099237800841
21.842502915466
11.700569639167
11.284271871581
12.376636824612
21.837994184036
20.156830239158
14.448304928315
10.680539747669
11.123265326771
5.739846531096
9.485644498862
17.914963004889
8.780130513201
7.730413959005
1.049105792279
6.598777644845
4.096422206043
5.165455995904
0.375733977898
-0.024841497244
9.114573945624
4.574598307691
-7.202169098611
2567.684648181707
2694.590915197524
2187.513388277473
1618.731668136779
1210.961881242012
1009.844331613122
1236.644644886458
1240.417028670935
1211.156436974235
921.463916838895
778.611655652368
744.112289651624
782.792396836774
818.048219509373
766.082443937746
642.293286993586
495.430566956095
416.601777547101
407.662050979240
411.275194217017
394.289584562764
365.395790349135
280.078103557949
247.942765029512
248.905931715825
241.251378896502
186.100317640774
141.481342551829
135.528239566586
111.422212930090
91.774866929811
85.718869831277
74.644507494678
64.856899627202
58.448412565900
101.135497151220
42.714751695608
-47.812374964783
-70.016229804234
-34.823131085008
10.493960943942
24.459722467596
-63.103496486427
-122.843747356564
-121.380154001348
-48.617619913859
36.653420297567
56.920462909630
13.867525666805
-51.750679777328
-73.707625156926
-55.893531645913
-10.788331337650
4.309220840969
-16.051351930647
-49.077276838590
-62.996385906391
-42.856314268863
-12.993233297836
10.171864619555
1.067173870891
-14.519173603873
-33.142464700213
-25.951668497362
-14.657672596745
-8.366441363089
-3.386396703359
-11.315446164566
-16.353595066989
-13.733088628644
-4.331479505522
-4.975346362921
-9.276601066134
-2.259709627517
-3.645013127121
-3.189525944139
-3.795027388084
-0.736059662184
-2.223890146971
13.031506639226
20.916782939554
18.872552599172
12.399784368903
6.938075876684
11.723113377246
29.811635193213
38.496155658224
34.687055410482
20.211581481909
13.605779675929
16.852504765692
31.306333391039
40.273859083304
38.078064714512
26.141904423177
14.814415136999
12.476098965559
21.891152531718
29.303600932562
31.778326069305
21.987288439616
12.433952636064
10.294674451199
13.955499547779
20.929558849549
20.484267290413
17.903020240591
10.447470376775
8.417211733539
9.508690510151
9.728601441340
11.839619514458
11.284191174465
6.253988679560
5.341327224043
5.914152860955
4.803998476675
2.582441636324
2.630218881078
2.310423684114
1.988208594310
0.467080790102
0.951594389963
1014.136302142336
1254.553028500467
1236.677212852848
1216.096271892936
950.937196772113
776.284131086644
757.801621692955
783.655477082256
833.533411321091
783.223926946064
666.904775050113
503.340864349656
421.773719459623
420.188468062641
422.680094248184
417.012933392937
370.048456593930
291.090420520409
265.471268089642
252.973302354286
253.877524751232
198.811286871400
157.477683638802
155.400022196872
132.075205094272
107.722207169906
106.146322052841
87.931320064185
89.653025076406
75.613706700008
110.230855068808
40.672271496872
-47.012689403479
-64.380364133406
-46.593361752757
15.520233983224
23.045841255492
-59.108766445159
-115.748962748061
-125.966188477905
-39.925695294890
37.151956136189
61.328298262935
13.725555674109
-55.686388842513
-71.981745606408
-60.177459290575
-7.095345118818
4.292307822183
-16.673488906440
-42.842846820342
-56.698003770036
-41.005278297602
-9.898728816069
5.910684816622
0.343208719719
-13.285109017223
-31.675025812865
-26.673049040710
-17.390816182888
-7.265918547947
-3.253107897425
-10.931875444735
-17.246665775508
-13.920227677319
-5.773081274996
-3.599908726261
-10.480751721201
-0.375309097229
-5.098017445534
-3.665405143188
1.890217625874
-5.444610226209
0.836918739789
12.477306119988
19.510654384275
18.091432092955
10.922096466407
8.112124402001
11.574601014372
29.249646467290
38.960712447731
33.497399838038
20.854307604401
13.100545610046
17.391865413307
31.731674538301
39.110961778127
36.570091042165
24.806424527580
13.648230884905
11.825765430979
21.908420320787
26.360083571083
27.943268465294
24.537009506916
11.084690957541
13.177930387719
10.876274793079
23.660580024505
21.321558496203
18.492775368713
13.928511984808
7.866582628040
5.325585934341
12.848192771043
7.633813174717
13.661459999560
6.084187583405
5.186437037462
7.045836004831
0.973115865419
5.066939604416
2.968938900700
2.218760416552
3.479955823344
-3.214659683781
7.253656222691
1050.018673208709
1291.805265189132
1266.139180662488
1239.029884706670
1010.952048348886
798.787911609909
809.767617496713
811.309506381075
881.038928707743
825.559346506885
724.242912444660
550.492519747595
467.810305836930
473.556133499940
484.780366571148
477.534294429393
415.127367119242
356.398102741902
317.293424515205
319.061852981489
317.263253603081
251.437918068485
240.762012312300
230.488007725425
215.950436997329
178.619817663439
191.553061357928
182.989473181537
207.487672233947
154.254383072436
113.229800197183
39.899303780518
-43.166469321776
-52.963957240073
-57.942220042397
20.733651540157
21.322535509312
-59.743678874166
-104.723052752735
-124.077070830765
-25.520925103390
36.579612833049
70.052328996586
17.878439013508
-56.439962609161
-69.811907008138
-65.754830622721
-1.878589493546
8.262763669770
-16.323630916561
-39.530547696076
-47.289365166304
-30.694594120610
-4.178624468998
-7.341746448430
-5.087553242626
-7.960320412407
-32.907056778927
-25.033319199418
-21.376155301760
3.416581696072
-12.562832411147
-13.916498907577
-18.606199202679
-17.665327868978
3.540872207911
-8.836108351628
-19.591282160311
0.301764843317
-14.065846384355
-2.395985151297
16.433271244468
-3.860753648802
16.925376681334
11.740592454843
17.465910045051
17.235450686088
9.169290857641
9.133779713991
11.190934304112
33.290108753414
39.716545851298
31.478306348880
22.199355083749
13.194098465027
18.578481979459
28.796679324958
35.825610642384
39.560449458064
19.829385536053
10.390378169564
12.202026102060
17.462737869182
26.137054983307
23.672716545617
38.901899009822
5.349731475345
18.658265294811
7.808337591879
23.091466543169
23.308117915148
12.573924407889
0.255704145512
14.526477552265
-0.429631060321
13.811508190589
0.605832387238
6.018051989623
4.708168583350
9.149164550397
8.643513234919
13.022620407662
-0.933351757453
-2.497039792038
10.298127533614
-5.283229904137
-6.161679811275
-4.159052465187
