0 0.000000e+00 1.081141e-06
1 0.000000e+00 1.081141e-06
2 0.000000e+00 1.081141e-06
3 0.000000e+00 1.943451e-06
4 0.000000e+00 2.859501e-06
5 0.000000e+00 3.820553e-06
6 0.000000e+00 4.818677e-06
7 0.000000e+00 5.846715e-06
8 0.000000e+00 6.898245e-06
9 0.000000e+00 7.967544e-06
10 0.000000e+00 9.049557e-06
11 0.000000e+00 1.013985e-05
12 0.000000e+00 1.123460e-05
13 0.000000e+00 1.233051e-05
14 0.000000e+00 1.342483e-05
15 0.000000e+00 1.451528e-05
16 0.000000e+00 1.560004e-05
17 0.000000e+00 1.667769e-05
18 0.000000e+00 1.774721e-05
19 0.000000e+00 1.880789e-05
20 0.000000e+00 1.985934e-05
21 0.000000e+00 2.090146e-05
22 0.000000e+00 2.193434e-05
23 0.000000e+00 2.295830e-05
24 0.000000e+00 2.397382e-05
25 0.000000e+00 2.498150e-05
26 0.000000e+00 2.598201e-05
27 0.000000e+00 2.697611e-05
28 0.000000e+00 2.796456e-05
29 0.000000e+00 2.894809e-05
30 0.000000e+00 2.992741e-05
31 0.000000e+00 3.090310e-05
32 0.000000e+00 3.187564e-05
33 0.000000e+00 3.284534e-05
34 0.000000e+00 3.381235e-05
35 0.000000e+00 3.477660e-05
36 0.000000e+00 3.573791e-05
37 0.000000e+00 3.669595e-05
38 0.000000e+00 3.765032e-05
39 0.000000e+00 3.860050e-05
40 0.000000e+00 3.954594e-05
41 0.000000e+00 4.048605e-05
42 0.000000e+00 4.142025e-05
43 0.000000e+00 4.234795e-05
44 0.000000e+00 4.326861e-05
45 0.000000e+00 4.418174e-05
46 0.000000e+00 4.508691e-05
47 0.000000e+00 4.598376e-05
48 0.000000e+00 4.687203e-05
49 0.000000e+00 4.775152e-05
50 0.000000e+00 4.862215e-05
51 0.000000e+00 4.948397e-05
52 0.000000e+00 5.033713e-05
53 0.000000e+00 5.118191e-05
54 0.000000e+00 5.201876e-05
55 0.000000e+00 5.284820e-05
56 0.000000e+00 5.367083e-05
57 0.000000e+00 5.448729e-05
58 0.000000e+00 5.529820e-05
59 0.000000e+00 5.610414e-05
60 0.000000e+00 5.690559e-05
61 0.000000e+00 5.770294e-05
62 0.000000e+00 5.849638e-05
63 0.000000e+00 5.928592e-05
64 0.000000e+00 6.007135e-05
65 0.000000e+00 6.085227e-05
66 0.000000e+00 6.162817e-05
67 0.000000e+00 6.239843e-05
68 0.000000e+00 6.316242e-05
69 0.000000e+00 6.391954e-05
70 0.000000e+00 6.466927e-05
71 0.000000e+00 6.541122e-05
72 0.000000e+00 6.614519e-05
73 0.000000e+00 6.687123e-05
74 0.000000e+00 6.758963e-05
75 0.000000e+00 6.830096e-05
76 0.000000e+00 6.900592e-05
77 0.000000e+00 6.970534e-05
78 0.000000e+00 7.040010e-05
79 0.000000e+00 7.109107e-05
80 0.000000e+00 7.177905e-05
81 0.000000e+00 7.246471e-05
82 0.000000e+00 7.314851e-05
83 0.000000e+00 7.383069e-05
84 0.000000e+00 7.451118e-05
85 0.000000e+00 7.518964e-05
86 0.000000e+00 7.586556e-05
87 0.000000e+00 7.653822e-05
88 0.000000e+00 7.720685e-05
89 0.000000e+00 7.787059e-05
90 0.000000e+00 7.852859e-05
91 0.000000e+00 7.918007e-05
92 0.000000e+00 7.982435e-05
93 0.000000e+00 8.046090e-05
94 0.000000e+00 8.108939e-05
95 0.000000e+00 8.170968e-05
96 0.000000e+00 8.232179e-05
97 0.000000e+00 8.292588e-05
98 0.000000e+00 8.352221e-05
99 0.000000e+00 8.411116e-05
100 0.000000e+00 8.469313e-05
101 0.000000e+00 8.526860e-05
102 0.000000e+00 8.583804e-05
103 0.000000e+00 8.640192e-05
104 0.000000e+00 8.696066e-05
105 0.000000e+00 8.751467e-05
106 0.000000e+00 8.806432e-05
107 0.000000e+00 8.860993e-05
108 0.000000e+00 8.915183e-05
109 0.000000e+00 8.969027e-05
110 0.000000e+00 9.022551e-05
111 0.000000e+00 9.075776e-05
112 0.000000e+00 9.128723e-05
113 0.000000e+00 9.181407e-05
114 0.000000e+00 9.233844e-05
115 0.000000e+00 9.286046e-05
116 0.000000e+00 9.338024e-05
117 0.000000e+00 9.389786e-05
118 0.000000e+00 9.441339e-05
119 0.000000e+00 9.492688e-05
120 0.000000e+00 9.543837e-05
121 0.000000e+00 9.594787e-05
122 0.000000e+00 9.645540e-05
123 0.000000e+00 9.696096e-05
124 0.000000e+00 9.746454e-05
125 0.000000e+00 9.796610e-05
126 0.000000e+00 9.846563e-05
127 0.000000e+00 9.896309e-05
128 0.000000e+00 9.945845e-05
129 0.000000e+00 9.995165e-05
130 0.000000e+00 1.004427e-04
131 0.000000e+00 1.009314e-04
132 0.000000e+00 1.014179e-04
133 0.000000e+00 1.019020e-04
134 0.000000e+00 1.023838e-04
135 0.000000e+00 1.028632e-04
136 0.000000e+00 1.033401e-04
137 0.000000e+00 1.038145e-04
138 0.000000e+00 1.042864e-04
139 0.000000e+00 1.047558e-04
140 0.000000e+00 1.052226e-04
141 0.000000e+00 1.056868e-04
142 0.000000e+00 1.061485e-04
143 0.000000e+00 1.066075e-04
144 0.000000e+00 1.070639e-04
145 0.000000e+00 1.075177e-04
146 0.000000e+00 1.079688e-04
147 0.000000e+00 1.084174e-04
148 0.000000e+00 1.088633e-04
149 0.000000e+00 1.093066e-04
150 0.000000e+00 1.097472e-04
151 0.000000e+00 1.101853e-04
152 0.000000e+00 1.106208e-04
153 0.000000e+00 1.110538e-04
154 0.000000e+00 1.114843e-04
155 0.000000e+00 1.119122e-04
156 0.000000e+00 1.123377e-04
157 0.000000e+00 1.127608e-04
158 0.000000e+00 1.131815e-04
159 0.000000e+00 1.135999e-04
160 0.000000e+00 1.140161e-04
161 0.000000e+00 1.144300e-04
162 0.000000e+00 1.148417e-04
163 0.000000e+00 1.152513e-04
164 0.000000e+00 1.156590e-04
165 0.000000e+00 1.160646e-04
166 0.000000e+00 1.164684e-04
167 0.000000e+00 1.168705e-04
168 0.000000e+00 1.172707e-04
169 0.000000e+00 1.176694e-04
170 0.000000e+00 1.180665e-04
171 0.000000e+00 1.184622e-04
172 0.000000e+00 1.188566e-04
173 0.000000e+00 1.192496e-04
174 0.000000e+00 1.196415e-04
175 0.000000e+00 1.200324e-04
176 0.000000e+00 1.204222e-04
177 0.000000e+00 1.208112e-04
178 0.000000e+00 1.211994e-04
179 0.000000e+00 1.215870e-04
180 0.000000e+00 1.219739e-04
181 0.000000e+00 1.223604e-04
182 0.000000e+00 1.227465e-04
183 0.000000e+00 1.231322e-04
184 0.000000e+00 1.235178e-04
185 0.000000e+00 1.239032e-04
186 0.000000e+00 1.242886e-04
187 0.000000e+00 1.246740e-04
188 0.000000e+00 1.250596e-04
189 0.000000e+00 1.254454e-04
190 0.000000e+00 1.258314e-04
191 0.000000e+00 1.262178e-04
192 0.000000e+00 1.266045e-04
193 0.000000e+00 1.269917e-04
194 0.000000e+00 1.273795e-04
195 0.000000e+00 1.277678e-04
196 0.000000e+00 1.281567e-04
197 0.000000e+00 1.285462e-04
198 0.000000e+00 1.289364e-04
199 0.000000e+00 1.293273e-04
200 0.000000e+00 1.297190e-04
201 0.000000e+00 1.301114e-04
202 0.000000e+00 1.305045e-04
203 0.000000e+00 1.308985e-04
204 0.000000e+00 1.312932e-04
205 0.000000e+00 1.316887e-04
206 0.000000e+00 1.320850e-04
207 0.000000e+00 1.324821e-04
208 0.000000e+00 1.328800e-04
209 0.000000e+00 1.332786e-04
210 0.000000e+00 1.336780e-04
211 0.000000e+00 1.340781e-04
212 0.000000e+00 1.344790e-04
213 0.000000e+00 1.348805e-04
214 0.000000e+00 1.352827e-04
215 0.000000e+00 1.356855e-04
216 0.000000e+00 1.360890e-04
217 0.000000e+00 1.364930e-04
218 0.000000e+00 1.368975e-04
219 0.000000e+00 1.373026e-04
220 0.000000e+00 1.377081e-04
221 0.000000e+00 1.381140e-04
222 0.000000e+00 1.385202e-04
223 0.000000e+00 1.389268e-04
224 0.000000e+00 1.393336e-04
225 0.000000e+00 1.397407e-04
226 0.000000e+00 1.401479e-04
227 0.000000e+00 1.405553e-04
228 0.000000e+00 1.409626e-04
229 0.000000e+00 1.413700e-04
230 0.000000e+00 1.417773e-04
231 0.000000e+00 1.421846e-04
232 0.000000e+00 1.425916e-04
233 0.000000e+00 1.429984e-04
234 0.000000e+00 1.434050e-04
235 0.000000e+00 1.438112e-04
236 0.000000e+00 1.442170e-04
237 0.000000e+00 1.446224e-04
238 0.000000e+00 1.450273e-04
239 0.000000e+00 1.454316e-04
240 0.000000e+00 1.458354e-04
241 0.000000e+00 1.462385e-04
242 0.000000e+00 1.466409e-04
243 0.000000e+00 1.470426e-04
244 0.000000e+00 1.474436e-04
245 0.000000e+00 1.478437e-04
246 0.000000e+00 1.482431e-04
247 0.000000e+00 1.486415e-04
248 0.000000e+00 1.490391e-04
249 0.000000e+00 1.494358e-04
250 0.000000e+00 1.498315e-04
251 0.000000e+00 1.502263e-04
252 0.000000e+00 1.506201e-04
253 0.000000e+00 1.510130e-04
254 0.000000e+00 1.514050e-04
255 0.000000e+00 1.517959e-04
256 0.000000e+00 1.521860e-04
257 0.000000e+00 1.525751e-04
258 0.000000e+00 1.529632e-04
259 0.000000e+00 1.533505e-04
260 0.000000e+00 1.537369e-04
261 0.000000e+00 1.541224e-04
262 0.000000e+00 1.545071e-04
263 0.000000e+00 1.548910e-04
264 0.000000e+00 1.552741e-04
265 0.000000e+00 1.556564e-04
266 0.000000e+00 1.560380e-04
267 0.000000e+00 1.564189e-04
268 0.000000e+00 1.567991e-04
269 0.000000e+00 1.571787e-04
270 0.000000e+00 1.575576e-04
271 0.000000e+00 1.579359e-04
272 0.000000e+00 1.583136e-04
273 0.000000e+00 1.586907e-04
274 0.000000e+00 1.590673e-04
275 0.000000e+00 1.594433e-04
276 0.000000e+00 1.598187e-04
277 0.000000e+00 1.601936e-04
278 0.000000e+00 1.605679e-04
279 0.000000e+00 1.609416e-04
280 0.000000e+00 1.613148e-04
281 0.000000e+00 1.616873e-04
282 0.000000e+00 1.620593e-04
283 0.000000e+00 1.624305e-04
284 0.000000e+00 1.628011e-04
285 0.000000e+00 1.631708e-04
286 0.000000e+00 1.635398e-04
287 0.000000e+00 1.639079e-04
288 0.000000e+00 1.642751e-04
289 0.000000e+00 1.646412e-04
290 0.000000e+00 1.650063e-04
291 0.000000e+00 1.653702e-04
292 0.000000e+00 1.657328e-04
293 0.000000e+00 1.660941e-04
294 0.000000e+00 1.664540e-04
295 0.000000e+00 1.668123e-04
296 0.000000e+00 1.671691e-04
297 0.000000e+00 1.675241e-04
298 0.000000e+00 1.678773e-04
299 0.000000e+00 1.682286e-04
300 2.144528e-15 1.685779e-04
301 2.144528e-15 1.689251e-04
302 2.144528e-15 1.692701e-04
303 2.144528e-15 1.696127e-04
304 2.144528e-15 1.699530e-04
305 2.149807e-15 1.702907e-04
306 2.160365e-15 1.706259e-04
307 2.170923e-15 1.709583e-04
308 2.181482e-15 1.712880e-04
309 2.192040e-15 1.716148e-04
310 2.202598e-15 1.719387e-04
311 2.213156e-15 1.722595e-04
312 2.223714e-15 1.725772e-04
313 2.234272e-15 1.728918e-04
314 2.244830e-15 1.732031e-04
315 2.255522e-15 1.735111e-04
316 2.266350e-15 1.738158e-04
317 2.277177e-15 1.741170e-04
318 2.288004e-15 1.744148e-04
319 2.298831e-15 1.747091e-04
320 2.309658e-15 1.749999e-04
321 2.320486e-15 1.752871e-04
322 2.331313e-15 1.755708e-04
323 2.342140e-15 1.758508e-04
324 2.352967e-15 1.761272e-04
325 2.364057e-15 1.763999e-04
326 2.375407e-15 1.766689e-04
327 2.386758e-15 1.769342e-04
328 2.398109e-15 1.771959e-04
329 2.409460e-15 1.774538e-04
330 2.420811e-15 1.777080e-04
331 2.432162e-15 1.779585e-04
332 2.443513e-15 1.782052e-04
333 2.454864e-15 1.784482e-04
334 2.466215e-15 1.786874e-04
335 2.477665e-15 1.789229e-04
336 2.489215e-15 1.791547e-04
337 2.500765e-15 1.793828e-04
338 2.512315e-15 1.796071e-04
339 2.523865e-15 1.798276e-04
340 2.535415e-15 1.800445e-04
341 2.546965e-15 1.802576e-04
342 2.558515e-15 1.804670e-04
343 2.570065e-15 1.806726e-04
344 2.581615e-15 1.808745e-04
345 2.593330e-15 1.810727e-04
346 2.605211e-15 1.812672e-04
347 2.617091e-15 1.814579e-04
348 2.628972e-15 1.816449e-04
349 2.640852e-15 1.818282e-04
350 2.652733e-15 1.820077e-04
351 2.664613e-15 1.821835e-04
352 2.676494e-15 1.823556e-04
353 2.688375e-15 1.825239e-04
354 2.700255e-15 1.826884e-04
355 2.712412e-15 1.828491e-04
356 2.724845e-15 1.830061e-04
357 2.737278e-15 1.831594e-04
358 2.749711e-15 1.833088e-04
359 2.762144e-15 1.834544e-04
360 2.774578e-15 1.835963e-04
361 2.787011e-15 1.837343e-04
362 2.799444e-15 1.838685e-04
363 2.811877e-15 1.839989e-04
364 2.824310e-15 1.841254e-04
365 2.836941e-15 1.842481e-04
366 2.849771e-15 1.843669e-04
367 2.862601e-15 1.844818e-04
368 2.875430e-15 1.845929e-04
369 2.888260e-15 1.847001e-04
370 2.901090e-15 1.848033e-04
371 2.913919e-15 1.849027e-04
372 2.926749e-15 1.849981e-04
373 2.939578e-15 1.850896e-04
374 2.952408e-15 1.851771e-04
375 2.965812e-15 1.852606e-04
376 2.979790e-15 1.853402e-04
377 2.993768e-15 1.854157e-04
378 3.007746e-15 1.854873e-04
379 3.021724e-15 1.855548e-04
380 3.035702e-15 1.856183e-04
381 3.049680e-15 1.856778e-04
382 3.063659e-15 1.857332e-04
383 3.077637e-15 1.857845e-04
384 3.091615e-15 1.858318e-04
385 3.105804e-15 1.858749e-04
386 3.120206e-15 1.859140e-04
387 3.134607e-15 1.859489e-04
388 3.149009e-15 1.859798e-04
389 3.163410e-15 1.860064e-04
390 3.177811e-15 1.860290e-04
391 3.192213e-15 1.860474e-04
392 3.206614e-15 1.860616e-04
393 3.221015e-15 1.860717e-04
394 3.235417e-15 1.860776e-04
395 3.250230e-15 1.860794e-04
396 3.265456e-15 1.860770e-04
397 3.280682e-15 1.860704e-04
398 3.295907e-15 1.860596e-04
399 3.311133e-15 1.860447e-04
400 3.326359e-15 1.860256e-04
401 3.341585e-15 1.860023e-04
402 3.356810e-15 1.859748e-04
403 3.372036e-15 1.859432e-04
404 3.387262e-15 1.859075e-04
405 3.403264e-15 1.858676e-04
406 3.420043e-15 1.858236e-04
407 3.436821e-15 1.857755e-04
408 3.453600e-15 1.857232e-04
409 3.470379e-15 1.856669e-04
410 3.487158e-15 1.856065e-04
411 3.503937e-15 1.855420e-04
412 3.520715e-15 1.854735e-04
413 3.537494e-15 1.854011e-04
414 3.554273e-15 1.853246e-04
415 3.571451e-15 1.852442e-04
416 3.589028e-15 1.851598e-04
417 3.606605e-15 1.850716e-04
418 3.624182e-15 1.849796e-04
419 3.641759e-15 1.848837e-04
420 3.659337e-15 1.847840e-04
421 3.676914e-15 1.846806e-04
422 3.694491e-15 1.845736e-04
423 3.712068e-15 1.844629e-04
424 3.729645e-15 1.843486e-04
425 3.748049e-15 1.842308e-04
426 3.767280e-15 1.841096e-04
427 3.786510e-15 1.839849e-04
428 3.805741e-15 1.838569e-04
429 3.824971e-15 1.837256e-04
430 3.844202e-15 1.835912e-04
431 3.863433e-15 1.834536e-04
432 3.882663e-15 1.833129e-04
433 3.901894e-15 1.831693e-04
434 3.921124e-15 1.830229e-04
435 3.940779e-15 1.828736e-04
436 3.960857e-15 1.827216e-04
437 3.980936e-15 1.825671e-04
438 4.001015e-15 1.824100e-04
439 4.021093e-15 1.822505e-04
440 4.041172e-15 1.820887e-04
441 4.061251e-15 1.819247e-04
442 4.081329e-15 1.817586e-04
443 4.101408e-15 1.815905e-04
444 4.121486e-15 1.814206e-04
445 4.142088e-15 1.812488e-04
446 4.163213e-15 1.810753e-04
447 4.184338e-15 1.809002e-04
448 4.205463e-15 1.807237e-04
449 4.226588e-15 1.805457e-04
450 4.247713e-15 1.803665e-04
451 4.268838e-15 1.801860e-04
452 4.289963e-15 1.800044e-04
453 4.311088e-15 1.798218e-04
454 4.332213e-15 1.796383e-04
455 4.353875e-15 1.794539e-04
456 4.376075e-15 1.792687e-04
457 4.398275e-15 1.790829e-04
458 4.420475e-15 1.788963e-04
459 4.442675e-15 1.787092e-04
460 4.464875e-15 1.785216e-04
461 4.487074e-15 1.783335e-04
462 4.509274e-15 1.781449e-04
463 4.531474e-15 1.779560e-04
464 4.553674e-15 1.777667e-04
465 4.576190e-15 1.775771e-04
466 4.599023e-15 1.773872e-04
467 4.621856e-15 1.771969e-04
468 4.644689e-15 1.770064e-04
469 4.667522e-15 1.768155e-04
470 4.690355e-15 1.766244e-04
471 4.713188e-15 1.764329e-04
472 4.736021e-15 1.762412e-04
473 4.758853e-15 1.760491e-04
474 4.781686e-15 1.758566e-04
475 4.805053e-15 1.756638e-04
476 4.828955e-15 1.754707e-04
477 4.852856e-15 1.752771e-04
478 4.876757e-15 1.750831e-04
479 4.900658e-15 1.748886e-04
480 4.924560e-15 1.746937e-04
481 4.948461e-15 1.744982e-04
482 4.972362e-15 1.743023e-04
483 4.996264e-15 1.741058e-04
484 5.020165e-15 1.739087e-04
485 5.044240e-15 1.737111e-04
486 5.068489e-15 1.735129e-04
487 5.092737e-15 1.733140e-04
488 5.116986e-15 1.731145e-04
489 5.141235e-15 1.729144e-04
490 5.165483e-15 1.727136e-04
491 5.189732e-15 1.725123e-04
492 5.213981e-15 1.723102e-04
493 5.238230e-15 1.721076e-04
494 5.262478e-15 1.719043e-04
495 5.287080e-15 1.717005e-04
496 5.312034e-15 1.714961e-04
497 5.336987e-15 1.712912e-04
498 5.361941e-15 1.710858e-04
499 5.386895e-15 1.708799e-04
500 5.411849e-15 1.706736e-04
501 5.436803e-15 1.704670e-04
502 5.461757e-15 1.702600e-04
503 5.486711e-15 1.700528e-04
504 5.511664e-15 1.698454e-04
505 5.536913e-15 1.696378e-04
506 5.562457e-15 1.694301e-04
507 5.588001e-15 1.692224e-04
508 5.613545e-15 1.690147e-04
509 5.639089e-15 1.688071e-04
510 5.664633e-15 1.685997e-04
511 5.690177e-15 1.683925e-04
512 5.715721e-15 1.681856e-04
513 5.741264e-15 1.679790e-04
514 5.766808e-15 1.677728e-04
515 5.792601e-15 1.675671e-04
516 5.818642e-15 1.673619e-04
517 5.844683e-15 1.671573e-04
518 5.870724e-15 1.669534e-04
519 5.896765e-15 1.667502e-04
520 5.922806e-15 1.665477e-04
521 5.948847e-15 1.663461e-04
522 5.974888e-15 1.661453e-04
523 6.000929e-15 1.659455e-04
524 6.026970e-15 1.657465e-04
525 6.052316e-15 1.655486e-04
526 6.076968e-15 1.653517e-04
527 6.101621e-15 1.651559e-04
528 6.126273e-15 1.649611e-04
529 6.150925e-15 1.647675e-04
530 6.175577e-15 1.645750e-04
531 6.200229e-15 1.643836e-04
532 6.224881e-15 1.641934e-04
533 6.249534e-15 1.640044e-04
534 6.274186e-15 1.638166e-04
535 6.296426e-15 1.636300e-04
536 6.316255e-15 1.634447e-04
537 6.336083e-15 1.632605e-04
538 6.355912e-15 1.630776e-04
539 6.375740e-15 1.628960e-04
540 6.395569e-15 1.627155e-04
541 6.415397e-15 1.625363e-04
542 6.435226e-15 1.623584e-04
543 6.455055e-15 1.621816e-04
544 6.474883e-15 1.620061e-04
545 6.493044e-15 1.618318e-04
546 6.509537e-15 1.616587e-04
547 6.526030e-15 1.614868e-04
548 6.542523e-15 1.613161e-04
549 6.559016e-15 1.611466e-04
550 6.575509e-15 1.609782e-04
551 6.592002e-15 1.608110e-04
552 6.608495e-15 1.606449e-04
553 6.624988e-15 1.604800e-04
554 6.641481e-15 1.603162e-04
555 6.656967e-15 1.601536e-04
556 6.671447e-15 1.599920e-04
557 6.685927e-15 1.598315e-04
558 6.700407e-15 1.596721e-04
559 6.714887e-15 1.595137e-04
560 6.729368e-15 1.593564e-04
561 6.743848e-15 1.592001e-04
562 6.758328e-15 1.590448e-04
563 6.772808e-15 1.588906e-04
564 6.787288e-15 1.587373e-04
565 6.800629e-15 1.585850e-04
566 6.812833e-15 1.584337e-04
567 6.825036e-15 1.582833e-04
568 6.837239e-15 1.581338e-04
569 6.849442e-15 1.579853e-04
570 6.861645e-15 1.578377e-04
571 6.873849e-15 1.576909e-04
572 6.886052e-15 1.575451e-04
573 6.898255e-15 1.574001e-04
574 6.910458e-15 1.572559e-04
575 6.921956e-15 1.571126e-04
576 6.932748e-15 1.569701e-04
577 6.943541e-15 1.568283e-04
578 6.954333e-15 1.566874e-04
579 6.965125e-15 1.565472e-04
580 6.975918e-15 1.564078e-04
581 6.986710e-15 1.562691e-04
582 6.997503e-15 1.561312e-04
583 7.008295e-15 1.559939e-04
584 7.019087e-15 1.558573e-04
585 7.029301e-15 1.557214e-04
586 7.038936e-15 1.555862e-04
587 7.048572e-15 1.554516e-04
588 7.058207e-15 1.553176e-04
589 7.067842e-15 1.551842e-04
590 7.077477e-15 1.550514e-04
591 7.087112e-15 1.549192e-04
592 7.096748e-15 1.547875e-04
593 7.106383e-15 1.546564e-04
594 7.116018e-15 1.545259e-04
595 7.124886e-15 1.543958e-04
596 7.132987e-15 1.542662e-04
597 7.141087e-15 1.541371e-04
598 7.149188e-15 1.540085e-04
599 7.157289e-15 1.538803e-04
600 7.165390e-15 1.537525e-04
601 7.173490e-15 1.536252e-04
602 7.181591e-15 1.534982e-04
603 7.189692e-15 1.533717e-04
604 7.197792e-15 1.532455e-04
605 7.205481e-15 1.531196e-04
606 7.212756e-15 1.529941e-04
607 7.220032e-15 1.528689e-04
608 7.227308e-15 1.527441e-04
609 7.234583e-15 1.526195e-04
610 7.241859e-15 1.524952e-04
611 7.249135e-15 1.523711e-04
612 7.256410e-15 1.522473e-04
613 7.263686e-15 1.521237e-04
614 7.270962e-15 1.520003e-04
615 7.277691e-15 1.518772e-04
616 7.283873e-15 1.517542e-04
617 7.290056e-15 1.516314e-04
618 7.296238e-15 1.515087e-04
619 7.302421e-15 1.513862e-04
620 7.308603e-15 1.512638e-04
621 7.314786e-15 1.511415e-04
622 7.320968e-15 1.510194e-04
623 7.327151e-15 1.508973e-04
624 7.333333e-15 1.507753e-04
625 7.338931e-15 1.506533e-04
626 7.343945e-15 1.505314e-04
627 7.348959e-15 1.504095e-04
628 7.353973e-15 1.502877e-04
629 7.358987e-15 1.501659e-04
630 7.364001e-15 1.500440e-04
631 7.369015e-15 1.499222e-04
632 7.374029e-15 1.498003e-04
633 7.379043e-15 1.496784e-04
634 7.384057e-15 1.495564e-04
635 7.389032e-15 1.494343e-04
636 7.393967e-15 1.493122e-04
637 7.398903e-15 1.491901e-04
638 7.403838e-15 1.490678e-04
639 7.408773e-15 1.489454e-04
640 7.413709e-15 1.488229e-04
641 7.418644e-15 1.487003e-04
642 7.423579e-15 1.485775e-04
643 7.428515e-15 1.484546e-04
644 7.433450e-15 1.483316e-04
645 7.438063e-15 1.482083e-04
646 7.442354e-15 1.480850e-04
647 7.446644e-15 1.479614e-04
648 7.450935e-15 1.478377e-04
649 7.455226e-15 1.477138e-04
650 7.459516e-15 1.475896e-04
651 7.463807e-15 1.474653e-04
652 7.468098e-15 1.473407e-04
653 7.472388e-15 1.472160e-04
654 7.476679e-15 1.470910e-04
655 7.480763e-15 1.469658e-04
656 7.484641e-15 1.468403e-04
657 7.488519e-15 1.467146e-04
658 7.492397e-15 1.465887e-04
659 7.496275e-15 1.464625e-04
660 7.500153e-15 1.463361e-04
661 7.504031e-15 1.462094e-04
662 7.507909e-15 1.460824e-04
663 7.511787e-15 1.459552e-04
664 7.515665e-15 1.458278e-04
665 7.519354e-15 1.457000e-04
666 7.522856e-15 1.455720e-04
667 7.526357e-15 1.454437e-04
668 7.529858e-15 1.453151e-04
669 7.533359e-15 1.451863e-04
670 7.536860e-15 1.450572e-04
671 7.540361e-15 1.449278e-04
672 7.543863e-15 1.447981e-04
673 7.547364e-15 1.446682e-04
674 7.550865e-15 1.445380e-04
675 7.554208e-15 1.444075e-04
676 7.557391e-15 1.442767e-04
677 7.560575e-15 1.441457e-04
678 7.563758e-15 1.440143e-04
679 7.566942e-15 1.438827e-04
680 7.570126e-15 1.437509e-04
681 7.573309e-15 1.436187e-04
682 7.576493e-15 1.434863e-04
683 7.579677e-15 1.433537e-04
684 7.582860e-15 1.432207e-04
685 7.586123e-15 1.430875e-04
686 7.589464e-15 1.429541e-04
687 7.592805e-15 1.428204e-04
688 7.596147e-15 1.426864e-04
689 7.599488e-15 1.425522e-04
690 7.602829e-15 1.424178e-04
691 7.606170e-15 1.422831e-04
692 7.609512e-15 1.421482e-04
693 7.612853e-15 1.420131e-04
694 7.616194e-15 1.418777e-04
695 7.619100e-15 1.417421e-04
696 7.621571e-15 1.416063e-04
697 7.624043e-15 1.414703e-04
698 7.626514e-15 1.413341e-04
699 7.628985e-15 1.411977e-04
700 7.631456e-15 1.410611e-04
701 7.633927e-15 1.409243e-04
702 7.636398e-15 1.407873e-04
703 7.638869e-15 1.406502e-04
704 7.641340e-15 1.405128e-04
705 7.643628e-15 1.403754e-04
706 7.645735e-15 1.402378e-04
707 7.647841e-15 1.401000e-04
708 7.649947e-15 1.399621e-04
709 7.652053e-15 1.398240e-04
710 7.654159e-15 1.396859e-04
711 7.656265e-15 1.395476e-04
712 7.658371e-15 1.394092e-04
713 7.660477e-15 1.392707e-04
714 7.662583e-15 1.391322e-04
715 7.664178e-15 1.389935e-04
716 7.665263e-15 1.388548e-04
717 7.666347e-15 1.387160e-04
718 7.667431e-15 1.385771e-04
719 7.668516e-15 1.384382e-04
720 7.669600e-15 1.382993e-04
721 7.670684e-15 1.381603e-04
722 7.671768e-15 1.380214e-04
723 7.672853e-15 1.378824e-04
724 7.673937e-15 1.377434e-04
725 7.674443e-15 1.376044e-04
726 7.674371e-15 1.374654e-04
727 7.674298e-15 1.373264e-04
728 7.674226e-15 1.371875e-04
729 7.674154e-15 1.370487e-04
730 7.674081e-15 1.369099e-04
731 7.674009e-15 1.367711e-04
732 7.673936e-15 1.366325e-04
733 7.673864e-15 1.364939e-04
734 7.673792e-15 1.363554e-04
735 7.673091e-15 1.362171e-04
736 7.671761e-15 1.360789e-04
737 7.670431e-15 1.359407e-04
738 7.669102e-15 1.358028e-04
739 7.667772e-15 1.356650e-04
740 7.666442e-15 1.355273e-04
741 7.665113e-15 1.353899e-04
742 7.663783e-15 1.352526e-04
743 7.662453e-15 1.351155e-04
744 7.661124e-15 1.349786e-04
745 7.659041e-15 1.348419e-04
746 7.656204e-15 1.347055e-04
747 7.653368e-15 1.345693e-04
748 7.650532e-15 1.344334e-04
749 7.647696e-15 1.342977e-04
750 7.644860e-15 1.341623e-04
751 7.642024e-15 1.340272e-04
752 7.639188e-15 1.338924e-04
753 7.636351e-15 1.337579e-04
754 7.633515e-15 1.336237e-04
755 7.629935e-15 1.334898e-04
756 7.625612e-15 1.333563e-04
757 7.621288e-15 1.332232e-04
758 7.616965e-15 1.330904e-04
759 7.612642e-15 1.329580e-04
760 7.608318e-15 1.328260e-04
761 7.603995e-15 1.326944e-04
762 7.599671e-15 1.325632e-04
763 7.595348e-15 1.324325e-04
764 7.591024e-15 1.323021e-04
765 7.585648e-15 1.321722e-04
766 7.579220e-15 1.320428e-04
767 7.572792e-15 1.319139e-04
768 7.566364e-15 1.317854e-04
769 7.559936e-15 1.316574e-04
770 7.553508e-15 1.315300e-04
771 7.547080e-15 1.314030e-04
772 7.540651e-15 1.312766e-04
773 7.534223e-15 1.311507e-04
774 7.527795e-15 1.310253e-04
775 7.520524e-15 1.309006e-04
776 7.512410e-15 1.307763e-04
777 7.504296e-15 1.306527e-04
778 7.496182e-15 1.305296e-04
779 7.488068e-15 1.304072e-04
780 7.479954e-15 1.302854e-04
781 7.471841e-15 1.301642e-04
782 7.463727e-15 1.300436e-04
783 7.455613e-15 1.299236e-04
784 7.447499e-15 1.298043e-04
785 7.438321e-15 1.296857e-04
786 7.428080e-15 1.295677e-04
787 7.417839e-15 1.294504e-04
788 7.407597e-15 1.293338e-04
789 7.397356e-15 1.292179e-04
790 7.387115e-15 1.291027e-04
791 7.376873e-15 1.289882e-04
792 7.366632e-15 1.288745e-04
793 7.356391e-15 1.287614e-04
794 7.346149e-15 1.286491e-04
795 7.334958e-15 1.285376e-04
796 7.322817e-15 1.284268e-04
797 7.310677e-15 1.283167e-04
798 7.298536e-15 1.282074e-04
799 7.286395e-15 1.280989e-04
800 7.274254e-15 1.279912e-04
801 7.262113e-15 1.278843e-04
802 7.249972e-15 1.277781e-04
803 7.237831e-15 1.276728e-04
804 7.225690e-15 1.275682e-04
805 7.212397e-15 1.274645e-04
806 7.197952e-15 1.273615e-04
807 7.183507e-15 1.272594e-04
808 7.169062e-15 1.271582e-04
809 7.154617e-15 1.270577e-04
810 7.140172e-15 1.269581e-04
811 7.125726e-15 1.268593e-04
812 7.111281e-15 1.267614e-04
813 7.096836e-15 1.266643e-04
814 7.082391e-15 1.265680e-04
815 7.066750e-15 1.264726e-04
816 7.049913e-15 1.263780e-04
817 7.033075e-15 1.262843e-04
818 7.016238e-15 1.261915e-04
819 6.999401e-15 1.260995e-04
820 6.982563e-15 1.260083e-04
821 6.965726e-15 1.259180e-04
822 6.948889e-15 1.258286e-04
823 6.932051e-15 1.257400e-04
824 6.915214e-15 1.256523e-04
825 6.897232e-15 1.255654e-04
826 6.878106e-15 1.254794e-04
827 6.858980e-15 1.253943e-04
828 6.839854e-15 1.253100e-04
829 6.820728e-15 1.252265e-04
830 6.801602e-15 1.251439e-04
831 6.782476e-15 1.250621e-04
832 6.763350e-15 1.249811e-04
833 6.744224e-15 1.249010e-04
834 6.725098e-15 1.248217e-04
835 6.704853e-15 1.247433e-04
836 6.683489e-15 1.246656e-04
837 6.662125e-15 1.245888e-04
838 6.640761e-15 1.245128e-04
839 6.619397e-15 1.244376e-04
840 6.598032e-15 1.243632e-04
841 6.576668e-15 1.242895e-04
842 6.555304e-15 1.242166e-04
843 6.533940e-15 1.241445e-04
844 6.512576e-15 1.240732e-04
845 6.489932e-15 1.240026e-04
846 6.466009e-15 1.239328e-04
847 6.442086e-15 1.238637e-04
848 6.418163e-15 1.237953e-04
849 6.394240e-15 1.237276e-04
850 6.370317e-15 1.236606e-04
851 6.346394e-15 1.235943e-04
852 6.322471e-15 1.235287e-04
853 6.298548e-15 1.234637e-04
854 6.274625e-15 1.233993e-04
855 6.249599e-15 1.233356e-04
856 6.223470e-15 1.232725e-04
857 6.197341e-15 1.232101e-04
858 6.171213e-15 1.231482e-04
859 6.145084e-15 1.230868e-04
860 6.118955e-15 1.230260e-04
861 6.092826e-15 1.229658e-04
862 6.066697e-15 1.229060e-04
863 6.040568e-15 1.228468e-04
864 6.014440e-15 1.227880e-04
865 5.987141e-15 1.227297e-04
866 5.958672e-15 1.226718e-04
867 5.930204e-15 1.226144e-04
868 5.901735e-15 1.225574e-04
869 5.873267e-15 1.225007e-04
870 5.844799e-15 1.224444e-04
871 5.816330e-15 1.223884e-04
872 5.787862e-15 1.223328e-04
873 5.759393e-15 1.222775e-04
874 5.730925e-15 1.222224e-04
875 5.701327e-15 1.221676e-04
876 5.670601e-15 1.221130e-04
877 5.639875e-15 1.220586e-04
878 5.609149e-15 1.220044e-04
879 5.578423e-15 1.219504e-04
880 5.547697e-15 1.218965e-04
881 5.516971e-15 1.218428e-04
882 5.486245e-15 1.217891e-04
883 5.455519e-15 1.217355e-04
884 5.424793e-15 1.216820e-04
885 5.392906e-15 1.216284e-04
886 5.359858e-15 1.215749e-04
887 5.326811e-15 1.215214e-04
888 5.293763e-15 1.214678e-04
889 5.260716e-15 1.214141e-04
890 5.227668e-15 1.213604e-04
891 5.194621e-15 1.213065e-04
892 5.161574e-15 1.212525e-04
893 5.128526e-15 1.211983e-04
894 5.095479e-15 1.211439e-04
895 5.061305e-15 1.210893e-04
896 5.026006e-15 1.210345e-04
897 4.990706e-15 1.209794e-04
898 4.955406e-15 1.209241e-04
899 4.920107e-15 1.208684e-04
900 4.884807e-15 1.208123e-04
901 4.849507e-15 1.207560e-04
902 4.814208e-15 1.206992e-04
903 4.778908e-15 1.206420e-04
904 4.743609e-15 1.205845e-04
905 4.707335e-15 1.205264e-04
906 4.670088e-15 1.204679e-04
907 4.632841e-15 1.204089e-04
908 4.595594e-15 1.203494e-04
909 4.558347e-15 1.202893e-04
910 4.521100e-15 1.202286e-04
911 4.483853e-15 1.201674e-04
912 4.446606e-15 1.201056e-04
913 4.409359e-15 1.200431e-04
914 4.372112e-15 1.199800e-04
915 4.335235e-15 1.199163e-04
916 4.298730e-15 1.198518e-04
917 4.262224e-15 1.197866e-04
918 4.225719e-15 1.197207e-04
919 4.189213e-15 1.196540e-04
920 4.152708e-15 1.195866e-04
921 4.116203e-15 1.195184e-04
922 4.079697e-15 1.194494e-04
923 4.043192e-15 1.193795e-04
924 4.006686e-15 1.193088e-04
925 3.974606e-15 1.192372e-04
926 3.946951e-15 1.191648e-04
927 3.919296e-15 1.190915e-04
928 3.891641e-15 1.190172e-04
929 3.863986e-15 1.189421e-04
930 3.836331e-15 1.188660e-04
931 3.808676e-15 1.187889e-04
932 3.781021e-15 1.187109e-04
933 3.753366e-15 1.186319e-04
934 3.725711e-15 1.185519e-04
935 3.700621e-15 1.184709e-04
936 3.678096e-15 1.183888e-04
937 3.655572e-15 1.183058e-04
938 3.633047e-15 1.182217e-04
939 3.610522e-15 1.181365e-04
940 3.587997e-15 1.180503e-04
941 3.565472e-15 1.179630e-04
942 3.542948e-15 1.178746e-04
943 3.520423e-15 1.177852e-04
944 3.497898e-15 1.176946e-04
945 3.476883e-15 1.176030e-04
946 3.457377e-15 1.175103e-04
947 3.437871e-15 1.174164e-04
948 3.418366e-15 1.173215e-04
949 3.398860e-15 1.172254e-04
950 3.379355e-15 1.171282e-04
951 3.359849e-15 1.170299e-04
952 3.340344e-15 1.169304e-04
953 3.320838e-15 1.168299e-04
954 3.301332e-15 1.167282e-04
955 3.283233e-15 1.166254e-04
956 3.266539e-15 1.165215e-04
957 3.249845e-15 1.164164e-04
958 3.233151e-15 1.163103e-04
959 3.216457e-15 1.162030e-04
960 3.199763e-15 1.160947e-04
961 3.183070e-15 1.159852e-04
962 3.166376e-15 1.158747e-04
963 3.149682e-15 1.157631e-04
964 3.132988e-15 1.156504e-04
965 3.117215e-15 1.155366e-04
966 3.102361e-15 1.154218e-04
967 3.087508e-15 1.153059e-04
968 3.072655e-15 1.151890e-04
969 3.057802e-15 1.150711e-04
970 3.042949e-15 1.149522e-04
971 3.028096e-15 1.148323e-04
972 3.013243e-15 1.147113e-04
973 2.998389e-15 1.145894e-04
974 2.983536e-15 1.144666e-04
975 2.969572e-15 1.143428e-04
976 2.956495e-15 1.142180e-04
977 2.943419e-15 1.140924e-04
978 2.930342e-15 1.139658e-04
979 2.917266e-15 1.138384e-04
980 2.904190e-15 1.137101e-04
981 2.891113e-15 1.135809e-04
982 2.878037e-15 1.134510e-04
983 2.864961e-15 1.133202e-04
984 2.851884e-15 1.131886e-04
985 2.839437e-15 1.130562e-04
986 2.827619e-15 1.129231e-04
987 2.815801e-15 1.127893e-04
988 2.803982e-15 1.126547e-04
989 2.792164e-15 1.125195e-04
990 2.780346e-15 1.123835e-04
991 2.768528e-15 1.122470e-04
992 2.756710e-15 1.121097e-04
993 2.744892e-15 1.119719e-04
994 2.733074e-15 1.118335e-04
995 2.721734e-15 1.116946e-04
996 2.710873e-15 1.115551e-04
997 2.700012e-15 1.114151e-04
998 2.689151e-15 1.112746e-04
999 2.678290e-15 1.111336e-04
1000 2.667429e-15 1.109922e-04
1001 2.656568e-15 1.108504e-04
1002 2.645707e-15 1.107081e-04
1003 2.634845e-15 1.105655e-04
1004 2.623984e-15 1.104226e-04
1005 2.613604e-15 1.102793e-04
1006 2.603705e-15 1.101358e-04
1007 2.593807e-15 1.099919e-04
1008 2.583908e-15 1.098478e-04
1009 2.574009e-15 1.097035e-04
1010 2.564110e-15 1.095591e-04
1011 2.554211e-15 1.094144e-04
1012 2.544312e-15 1.092696e-04
1013 2.534413e-15 1.091247e-04
1014 2.524514e-15 1.089797e-04
1015 2.514938e-15 1.088346e-04
1016 2.505684e-15 1.086895e-04
1017 2.496430e-15 1.085443e-04
1018 2.487176e-15 1.083992e-04
1019 2.477922e-15 1.082542e-04
1020 2.468668e-15 1.081091e-04
1021 2.459414e-15 1.079642e-04
1022 2.450160e-15 1.078194e-04
1023 2.440907e-15 1.076748e-04
1024 2.431653e-15 1.075303e-04
1025 2.422627e-15 1.073860e-04
1026 2.413831e-15 1.072419e-04
1027 2.405035e-15 1.070981e-04
1028 2.396238e-15 1.069545e-04
1029 2.387442e-15 1.068113e-04
1030 2.378645e-15 1.066683e-04
1031 2.369849e-15 1.065257e-04
1032 2.361053e-15 1.063835e-04
1033 2.352256e-15 1.062417e-04
1034 2.343460e-15 1.061003e-04
1035 2.334952e-15 1.059593e-04
1036 2.326734e-15 1.058188e-04
1037 2.318516e-15 1.056788e-04
1038 2.310298e-15 1.055393e-04
1039 2.302080e-15 1.054004e-04
1040 2.293861e-15 1.052620e-04
1041 2.285643e-15 1.051242e-04
1042 2.277425e-15 1.049870e-04
1043 2.269207e-15 1.048504e-04
1044 2.260989e-15 1.047145e-04
1045 2.252915e-15 1.045793e-04
1046 2.244985e-15 1.044447e-04
1047 2.237056e-15 1.043109e-04
1048 2.229126e-15 1.041778e-04
1049 2.221196e-15 1.040455e-04
1050 2.213267e-15 1.039139e-04
1051 2.205337e-15 1.037831e-04
1052 2.197408e-15 1.036532e-04
1053 2.189478e-15 1.035241e-04
1054 2.181549e-15 1.033958e-04
1055 2.173897e-15 1.032684e-04
1056 2.166523e-15 1.031419e-04
1057 2.159149e-15 1.030162e-04
1058 2.151776e-15 1.028915e-04
1059 2.144402e-15 1.027678e-04
1060 2.137028e-15 1.026449e-04
1061 2.129654e-15 1.025231e-04
1062 2.122280e-15 1.024022e-04
1063 2.114907e-15 1.022823e-04
1064 2.107533e-15 1.021634e-04
1065 2.100330e-15 1.020455e-04
1066 2.093299e-15 1.019287e-04
1067 2.086267e-15 1.018129e-04
1068 2.079236e-15 1.016982e-04
1069 2.072204e-15 1.015845e-04
1070 2.065173e-15 1.014720e-04
1071 2.058141e-15 1.013605e-04
1072 2.051110e-15 1.012501e-04
1073 2.044078e-15 1.011408e-04
1074 2.037047e-15 1.010327e-04
1075 2.030256e-15 1.009257e-04
1076 2.023706e-15 1.008198e-04
1077 2.017156e-15 1.007151e-04
1078 2.010606e-15 1.006115e-04
1079 2.004056e-15 1.005092e-04
1080 1.997506e-15 1.004079e-04
1081 1.990956e-15 1.003079e-04
1082 1.984406e-15 1.002091e-04
1083 1.977856e-15 1.001115e-04
1084 1.971306e-15 1.000150e-04
1085 1.965024e-15 9.991980e-05
1086 1.959011e-15 9.982580e-05
1087 1.952998e-15 9.973302e-05
1088 1.946985e-15 9.964147e-05
1089 1.940972e-15 9.955116e-05
1090 1.934958e-15 9.946208e-05
1091 1.928945e-15 9.937425e-05
1092 1.922932e-15 9.928767e-05
1093 1.916919e-15 9.920234e-05
1094 1.910906e-15 9.911826e-05
1095 1.905109e-15 9.903544e-05
1096 1.899529e-15 9.895389e-05
1097 1.893949e-15 9.887360e-05
1098 1.888369e-15 9.879458e-05
1099 1.882789e-15 9.871683e-05
1100 1.877209e-15 9.864035e-05
1101 1.871629e-15 9.856515e-05
1102 1.866050e-15 9.849122e-05
1103 1.860470e-15 9.841857e-05
1104 1.854890e-15 9.834720e-05
1105 1.849581e-15 9.827711e-05
1106 1.844543e-15 9.820831e-05
1107 1.839504e-15 9.814078e-05
1108 1.834466e-15 9.807453e-05
1109 1.829428e-15 9.800956e-05
1110 1.824390e-15 9.794588e-05
1111 1.819352e-15 9.788348e-05
1112 1.814314e-15 9.782235e-05
1113 1.809276e-15 9.776251e-05
1114 1.804238e-15 9.770395e-05
1115 1.799512e-15 9.764666e-05
1116 1.795097e-15 9.759065e-05
1117 1.790682e-15 9.753592e-05
1118 1.786268e-15 9.748246e-05
1119 1.781853e-15 9.743027e-05
1120 1.777438e-15 9.737934e-05
1121 1.773023e-15 9.732969e-05
1122 1.768609e-15 9.728130e-05
1123 1.764194e-15 9.723417e-05
1124 1.759779e-15 9.718831e-05
1125 1.755592e-15 9.714370e-05
1126 1.751632e-15 9.710034e-05
1127 1.747671e-15 9.705823e-05
1128 1.743711e-15 9.701738e-05
1129 1.739751e-15 9.697776e-05
1130 1.735791e-15 9.693939e-05
1131 1.731830e-15 9.690225e-05
1132 1.727870e-15 9.686635e-05
1133 1.723910e-15 9.683167e-05
1134 1.719950e-15 9.679822e-05
1135 1.716306e-15 9.676599e-05
1136 1.712980e-15 9.673498e-05
1137 1.709653e-15 9.670519e-05
1138 1.706326e-15 9.667660e-05
1139 1.702999e-15 9.664921e-05
1140 1.699672e-15 9.662302e-05
1141 1.696345e-15 9.659803e-05
1142 1.693019e-15 9.657423e-05
1143 1.689692e-15 9.655161e-05
1144 1.686365e-15 9.653017e-05
1145 1.683278e-15 9.650991e-05
1146 1.680432e-15 9.649082e-05
1147 1.677586e-15 9.647289e-05
1148 1.674739e-15 9.645612e-05
1149 1.671893e-15 9.644051e-05
1150 1.669046e-15 9.642604e-05
1151 1.666200e-15 9.641272e-05
1152 1.663354e-15 9.640054e-05
1153 1.660507e-15 9.638949e-05
1154 1.657661e-15 9.637957e-05
1155 1.655131e-15 9.637077e-05
1156 1.652918e-15 9.636309e-05
1157 1.650704e-15 9.635652e-05
1158 1.648491e-15 9.635105e-05
1159 1.646278e-15 9.634669e-05
1160 1.644065e-15 9.634342e-05
1161 1.641851e-15 9.634124e-05
1162 1.639638e-15 9.634014e-05
1163 1.637425e-15 9.634012e-05
1164 1.635212e-15 9.634117e-05
1165 1.633280e-15 9.634329e-05
1166 1.631629e-15 9.634647e-05
1167 1.629978e-15 9.635070e-05
1168 1.628327e-15 9.635598e-05
1169 1.626677e-15 9.636230e-05
1170 1.625026e-15 9.636967e-05
1171 1.623375e-15 9.637806e-05
1172 1.621724e-15 9.638747e-05
1173 1.620074e-15 9.639791e-05
1174 1.618423e-15 9.640936e-05
1175 1.617085e-15 9.642181e-05
1176 1.616061e-15 9.643527e-05
1177 1.615036e-15 9.644972e-05
1178 1.614012e-15 9.646516e-05
1179 1.612987e-15 9.648158e-05
1180 1.611963e-15 9.649898e-05
1181 1.610938e-15 9.651735e-05
1182 1.609914e-15 9.653668e-05
1183 1.608889e-15 9.655698e-05
1184 1.607865e-15 9.657822e-05
1185 1.607142e-15 9.660040e-05
1186 1.606722e-15 9.662353e-05
1187 1.606301e-15 9.664759e-05
1188 1.605880e-15 9.667257e-05
1189 1.605459e-15 9.669848e-05
1190 1.605039e-15 9.672529e-05
1191 1.604618e-15 9.675302e-05
1192 1.604197e-15 9.678164e-05
1193 1.603777e-15 9.681116e-05
1194 1.603356e-15 9.684156e-05
1195 1.603236e-15 9.687285e-05
1196 1.603416e-15 9.690501e-05
1197 1.603596e-15 9.693804e-05
1198 1.603776e-15 9.697193e-05
1199 1.603955e-15 9.700667e-05
1200 1.604135e-15 9.704227e-05
1201 1.604315e-15 9.707870e-05
1202 1.604495e-15 9.711597e-05
1203 1.604675e-15 9.715406e-05
1204 1.604855e-15 9.719298e-05
1205 1.605294e-15 9.723271e-05
1206 1.605991e-15 9.727325e-05
1207 1.606689e-15 9.731459e-05
1208 1.607386e-15 9.735673e-05
1209 1.608084e-15 9.739965e-05
1210 1.608781e-15 9.744335e-05
1211 1.609479e-15 9.748783e-05
1212 1.610176e-15 9.753307e-05
1213 1.610874e-15 9.757907e-05
1214 1.611571e-15 9.762583e-05
1215 1.612530e-15 9.767333e-05
1216 1.613749e-15 9.772157e-05
1217 1.614969e-15 9.777055e-05
1218 1.616189e-15 9.782025e-05
1219 1.617408e-15 9.787067e-05
1220 1.618628e-15 9.792180e-05
1221 1.619848e-15 9.797363e-05
1222 1.621067e-15 9.802616e-05
1223 1.622287e-15 9.807938e-05
1224 1.623507e-15 9.813329e-05
1225 1.624895e-15 9.818787e-05
1226 1.626452e-15 9.824312e-05
1227 1.628010e-15 9.829904e-05
1228 1.629567e-15 9.835561e-05
1229 1.631125e-15 9.841283e-05
1230 1.632682e-15 9.847068e-05
1231 1.634239e-15 9.852918e-05
1232 1.635797e-15 9.858830e-05
1233 1.637354e-15 9.864803e-05
1234 1.638911e-15 9.870839e-05
1235 1.640640e-15 9.876934e-05
1236 1.642541e-15 9.883090e-05
1237 1.644441e-15 9.889304e-05
1238 1.646342e-15 9.895577e-05
1239 1.648242e-15 9.901908e-05
1240 1.650143e-15 9.908295e-05
1241 1.652043e-15 9.914739e-05
1242 1.653944e-15 9.921238e-05
1243 1.655844e-15 9.927792e-05
1244 1.657745e-15 9.934400e-05
1245 1.659730e-15 9.941062e-05
1246 1.661800e-15 9.947775e-05
1247 1.663871e-15 9.954541e-05
1248 1.665941e-15 9.961358e-05
1249 1.668011e-15 9.968225e-05
1250 1.670082e-15 9.975142e-05
1251 1.672152e-15 9.982108e-05
1252 1.674222e-15 9.989122e-05
1253 1.676293e-15 9.996184e-05
1254 1.678363e-15 1.000329e-04
1255 1.680454e-15 1.001045e-04
1256 1.682564e-15 1.001765e-04
1257 1.684675e-15 1.002489e-04
1258 1.686785e-15 1.003218e-04
1259 1.688896e-15 1.003951e-04
1260 1.691006e-15 1.004688e-04
1261 1.693117e-15 1.005430e-04
1262 1.695227e-15 1.006175e-04
1263 1.697338e-15 1.006925e-04
1264 1.699448e-15 1.007679e-04
1265 1.701502e-15 1.008436e-04
1266 1.703501e-15 1.009197e-04
1267 1.705499e-15 1.009962e-04
1268 1.707497e-15 1.010731e-04
1269 1.709496e-15 1.011503e-04
1270 1.711494e-15 1.012278e-04
1271 1.713492e-15 1.013057e-04
1272 1.715490e-15 1.013840e-04
1273 1.717489e-15 1.014626e-04
1274 1.719487e-15 1.015414e-04
1275 1.721329e-15 1.016207e-04
1276 1.723015e-15 1.017002e-04
1277 1.724701e-15 1.017800e-04
1278 1.726386e-15 1.018601e-04
1279 1.728072e-15 1.019404e-04
1280 1.729758e-15 1.020211e-04
1281 1.731444e-15 1.021020e-04
1282 1.733129e-15 1.021832e-04
1283 1.734815e-15 1.022646e-04
1284 1.736501e-15 1.023463e-04
1285 1.738009e-15 1.024283e-04
1286 1.739340e-15 1.025104e-04
1287 1.740671e-15 1.025928e-04
1288 1.742002e-15 1.026754e-04
1289 1.743333e-15 1.027582e-04
1290 1.744664e-15 1.028412e-04
1291 1.745995e-15 1.029244e-04
1292 1.747326e-15 1.030078e-04
1293 1.748657e-15 1.030914e-04
1294 1.749988e-15 1.031751e-04
1295 1.751102e-15 1.032591e-04
1296 1.751997e-15 1.033431e-04
1297 1.752893e-15 1.034274e-04
1298 1.753788e-15 1.035117e-04
1299 1.754684e-15 1.035962e-04
1300 1.755579e-15 1.036809e-04
1301 1.756475e-15 1.037656e-04
1302 1.757370e-15 1.038505e-04
1303 1.758266e-15 1.039355e-04
1304 1.759161e-15 1.040205e-04
1305 1.759771e-15 1.041057e-04
1306 1.760094e-15 1.041910e-04
1307 1.760416e-15 1.042763e-04
1308 1.760739e-15 1.043617e-04
1309 1.761062e-15 1.044472e-04
1310 1.761385e-15 1.045327e-04
1311 1.761708e-15 1.046183e-04
1312 1.762031e-15 1.047039e-04
1313 1.762354e-15 1.047896e-04
1314 1.762677e-15 1.048752e-04
1315 1.762822e-15 1.049609e-04
1316 1.762791e-15 1.050467e-04
1317 1.762759e-15 1.051324e-04
1318 1.762727e-15 1.052181e-04
1319 1.762695e-15 1.053038e-04
1320 1.762664e-15 1.053895e-04
1321 1.762632e-15 1.054752e-04
1322 1.762600e-15 1.055608e-04
1323 1.762569e-15 1.056465e-04
1324 1.762537e-15 1.057320e-04
1325 1.762293e-15 1.058176e-04
1326 1.761835e-15 1.059030e-04
1327 1.761378e-15 1.059884e-04
1328 1.760921e-15 1.060738e-04
1329 1.760464e-15 1.061590e-04
1330 1.760007e-15 1.062442e-04
1331 1.759549e-15 1.063292e-04
1332 1.759092e-15 1.064142e-04
1333 1.758635e-15 1.064991e-04
1334 1.758178e-15 1.065838e-04
1335 1.757605e-15 1.066685e-04
1336 1.756917e-15 1.067530e-04
1337 1.756229e-15 1.068374e-04
1338 1.755541e-15 1.069216e-04
1339 1.754853e-15 1.070057e-04
1340 1.754165e-15 1.070896e-04
1341 1.753477e-15 1.071734e-04
1342 1.752789e-15 1.072570e-04
1343 1.752101e-15 1.073405e-04
1344 1.751413e-15 1.074237e-04
1345 1.750634e-15 1.075068e-04
1346 1.749763e-15 1.075897e-04
1347 1.748893e-15 1.076723e-04
1348 1.748022e-15 1.077548e-04
1349 1.747152e-15 1.078371e-04
1350 1.746281e-15 1.079191e-04
1351 1.745411e-15 1.080009e-04
1352 1.744540e-15 1.080825e-04
1353 1.743670e-15 1.081638e-04
1354 1.742800e-15 1.082449e-04
1355 1.741885e-15 1.083257e-04
1356 1.740927e-15 1.084063e-04
1357 1.739969e-15 1.084866e-04
1358 1.739011e-15 1.085666e-04
1359 1.738053e-15 1.086464e-04
1360 1.737095e-15 1.087258e-04
1361 1.736137e-15 1.088050e-04
1362 1.735179e-15 1.088839e-04
1363 1.734221e-15 1.089624e-04
1364 1.733263e-15 1.090407e-04
1365 1.732350e-15 1.091186e-04
1366 1.731484e-15 1.091963e-04
1367 1.730618e-15 1.092736e-04
1368 1.729751e-15 1.093505e-04
1369 1.728885e-15 1.094271e-04
1370 1.728019e-15 1.095034e-04
1371 1.727152e-15 1.095793e-04
1372 1.726286e-15 1.096548e-04
1373 1.725420e-15 1.097300e-04
1374 1.724553e-15 1.098048e-04
1375 1.723668e-15 1.098793e-04
1376 1.722763e-15 1.099533e-04
1377 1.721859e-15 1.100270e-04
1378 1.720954e-15 1.101002e-04
1379 1.720050e-15 1.101731e-04
1380 1.719145e-15 1.102455e-04
1381 1.718241e-15 1.103176e-04
1382 1.717336e-15 1.103892e-04
1383 1.716432e-15 1.104604e-04
1384 1.715527e-15 1.105311e-04
1385 1.714707e-15 1.106014e-04
1386 1.713970e-15 1.106713e-04
1387 1.713233e-15 1.107408e-04
1388 1.712497e-15 1.108097e-04
1389 1.711760e-15 1.108782e-04
1390 1.711023e-15 1.109463e-04
1391 1.710287e-15 1.110139e-04
1392 1.709550e-15 1.110810e-04
1393 1.708813e-15 1.111476e-04
1394 1.708077e-15 1.112137e-04
1395 1.707505e-15 1.112794e-04
1396 1.707100e-15 1.113445e-04
1397 1.706694e-15 1.114091e-04
1398 1.706288e-15 1.114733e-04
1399 1.705882e-15 1.115369e-04
1400 1.705476e-15 1.116000e-04
1401 1.705070e-15 1.116626e-04
1402 1.704664e-15 1.117246e-04
1403 1.704258e-15 1.117861e-04
1404 1.703852e-15 1.118471e-04
1405 1.703592e-15 1.119075e-04
1406 1.703478e-15 1.119674e-04
1407 1.703364e-15 1.120267e-04
1408 1.703250e-15 1.120854e-04
1409 1.703136e-15 1.121436e-04
1410 1.703022e-15 1.122012e-04
1411 1.702908e-15 1.122583e-04
1412 1.702794e-15 1.123147e-04
1413 1.702680e-15 1.123706e-04
1414 1.702566e-15 1.124259e-04
1415 1.702659e-15 1.124806e-04
1416 1.702958e-15 1.125347e-04
1417 1.703257e-15 1.125882e-04
1418 1.703556e-15 1.126411e-04
1419 1.703856e-15 1.126934e-04
1420 1.704155e-15 1.127450e-04
1421 1.704454e-15 1.127960e-04
1422 1.704753e-15 1.128465e-04
1423 1.705053e-15 1.128962e-04
1424 1.705352e-15 1.129454e-04
1425 1.705786e-15 1.129939e-04
1426 1.706355e-15 1.130417e-04
1427 1.706924e-15 1.130890e-04
1428 1.707493e-15 1.131355e-04
1429 1.708061e-15 1.131814e-04
1430 1.708630e-15 1.132267e-04
1431 1.709199e-15 1.132712e-04
1432 1.709768e-15 1.133152e-04
1433 1.710337e-15 1.133584e-04
1434 1.710906e-15 1.134010e-04
1435 1.711615e-15 1.134428e-04
1436 1.712465e-15 1.134840e-04
1437 1.713315e-15 1.135246e-04
1438 1.714165e-15 1.135644e-04
1439 1.715014e-15 1.136035e-04
1440 1.715864e-15 1.136419e-04
1441 1.716714e-15 1.136796e-04
1442 1.717564e-15 1.137167e-04
1443 1.718413e-15 1.137530e-04
1444 1.719263e-15 1.137886e-04
1445 1.720276e-15 1.138234e-04
1446 1.721450e-15 1.138576e-04
1447 1.722625e-15 1.138910e-04
1448 1.723800e-15 1.139237e-04
1449 1.724975e-15 1.139557e-04
1450 1.726150e-15 1.139869e-04
1451 1.727325e-15 1.140174e-04
1452 1.728499e-15 1.140472e-04
1453 1.729674e-15 1.140762e-04
1454 1.730849e-15 1.141045e-04
1455 1.732113e-15 1.141320e-04
1456 1.733466e-15 1.141588e-04
1457 1.734820e-15 1.141848e-04
1458 1.736173e-15 1.142101e-04
1459 1.737526e-15 1.142346e-04
1460 1.738879e-15 1.142583e-04
1461 1.740233e-15 1.142813e-04
1462 1.741586e-15 1.143035e-04
1463 1.742939e-15 1.143250e-04
1464 1.744292e-15 1.143456e-04
1465 1.745759e-15 1.143655e-04
1466 1.747338e-15 1.143846e-04
1467 1.748918e-15 1.144029e-04
1468 1.750498e-15 1.144205e-04
1469 1.752077e-15 1.144372e-04
1470 1.753657e-15 1.144532e-04
1471 1.755237e-15 1.144684e-04
1472 1.756816e-15 1.144828e-04
1473 1.758396e-15 1.144963e-04
1474 1.759975e-15 1.145091e-04
1475 1.761637e-15 1.145211e-04
1476 1.763382e-15 1.145323e-04
1477 1.765126e-15 1.145427e-04
1478 1.766871e-15 1.145523e-04
1479 1.768615e-15 1.145611e-04
1480 1.770359e-15 1.145690e-04
1481 1.772104e-15 1.145762e-04
1482 1.773848e-15 1.145826e-04
1483 1.775592e-15 1.145881e-04
1484 1.777337e-15 1.145928e-04
1485 1.779092e-15 1.145967e-04
1486 1.780857e-15 1.145998e-04
1487 1.782623e-15 1.146020e-04
1488 1.784389e-15 1.146035e-04
1489 1.786154e-15 1.146041e-04
1490 1.787920e-15 1.146039e-04
1491 1.789686e-15 1.146029e-04
1492 1.791451e-15 1.146010e-04
1493 1.793217e-15 1.145983e-04
1494 1.794983e-15 1.145948e-04
1495 1.796749e-15 1.145905e-04
1496 1.798517e-15 1.145853e-04
1497 1.800284e-15 1.145793e-04
1498 1.802052e-15 1.145724e-04
1499 1.803820e-15 1.145647e-04
1500 1.805587e-15 1.145562e-04
1501 1.807355e-15 1.145468e-04
1502 1.809122e-15 1.145366e-04
1503 1.810890e-15 1.145256e-04
1504 1.812657e-15 1.145137e-04
1505 1.814369e-15 1.145010e-04
1506 1.816024e-15 1.144875e-04
1507 1.817680e-15 1.144731e-04
1508 1.819335e-15 1.144578e-04
1509 1.820990e-15 1.144417e-04
1510 1.822646e-15 1.144248e-04
1511 1.824301e-15 1.144070e-04
1512 1.825956e-15 1.143884e-04
1513 1.827612e-15 1.143690e-04
1514 1.829267e-15 1.143487e-04
1515 1.830831e-15 1.143275e-04
1516 1.832305e-15 1.143055e-04
1517 1.833779e-15 1.142827e-04
1518 1.835253e-15 1.142590e-04
1519 1.836726e-15 1.142344e-04
1520 1.838200e-15 1.142090e-04
1521 1.839674e-15 1.141828e-04
1522 1.841148e-15 1.141557e-04
1523 1.842621e-15 1.141278e-04
1524 1.844095e-15 1.140990e-04
1525 1.845430e-15 1.140694e-04
1526 1.846627e-15 1.140389e-04
1527 1.847823e-15 1.140076e-04
1528 1.849020e-15 1.139754e-04
1529 1.850216e-15 1.139424e-04
1530 1.851413e-15 1.139085e-04
1531 1.852609e-15 1.138738e-04
1532 1.853806e-15 1.138382e-04
1533 1.855002e-15 1.138018e-04
1534 1.856199e-15 1.137646e-04
1535 1.857155e-15 1.137265e-04
1536 1.857871e-15 1.136875e-04
1537 1.858588e-15 1.136477e-04
1538 1.859304e-15 1.136071e-04
1539 1.860021e-15 1.135656e-04
1540 1.860737e-15 1.135233e-04
1541 1.861453e-15 1.134801e-04
1542 1.862170e-15 1.134361e-04
1543 1.862886e-15 1.133913e-04
1544 1.863602e-15 1.133456e-04
1545 1.864073e-15 1.132991e-04
1546 1.864297e-15 1.132517e-04
1547 1.864522e-15 1.132035e-04
1548 1.864747e-15 1.131545e-04
1549 1.864971e-15 1.131046e-04
1550 1.865196e-15 1.130538e-04
1551 1.865420e-15 1.130023e-04
1552 1.865645e-15 1.129499e-04
1553 1.865869e-15 1.128967e-04
1554 1.866094e-15 1.128426e-04
1555 1.865959e-15 1.127877e-04
1556 1.865465e-15 1.127320e-04
1557 1.864971e-15 1.126755e-04
1558 1.864477e-15 1.126181e-04
1559 1.863984e-15 1.125599e-04
1560 1.863490e-15 1.125009e-04
1561 1.862996e-15 1.124410e-04
1562 1.862502e-15 1.123804e-04
1563 1.862008e-15 1.123189e-04
1564 1.861514e-15 1.122566e-04
1565 1.860676e-15 1.121934e-04
1566 1.859494e-15 1.121295e-04
1567 1.858311e-15 1.120647e-04
1568 1.857129e-15 1.119992e-04
1569 1.855947e-15 1.119328e-04
1570 1.854764e-15 1.118656e-04
1571 1.853582e-15 1.117975e-04
1572 1.852400e-15 1.117287e-04
1573 1.851217e-15 1.116591e-04
1574 1.850035e-15 1.115887e-04
1575 1.848452e-15 1.115174e-04
1576 1.846469e-15 1.114454e-04
1577 1.844486e-15 1.113725e-04
1578 1.842502e-15 1.112989e-04
1579 1.840519e-15 1.112245e-04
1580 1.838536e-15 1.111493e-04
1581 1.836552e-15 1.110732e-04
1582 1.834569e-15 1.109964e-04
1583 1.832586e-15 1.109188e-04
1584 1.830603e-15 1.108404e-04
1585 1.828147e-15 1.107613e-04
1586 1.825218e-15 1.106813e-04
1587 1.822290e-15 1.106006e-04
1588 1.819361e-15 1.105191e-04
1589 1.816433e-15 1.104368e-04
1590 1.813504e-15 1.103537e-04
1591 1.810576e-15 1.102699e-04
1592 1.807647e-15 1.101853e-04
1593 1.804719e-15 1.100999e-04
1594 1.801791e-15 1.100138e-04
1595 1.798513e-15 1.099269e-04
1596 1.794885e-15 1.098392e-04
1597 1.791258e-15 1.097508e-04
1598 1.787631e-15 1.096616e-04
1599 1.784003e-15 1.095717e-04
1600 1.780376e-15 1.094810e-04
1601 1.776749e-15 1.093895e-04
1602 1.773121e-15 1.092974e-04
1603 1.769494e-15 1.092044e-04
1604 1.765867e-15 1.091108e-04
1605 1.761900e-15 1.090163e-04
1606 1.757594e-15 1.089212e-04
1607 1.753288e-15 1.088253e-04
1608 1.748982e-15 1.087287e-04
1609 1.744676e-15 1.086314e-04
1610 1.740370e-15 1.085333e-04
1611 1.736064e-15 1.084345e-04
1612 1.731758e-15 1.083350e-04
1613 1.727452e-15 1.082348e-04
1614 1.723146e-15 1.081338e-04
1615 1.718474e-15 1.080322e-04
1616 1.713437e-15 1.079298e-04
1617 1.708400e-15 1.078267e-04
1618 1.703363e-15 1.077229e-04
1619 1.698326e-15 1.076185e-04
1620 1.693289e-15 1.075133e-04
1621 1.688252e-15 1.074074e-04
1622 1.683214e-15 1.073008e-04
1623 1.678177e-15 1.071936e-04
1624 1.673140e-15 1.070856e-04
1625 1.667976e-15 1.069770e-04
1626 1.662686e-15 1.068677e-04
1627 1.657396e-15 1.067577e-04
1628 1.652106e-15 1.066470e-04
1629 1.646815e-15 1.065357e-04
1630 1.641525e-15 1.064237e-04
1631 1.636235e-15 1.063110e-04
1632 1.630944e-15 1.061977e-04
1633 1.625654e-15 1.060837e-04
1634 1.620364e-15 1.059690e-04
1635 1.614897e-15 1.058537e-04
1636 1.609254e-15 1.057378e-04
1637 1.603611e-15 1.056212e-04
1638 1.597967e-15 1.055039e-04
1639 1.592324e-15 1.053861e-04
1640 1.586681e-15 1.052676e-04
1641 1.581038e-15 1.051484e-04
1642 1.575395e-15 1.050286e-04
1643 1.569752e-15 1.049082e-04
1644 1.564108e-15 1.047872e-04
1645 1.558478e-15 1.046656e-04
1646 1.552859e-15 1.045433e-04
1647 1.547241e-15 1.044204e-04
1648 1.541622e-15 1.042969e-04
1649 1.536004e-15 1.041728e-04
1650 1.530385e-15 1.040481e-04
1651 1.524767e-15 1.039229e-04
1652 1.519149e-15 1.037970e-04
1653 1.513530e-15 1.036705e-04
1654 1.507912e-15 1.035434e-04
1655 1.502324e-15 1.034158e-04
1656 1.496767e-15 1.032876e-04
1657 1.491210e-15 1.031587e-04
1658 1.485654e-15 1.030294e-04
1659 1.480097e-15 1.028994e-04
1660 1.474540e-15 1.027689e-04
1661 1.468983e-15 1.026378e-04
1662 1.463426e-15 1.025062e-04
1663 1.457869e-15 1.023740e-04
1664 1.452312e-15 1.022413e-04
1665 1.446685e-15 1.021080e-04
1666 1.440987e-15 1.019741e-04
1667 1.435289e-15 1.018398e-04
1668 1.429591e-15 1.017049e-04
1669 1.423893e-15 1.015694e-04
1670 1.418195e-15 1.014335e-04
1671 1.412497e-15 1.012970e-04
1672 1.406799e-15 1.011599e-04
1673 1.401101e-15 1.010224e-04
1674 1.395403e-15 1.008844e-04
1675 1.389822e-15 1.007458e-04
1676 1.384359e-15 1.006068e-04
1677 1.378896e-15 1.004672e-04
1678 1.373433e-15 1.003272e-04
1679 1.367970e-15 1.001866e-04
1680 1.362507e-15 1.000456e-04
1681 1.357044e-15 9.990408e-05
1682 1.351581e-15 9.976208e-05
1683 1.346118e-15 9.961961e-05
1684 1.340655e-15 9.947666e-05
1685 1.335150e-15 9.933325e-05
1686 1.329603e-15 9.918937e-05
1687 1.324056e-15 9.904503e-05
1688 1.318509e-15 9.890024e-05
1689 1.312962e-15 9.875499e-05
1690 1.307415e-15 9.860930e-05
1691 1.301868e-15 9.846316e-05
1692 1.296321e-15 9.831658e-05
1693 1.290774e-15 9.816957e-05
1694 1.285227e-15 9.802213e-05
1695 1.279647e-15 9.787426e-05
1696 1.274032e-15 9.772597e-05
1697 1.268418e-15 9.757725e-05
1698 1.262804e-15 9.742813e-05
1699 1.257190e-15 9.727859e-05
1700 1.251576e-15 9.712865e-05
1701 1.245961e-15 9.697831e-05
1702 1.240347e-15 9.682757e-05
1703 1.234733e-15 9.667644e-05
1704 1.229119e-15 9.652492e-05
1705 1.223416e-15 9.637302e-05
1706 1.217626e-15 9.622073e-05
1707 1.211836e-15 9.606807e-05
1708 1.206046e-15 9.591504e-05
1709 1.200256e-15 9.576165e-05
1710 1.194465e-15 9.560789e-05
1711 1.188675e-15 9.545377e-05
1712 1.182885e-15 9.529930e-05
1713 1.177095e-15 9.514448e-05
1714 1.171305e-15 9.498932e-05
1715 1.165285e-15 9.483381e-05
1716 1.159036e-15 9.467797e-05
1717 1.152788e-15 9.452180e-05
1718 1.146539e-15 9.436530e-05
1719 1.140290e-15 9.420848e-05
1720 1.134041e-15 9.405133e-05
1721 1.127793e-15 9.389388e-05
1722 1.121544e-15 9.373612e-05
1723 1.115295e-15 9.357805e-05
1724 1.109046e-15 9.341968e-05
1725 1.102580e-15 9.326102e-05
1726 1.095897e-15 9.310206e-05
1727 1.089214e-15 9.294282e-05
1728 1.082531e-15 9.278330e-05
1729 1.075848e-15 9.262350e-05
1730 1.069166e-15 9.246342e-05
1731 1.062483e-15 9.230308e-05
1732 1.055800e-15 9.214247e-05
1733 1.049117e-15 9.198161e-05
1734 1.042434e-15 9.182049e-05
1735 1.035382e-15 9.165912e-05
1736 1.027962e-15 9.149750e-05
1737 1.020542e-15 9.133564e-05
1738 1.013122e-15 9.117355e-05
1739 1.005702e-15 9.101122e-05
1740 9.982820e-16 9.084867e-05
1741 9.908619e-16 9.068589e-05
1742 9.834419e-16 9.052290e-05
1743 9.760219e-16 9.035969e-05
1744 9.686018e-16 9.019627e-05
1745 9.607561e-16 9.003265e-05
1746 9.524847e-16 8.986883e-05
1747 9.442133e-16 8.970481e-05
1748 9.359419e-16 8.954060e-05
1749 9.276705e-16 8.937621e-05
1750 9.193992e-16 8.921164e-05
1751 9.111278e-16 8.904689e-05
1752 9.028564e-16 8.888197e-05
1753 8.945850e-16 8.871688e-05
1754 8.863136e-16 8.855163e-05
1755 8.775398e-16 8.838622e-05
1756 8.682635e-16 8.822066e-05
1757 8.589872e-16 8.805494e-05
1758 8.497109e-16 8.788909e-05
1759 8.404346e-16 8.772310e-05
1760 8.311583e-16 8.755697e-05
1761 8.218820e-16 8.739071e-05
1762 8.126057e-16 8.722433e-05
1763 8.033294e-16 8.705782e-05
1764 7.940530e-16 8.689120e-05
1765 7.841851e-16 8.672447e-05
1766 7.737256e-16 8.655763e-05
1767 7.632660e-16 8.639070e-05
1768 7.528065e-16 8.622366e-05
1769 7.423469e-16 8.605653e-05
1770 7.318873e-16 8.588932e-05
1771 7.214278e-16 8.572202e-05
1772 7.109682e-16 8.555464e-05
1773 7.005087e-16 8.538719e-05
1774 6.900491e-16 8.521967e-05
1775 6.788591e-16 8.505208e-05
1776 6.669385e-16 8.488444e-05
1777 6.550180e-16 8.471674e-05
1778 6.430974e-16 8.454899e-05
1779 6.311769e-16 8.438120e-05
1780 6.192563e-16 8.421336e-05
1781 6.073358e-16 8.404549e-05
1782 5.954152e-16 8.387759e-05
1783 5.834947e-16 8.370966e-05
1784 5.715741e-16 8.354171e-05
1785 5.587321e-16 8.337374e-05
1786 5.449686e-16 8.320576e-05
1787 5.312051e-16 8.303777e-05
1788 5.174416e-16 8.286978e-05
1789 5.036780e-16 8.270179e-05
1790 4.899145e-16 8.253380e-05
1791 4.761510e-16 8.236583e-05
1792 4.623875e-16 8.219787e-05
1793 4.486240e-16 8.202993e-05
1794 4.348605e-16 8.186202e-05
1795 4.200589e-16 8.169413e-05
1796 4.042192e-16 8.152628e-05
1797 3.883796e-16 8.135847e-05
1798 3.725399e-16 8.119070e-05
1799 3.567002e-16 8.102298e-05
1800 3.408606e-16 8.085531e-05
1801 3.250209e-16 8.068770e-05
1802 3.091812e-16 8.052015e-05
1803 2.933416e-16 8.035267e-05
1804 2.775019e-16 8.018526e-05
1805 2.605531e-16 8.001792e-05
1806 2.424951e-16 7.985067e-05
1807 2.244371e-16 7.968350e-05
1808 2.063791e-16 7.951642e-05
1809 1.883211e-16 7.934943e-05
1810 1.702631e-16 7.918254e-05
1811 1.522051e-16 7.901576e-05
1812 1.341471e-16 7.884909e-05
1813 1.160891e-16 7.868252e-05
1814 9.803115e-17 7.851608e-05
1815 7.878322e-17 7.834975e-05
1816 5.834536e-17 7.818355e-05
1817 3.790751e-17 7.801749e-05
1818 1.746965e-17 7.785156e-05
1819 -2.968206e-18 7.768576e-05
1820 -2.340606e-17 7.752012e-05
1821 -4.384392e-17 7.735462e-05
1822 -6.428178e-17 7.718928e-05
1823 -8.471963e-17 7.702409e-05
1824 -1.051575e-16 7.685907e-05
1825 -1.268188e-16 7.669421e-05
1826 -1.497035e-16 7.652953e-05
1827 -1.725883e-16 7.636502e-05
1828 -1.954730e-16 7.620069e-05
1829 -2.183578e-16 7.603655e-05
1830 -2.412425e-16 7.587259e-05
1831 -2.641272e-16 7.570883e-05
1832 -2.870120e-16 7.554527e-05
1833 -3.098967e-16 7.538191e-05
1834 -3.327815e-16 7.521876e-05
1835 -3.568887e-16 7.505582e-05
1836 -3.822184e-16 7.489310e-05
1837 -4.075480e-16 7.473060e-05
1838 -4.328777e-16 7.456832e-05
1839 -4.582074e-16 7.440627e-05
1840 -4.835371e-16 7.424446e-05
1841 -5.088668e-16 7.408288e-05
1842 -5.341964e-16 7.392155e-05
1843 -5.595261e-16 7.376046e-05
1844 -5.848558e-16 7.359963e-05
1845 -6.113449e-16 7.343905e-05
1846 -6.389933e-16 7.327873e-05
1847 -6.666417e-16 7.311867e-05
1848 -6.942901e-16 7.295888e-05
1849 -7.219386e-16 7.279937e-05
1850 -7.495870e-16 7.264013e-05
1851 -7.772354e-16 7.248117e-05
1852 -8.048838e-16 7.232250e-05
1853 -8.325323e-16 7.216412e-05
1854 -8.601807e-16 7.200603e-05
1855 -8.889439e-16 7.184824e-05
1856 -9.188219e-16 7.169075e-05
1857 -9.487000e-16 7.153357e-05
1858 -9.785780e-16 7.137670e-05
1859 -1.008456e-15 7.122015e-05
1860 -1.038334e-15 7.106391e-05
1861 -1.068212e-15 7.090800e-05
1862 -1.098090e-15 7.075241e-05
1863 -1.127968e-15 7.059716e-05
1864 -1.157846e-15 7.044224e-05
1865 -1.188602e-15 7.028766e-05
1866 -1.220235e-15 7.013342e-05
1867 -1.251868e-15 6.997953e-05
1868 -1.283501e-15 6.982600e-05
1869 -1.315134e-15 6.967281e-05
1870 -1.346767e-15 6.951999e-05
1871 -1.378401e-15 6.936754e-05
1872 -1.410034e-15 6.921545e-05
1873 -1.441667e-15 6.906373e-05
1874 -1.473300e-15 6.891239e-05
1875 -1.505584e-15 6.876143e-05
1876 -1.538518e-15 6.861085e-05
1877 -1.571453e-15 6.846066e-05
1878 -1.604388e-15 6.831086e-05
1879 -1.637322e-15 6.816145e-05
1880 -1.670257e-15 6.801245e-05
1881 -1.703192e-15 6.786385e-05
1882 -1.736126e-15 6.771565e-05
1883 -1.769061e-15 6.756787e-05
1884 -1.801995e-15 6.742050e-05
1885 -1.835371e-15 6.727354e-05
1886 -1.869189e-15 6.712701e-05
1887 -1.903006e-15 6.698091e-05
1888 -1.936823e-15 6.683524e-05
1889 -1.970641e-15 6.669000e-05
1890 -2.004458e-15 6.654519e-05
1891 -2.038275e-15 6.640083e-05
1892 -2.072093e-15 6.625691e-05
1893 -2.105910e-15 6.611344e-05
1894 -2.139728e-15 6.597042e-05
1895 -2.173471e-15 6.582786e-05
1896 -2.207142e-15 6.568575e-05
1897 -2.240812e-15 6.554411e-05
1898 -2.274483e-15 6.540293e-05
1899 -2.308153e-15 6.526222e-05
1900 -2.341824e-15 6.512199e-05
1901 -2.375494e-15 6.498223e-05
1902 -2.409165e-15 6.484295e-05
1903 -2.442835e-15 6.470416e-05
1904 -2.476506e-15 6.456585e-05
1905 -2.510049e-15 6.442804e-05
1906 -2.543466e-15 6.429071e-05
1907 -2.576882e-15 6.415389e-05
1908 -2.610298e-15 6.401756e-05
1909 -2.643715e-15 6.388174e-05
1910 -2.677131e-15 6.374643e-05
1911 -2.710547e-15 6.361162e-05
1912 -2.743964e-15 6.347733e-05
1913 -2.777380e-15 6.334356e-05
1914 -2.810796e-15 6.321031e-05
1915 -2.843601e-15 6.307758e-05
1916 -2.875794e-15 6.294538e-05
1917 -2.907987e-15 6.281371e-05
1918 -2.940180e-15 6.268257e-05
1919 -2.972373e-15 6.255197e-05
1920 -3.004565e-15 6.242190e-05
1921 -3.036758e-15 6.229238e-05
1922 -3.068951e-15 6.216341e-05
1923 -3.101144e-15 6.203498e-05
1924 -3.133337e-15 6.190711e-05
1925 -3.164642e-15 6.177979e-05
1926 -3.195058e-15 6.165303e-05
1927 -3.225474e-15 6.152682e-05
1928 -3.255890e-15 6.140119e-05
1929 -3.286306e-15 6.127612e-05
1930 -3.316722e-15 6.115161e-05
1931 -3.347138e-15 6.102768e-05
1932 -3.377554e-15 6.090433e-05
1933 -3.407970e-15 6.078155e-05
1934 -3.438386e-15 6.065936e-05
1935 -3.468095e-15 6.053775e-05
1936 -3.497096e-15 6.041672e-05
1937 -3.526098e-15 6.029628e-05
1938 -3.555099e-15 6.017644e-05
1939 -3.584101e-15 6.005719e-05
1940 -3.613102e-15 5.993853e-05
1941 -3.642104e-15 5.982048e-05
1942 -3.671105e-15 5.970303e-05
1943 -3.700107e-15 5.958618e-05
1944 -3.729108e-15 5.946994e-05
1945 -3.756950e-15 5.935431e-05
1946 -3.783633e-15 5.923930e-05
1947 -3.810315e-15 5.912490e-05
1948 -3.836997e-15 5.901111e-05
1949 -3.863679e-15 5.889795e-05
1950 -3.890362e-15 5.878540e-05
1951 -3.917044e-15 5.867349e-05
1952 -3.943726e-15 5.856220e-05
1953 -3.970408e-15 5.845154e-05
1954 -3.997091e-15 5.834151e-05
1955 -4.023149e-15 5.823211e-05
1956 -4.048583e-15 5.812335e-05
1957 -4.074016e-15 5.801523e-05
1958 -4.099450e-15 5.790775e-05
1959 -4.124884e-15 5.780091e-05
1960 -4.150318e-15 5.769472e-05
1961 -4.175751e-15 5.758917e-05
1962 -4.201185e-15 5.748428e-05
1963 -4.226619e-15 5.738003e-05
1964 -4.252053e-15 5.727644e-05
1965 -4.276533e-15 5.717350e-05
1966 -4.300061e-15 5.707122e-05
1967 -4.323589e-15 5.696960e-05
1968 -4.347116e-15 5.686864e-05
1969 -4.370644e-15 5.676834e-05
1970 -4.394171e-15 5.666871e-05
1971 -4.417699e-15 5.656974e-05
1972 -4.441226e-15 5.647144e-05
1973 -4.464754e-15 5.637381e-05
1974 -4.488281e-15 5.627685e-05
1975 -4.511337e-15 5.618057e-05
1976 -4.533922e-15 5.608496e-05
1977 -4.556507e-15 5.599003e-05
1978 -4.579092e-15 5.589578e-05
1979 -4.601677e-15 5.580220e-05
1980 -4.624262e-15 5.570931e-05
1981 -4.646846e-15 5.561710e-05
1982 -4.669431e-15 5.552558e-05
1983 -4.692016e-15 5.543474e-05
1984 -4.714601e-15 5.534459e-05
1985 -4.760793e-15 5.525513e-05
1986 -4.830592e-15 5.516636e-05
1987 -4.900391e-15 5.507828e-05
1988 -4.970190e-15 5.499089e-05
1989 -5.039989e-15 5.490420e-05
1990 -5.109788e-15 5.481820e-05
1991 -5.179587e-15 5.473290e-05
1992 -5.249387e-15 5.464829e-05
1993 -5.319186e-15 5.456439e-05
1994 -5.388985e-15 5.448118e-05
1995 -5.458784e-15 5.439868e-05
1996 -5.458784e-15 5.431687e-05
1997 -5.458784e-15 5.423577e-05
1998 -5.458784e-15 5.415538e-05
1999 -5.458784e-15 5.407569e-05
2000 -5.458784e-15 5.399670e-05
2001 -5.458784e-15 5.391843e-05
