0 7.161319e-07
1 7.161319e-07
2 7.161319e-07
3 1.319951e-06
4 1.954576e-06
5 2.614956e-06
6 3.296545e-06
7 3.995271e-06
8 4.707515e-06
9 5.430089e-06
10 6.160209e-06
11 6.895474e-06
12 7.633840e-06
13 8.373599e-06
14 9.113354e-06
15 9.851992e-06
16 1.058867e-05
17 1.132277e-05
18 1.205391e-05
19 1.278189e-05
20 1.350667e-05
21 1.422838e-05
22 1.494723e-05
23 1.566358e-05
24 1.637781e-05
25 1.709039e-05
26 1.780181e-05
27 1.851253e-05
28 1.922303e-05
29 1.993373e-05
30 2.064497e-05
31 2.135701e-05
32 2.206999e-05
33 2.278392e-05
34 2.349864e-05
35 2.421388e-05
36 2.492926e-05
37 2.564433e-05
38 2.635861e-05
39 2.707163e-05
40 2.778292e-05
41 2.849211e-05
42 2.919889e-05
43 2.990310e-05
44 3.060471e-05
45 3.130384e-05
46 3.200070e-05
47 3.269556e-05
48 3.338877e-05
49 3.408068e-05
50 3.477165e-05
51 3.546197e-05
52 3.615190e-05
53 3.684160e-05
54 3.753112e-05
55 3.822040e-05
56 3.890934e-05
57 3.959776e-05
58 4.028545e-05
59 4.097220e-05
60 4.165781e-05
61 4.234214e-05
62 4.302507e-05
63 4.370658e-05
64 4.438675e-05
65 4.506573e-05
66 4.574372e-05
67 4.642097e-05
68 4.709772e-05
69 4.777422e-05
70 4.845066e-05
71 4.912717e-05
72 4.980381e-05
73 5.048052e-05
74 5.115713e-05
75 5.183336e-05
76 5.250885e-05
77 5.318321e-05
78 5.385603e-05
79 5.452691e-05
80 5.519547e-05
81 5.586144e-05
82 5.652463e-05
83 5.718496e-05
84 5.784252e-05
85 5.849751e-05
86 5.915025e-05
87 5.980110e-05
88 6.045049e-05
89 6.109887e-05
90 6.174666e-05
91 6.239424e-05
92 6.304194e-05
93 6.368997e-05
94 6.433845e-05
95 6.498737e-05
96 6.563664e-05
97 6.628609e-05
98 6.693551e-05
99 6.758462e-05
100 6.823312e-05
101 6.888072e-05
102 6.952711e-05
103 7.017203e-05
104 7.081523e-05
105 7.145651e-05
106 7.209571e-05
107 7.273271e-05
108 7.336739e-05
109 7.399969e-05
110 7.462957e-05
111 7.525702e-05
112 7.588205e-05
113 7.650468e-05
114 7.712498e-05
115 7.774300e-05
116 7.835885e-05
117 7.897261e-05
118 7.958442e-05
119 8.019438e-05
120 8.080263e-05
121 8.140932e-05
122 8.201459e-05
123 8.261859e-05
124 8.322147e-05
125 8.382337e-05
126 8.442445e-05
127 8.502483e-05
128 8.562466e-05
129 8.622406e-05
130 8.682314e-05
131 8.742201e-05
132 8.802075e-05
133 8.861944e-05
134 8.921812e-05
135 8.981682e-05
136 9.041558e-05
137 9.101439e-05
138 9.161324e-05
139 9.221210e-05
140 9.281095e-05
141 9.340972e-05
142 9.400836e-05
143 9.460681e-05
144 9.520498e-05
145 9.580279e-05
146 9.640015e-05
147 9.699696e-05
148 9.759313e-05
149 9.818854e-05
150 9.878310e-05
151 9.937669e-05
152 9.996920e-05
153 1.005605e-04
154 1.011506e-04
155 1.017392e-04
156 1.023264e-04
157 1.029120e-04
158 1.034959e-04
159 1.040780e-04
160 1.046583e-04
161 1.052367e-04
162 1.058131e-04
163 1.063876e-04
164 1.069599e-04
165 1.075303e-04
166 1.080985e-04
167 1.086647e-04
168 1.092287e-04
169 1.097907e-04
170 1.103507e-04
171 1.109086e-04
172 1.114646e-04
173 1.120186e-04
174 1.125708e-04
175 1.131211e-04
176 1.136696e-04
177 1.142163e-04
178 1.147615e-04
179 1.153050e-04
180 1.158470e-04
181 1.163875e-04
182 1.169266e-04
183 1.174644e-04
184 1.180010e-04
185 1.185363e-04
186 1.190705e-04
187 1.196037e-04
188 1.201358e-04
189 1.206670e-04
190 1.211973e-04
191 1.217267e-04
192 1.222553e-04
193 1.227831e-04
194 1.233101e-04
195 1.238364e-04
196 1.243620e-04
197 1.248868e-04
198 1.254110e-04
199 1.259344e-04
200 1.264570e-04
201 1.269789e-04
202 1.275001e-04
203 1.280204e-04
204 1.285400e-04
205 1.290587e-04
206 1.295765e-04
207 1.300935e-04
208 1.306094e-04
209 1.311244e-04
210 1.316384e-04
211 1.321513e-04
212 1.326630e-04
213 1.331736e-04
214 1.336830e-04
215 1.341911e-04
216 1.346979e-04
217 1.352034e-04
218 1.357074e-04
219 1.362100e-04
220 1.367112e-04
221 1.372107e-04
222 1.377087e-04
223 1.382051e-04
224 1.386999e-04
225 1.391929e-04
226 1.396843e-04
227 1.401739e-04
228 1.406617e-04
229 1.411477e-04
230 1.416319e-04
231 1.421142e-04
232 1.425947e-04
233 1.430733e-04
234 1.435500e-04
235 1.440248e-04
236 1.444977e-04
237 1.449686e-04
238 1.454376e-04
239 1.459046e-04
240 1.463697e-04
241 1.468328e-04
242 1.472939e-04
243 1.477530e-04
244 1.482102e-04
245 1.486655e-04
246 1.491187e-04
247 1.495700e-04
248 1.500193e-04
249 1.504666e-04
250 1.509120e-04
251 1.513555e-04
252 1.517970e-04
253 1.522365e-04
254 1.526742e-04
255 1.531099e-04
256 1.535436e-04
257 1.539755e-04
258 1.544055e-04
259 1.548336e-04
260 1.552598e-04
261 1.556841e-04
262 1.561066e-04
263 1.565272e-04
264 1.569460e-04
265 1.573629e-04
266 1.577780e-04
267 1.581912e-04
268 1.586027e-04
269 1.590123e-04
270 1.594201e-04
271 1.598260e-04
272 1.602302e-04
273 1.606325e-04
274 1.610331e-04
275 1.614317e-04
276 1.618286e-04
277 1.622236e-04
278 1.626168e-04
279 1.630081e-04
280 1.633976e-04
281 1.637852e-04
282 1.641708e-04
283 1.645546e-04
284 1.649363e-04
285 1.653162e-04
286 1.656940e-04
287 1.660698e-04
288 1.664435e-04
289 1.668152e-04
290 1.671847e-04
291 1.675521e-04
292 1.679173e-04
293 1.682803e-04
294 1.686410e-04
295 1.689995e-04
296 1.693556e-04
297 1.697094e-04
298 1.700609e-04
299 1.704100e-04
300 1.707566e-04
301 1.711008e-04
302 1.714426e-04
303 1.717819e-04
304 1.721187e-04
305 1.724531e-04
306 1.727849e-04
307 1.731143e-04
308 1.734411e-04
309 1.737655e-04
310 1.740873e-04
311 1.744068e-04
312 1.747238e-04
313 1.750384e-04
314 1.753506e-04
315 1.756605e-04
316 1.759681e-04
317 1.762735e-04
318 1.765767e-04
319 1.768777e-04
320 1.771767e-04
321 1.774737e-04
322 1.777688e-04
323 1.780621e-04
324 1.783535e-04
325 1.786432e-04
326 1.789313e-04
327 1.792179e-04
328 1.795029e-04
329 1.797866e-04
330 1.800688e-04
331 1.803499e-04
332 1.806297e-04
333 1.809084e-04
334 1.811861e-04
335 1.814628e-04
336 1.817385e-04
337 1.820134e-04
338 1.822875e-04
339 1.825608e-04
340 1.828334e-04
341 1.831053e-04
342 1.833766e-04
343 1.836473e-04
344 1.839174e-04
345 1.841870e-04
346 1.844560e-04
347 1.847244e-04
348 1.849923e-04
349 1.852596e-04
350 1.855264e-04
351 1.857927e-04
352 1.860583e-04
353 1.863234e-04
354 1.865878e-04
355 1.868516e-04
356 1.871148e-04
357 1.873772e-04
358 1.876390e-04
359 1.879000e-04
360 1.881603e-04
361 1.884198e-04
362 1.886785e-04
363 1.889363e-04
364 1.891933e-04
365 1.894494e-04
366 1.897046e-04
367 1.899589e-04
368 1.902122e-04
369 1.904646e-04
370 1.907160e-04
371 1.909664e-04
372 1.912159e-04
373 1.914645e-04
374 1.917120e-04
375 1.919587e-04
376 1.922044e-04
377 1.924492e-04
378 1.926931e-04
379 1.929362e-04
380 1.931785e-04
381 1.934200e-04
382 1.936607e-04
383 1.939008e-04
384 1.941402e-04
385 1.943790e-04
386 1.946173e-04
387 1.948550e-04
388 1.950923e-04
389 1.953292e-04
390 1.955658e-04
391 1.958021e-04
392 1.960381e-04
393 1.962740e-04
394 1.965098e-04
395 1.967455e-04
396 1.969812e-04
397 1.972169e-04
398 1.974528e-04
399 1.976888e-04
400 1.979250e-04
401 1.981615e-04
402 1.983983e-04
403 1.986355e-04
404 1.988731e-04
405 1.991112e-04
406 1.993497e-04
407 1.995888e-04
408 1.998284e-04
409 2.000686e-04
410 2.003095e-04
411 2.005511e-04
412 2.007933e-04
413 2.010363e-04
414 2.012800e-04
415 2.015245e-04
416 2.017698e-04
417 2.020159e-04
418 2.022629e-04
419 2.025107e-04
420 2.027594e-04
421 2.030090e-04
422 2.032595e-04
423 2.035109e-04
424 2.037633e-04
425 2.040166e-04
426 2.042709e-04
427 2.045261e-04
428 2.047823e-04
429 2.050394e-04
430 2.052976e-04
431 2.055567e-04
432 2.058169e-04
433 2.060781e-04
434 2.063402e-04
435 2.066034e-04
436 2.068676e-04
437 2.071328e-04
438 2.073991e-04
439 2.076663e-04
440 2.079346e-04
441 2.082039e-04
442 2.084743e-04
443 2.087457e-04
444 2.090181e-04
445 2.092916e-04
446 2.095661e-04
447 2.098416e-04
448 2.101182e-04
449 2.103958e-04
450 2.106745e-04
451 2.109542e-04
452 2.112350e-04
453 2.115168e-04
454 2.117997e-04
455 2.120837e-04
456 2.123687e-04
457 2.126548e-04
458 2.129420e-04
459 2.132302e-04
460 2.135195e-04
461 2.138100e-04
462 2.141015e-04
463 2.143942e-04
464 2.146880e-04
465 2.149829e-04
466 2.152790e-04
467 2.155762e-04
468 2.158746e-04
469 2.161742e-04
470 2.164750e-04
471 2.167770e-04
472 2.170802e-04
473 2.173846e-04
474 2.176903e-04
475 2.179973e-04
476 2.183055e-04
477 2.186150e-04
478 2.189258e-04
479 2.192380e-04
480 2.195514e-04
481 2.198662e-04
482 2.201823e-04
483 2.204997e-04
484 2.208185e-04
485 2.211386e-04
486 2.214601e-04
487 2.217830e-04
488 2.221072e-04
489 2.224328e-04
490 2.227597e-04
491 2.230880e-04
492 2.234177e-04
493 2.237486e-04
494 2.240809e-04
495 2.244145e-04
496 2.247494e-04
497 2.250856e-04
498 2.254230e-04
499 2.257617e-04
500 2.261016e-04
501 2.264427e-04
502 2.267850e-04
503 2.271285e-04
504 2.274730e-04
505 2.278187e-04
506 2.281654e-04
507 2.285131e-04
508 2.288619e-04
509 2.292116e-04
510 2.295623e-04
511 2.299139e-04
512 2.302664e-04
513 2.306197e-04
514 2.309738e-04
515 2.313287e-04
516 2.316843e-04
517 2.320407e-04
518 2.323977e-04
519 2.327554e-04
520 2.331136e-04
521 2.334725e-04
522 2.338319e-04
523 2.341918e-04
524 2.345522e-04
525 2.349130e-04
526 2.352743e-04
527 2.356359e-04
528 2.359979e-04
529 2.363603e-04
530 2.367229e-04
531 2.370859e-04
532 2.374490e-04
533 2.378124e-04
534 2.381760e-04
535 2.385398e-04
536 2.389037e-04
537 2.392677e-04
538 2.396318e-04
539 2.399960e-04
540 2.403602e-04
541 2.407245e-04
542 2.410887e-04
543 2.414529e-04
544 2.418170e-04
545 2.421810e-04
546 2.425450e-04
547 2.429087e-04
548 2.432723e-04
549 2.436357e-04
550 2.439989e-04
551 2.443618e-04
552 2.447244e-04
553 2.450867e-04
554 2.454487e-04
555 2.458103e-04
556 2.461715e-04
557 2.465323e-04
558 2.468926e-04
559 2.472524e-04
560 2.476117e-04
561 2.479704e-04
562 2.483285e-04
563 2.486860e-04
564 2.490428e-04
565 2.493990e-04
566 2.497544e-04
567 2.501090e-04
568 2.504628e-04
569 2.508158e-04
570 2.511680e-04
571 2.515192e-04
572 2.518694e-04
573 2.522187e-04
574 2.525670e-04
575 2.529142e-04
576 2.532603e-04
577 2.536053e-04
578 2.539491e-04
579 2.542917e-04
580 2.546330e-04
581 2.549731e-04
582 2.553118e-04
583 2.556492e-04
584 2.559852e-04
585 2.563198e-04
586 2.566529e-04
587 2.569844e-04
588 2.573144e-04
589 2.576428e-04
590 2.579696e-04
591 2.582947e-04
592 2.586181e-04
593 2.589398e-04
594 2.592597e-04
595 2.595777e-04
596 2.598939e-04
597 2.602082e-04
598 2.605205e-04
599 2.608309e-04
600 2.611392e-04
601 2.614455e-04
602 2.617497e-04
603 2.620518e-04
604 2.623516e-04
605 2.626493e-04
606 2.629448e-04
607 2.632379e-04
608 2.635288e-04
609 2.638173e-04
610 2.641034e-04
611 2.643870e-04
612 2.646683e-04
613 2.649470e-04
614 2.652232e-04
615 2.654968e-04
616 2.657678e-04
617 2.660362e-04
618 2.663019e-04
619 2.665649e-04
620 2.668252e-04
621 2.670827e-04
622 2.673374e-04
623 2.675892e-04
624 2.678383e-04
625 2.680844e-04
626 2.683276e-04
627 2.685678e-04
628 2.688051e-04
629 2.690393e-04
630 2.692705e-04
631 2.694987e-04
632 2.697237e-04
633 2.699457e-04
634 2.701645e-04
635 2.703801e-04
636 2.705925e-04
637 2.708017e-04
638 2.710076e-04
639 2.712103e-04
640 2.714097e-04
641 2.716058e-04
642 2.717986e-04
643 2.719880e-04
644 2.721741e-04
645 2.723567e-04
646 2.725360e-04
647 2.727118e-04
648 2.728842e-04
649 2.730531e-04
650 2.732186e-04
651 2.733806e-04
652 2.735391e-04
653 2.736941e-04
654 2.738455e-04
655 2.739935e-04
656 2.741379e-04
657 2.742788e-04
658 2.744161e-04
659 2.745498e-04
660 2.746800e-04
661 2.748066e-04
662 2.749296e-04
663 2.750491e-04
664 2.751650e-04
665 2.752773e-04
666 2.753860e-04
667 2.754911e-04
668 2.755926e-04
669 2.756905e-04
670 2.757849e-04
671 2.758757e-04
672 2.759629e-04
673 2.760465e-04
674 2.761265e-04
675 2.762030e-04
676 2.762759e-04
677 2.763453e-04
678 2.764111e-04
679 2.764734e-04
680 2.765322e-04
681 2.765874e-04
682 2.766391e-04
683 2.766873e-04
684 2.767320e-04
685 2.767733e-04
686 2.768111e-04
687 2.768454e-04
688 2.768763e-04
689 2.769038e-04
690 2.769278e-04
691 2.769485e-04
692 2.769657e-04
693 2.769796e-04
694 2.769902e-04
695 2.769974e-04
696 2.770013e-04
697 2.770019e-04
698 2.769992e-04
699 2.769933e-04
700 2.769841e-04
701 2.769717e-04
702 2.769561e-04
703 2.769374e-04
704 2.769154e-04
705 2.768904e-04
706 2.768622e-04
707 2.768309e-04
708 2.767966e-04
709 2.767592e-04
710 2.767188e-04
711 2.766754e-04
712 2.766290e-04
713 2.765796e-04
714 2.765274e-04
715 2.764722e-04
716 2.764142e-04
717 2.763533e-04
718 2.762897e-04
719 2.762232e-04
720 2.761539e-04
721 2.760819e-04
722 2.760072e-04
723 2.759299e-04
724 2.758498e-04
725 2.757672e-04
726 2.756819e-04
727 2.755941e-04
728 2.755037e-04
729 2.754108e-04
730 2.753155e-04
731 2.752177e-04
732 2.751174e-04
733 2.750148e-04
734 2.749098e-04
735 2.748025e-04
736 2.746929e-04
737 2.745810e-04
738 2.744669e-04
739 2.743506e-04
740 2.742321e-04
741 2.741115e-04
742 2.739887e-04
743 2.738639e-04
744 2.737370e-04
745 2.736081e-04
746 2.734772e-04
747 2.733443e-04
748 2.732096e-04
749 2.730729e-04
750 2.729344e-04
751 2.727940e-04
752 2.726519e-04
753 2.725080e-04
754 2.723624e-04
755 2.722150e-04
756 2.720660e-04
757 2.719154e-04
758 2.717632e-04
759 2.716093e-04
760 2.714540e-04
761 2.712971e-04
762 2.711388e-04
763 2.709790e-04
764 2.708179e-04
765 2.706553e-04
766 2.704914e-04
767 2.703262e-04
768 2.701597e-04
769 2.699919e-04
770 2.698229e-04
771 2.696527e-04
772 2.694814e-04
773 2.693089e-04
774 2.691353e-04
775 2.689607e-04
776 2.687850e-04
777 2.686084e-04
778 2.684307e-04
779 2.682521e-04
780 2.680726e-04
781 2.678922e-04
782 2.677109e-04
783 2.675289e-04
784 2.673460e-04
785 2.671623e-04
786 2.669780e-04
787 2.667929e-04
788 2.666071e-04
789 2.664207e-04
790 2.662336e-04
791 2.660460e-04
792 2.658578e-04
793 2.656690e-04
794 2.654798e-04
795 2.652900e-04
796 2.650998e-04
797 2.649092e-04
798 2.647182e-04
799 2.645267e-04
800 2.643350e-04
801 2.641429e-04
802 2.639505e-04
803 2.637578e-04
804 2.635649e-04
805 2.633717e-04
806 2.631784e-04
807 2.629849e-04
808 2.627912e-04
809 2.625974e-04
810 2.624035e-04
811 2.622095e-04
812 2.620154e-04
813 2.618213e-04
814 2.616272e-04
815 2.614331e-04
816 2.612390e-04
817 2.610449e-04
818 2.608510e-04
819 2.606571e-04
820 2.604633e-04
821 2.602696e-04
822 2.600761e-04
823 2.598828e-04
824 2.596896e-04
825 2.594966e-04
826 2.593039e-04
827 2.591113e-04
828 2.589191e-04
829 2.587270e-04
830 2.585353e-04
831 2.583439e-04
832 2.581528e-04
833 2.579620e-04
834 2.577715e-04
835 2.575814e-04
836 2.573917e-04
837 2.572023e-04
838 2.570133e-04
839 2.568248e-04
840 2.566366e-04
841 2.564489e-04
842 2.562616e-04
843 2.560747e-04
844 2.558883e-04
845 2.557024e-04
846 2.555169e-04
847 2.553319e-04
848 2.551474e-04
849 2.549633e-04
850 2.547798e-04
851 2.545968e-04
852 2.544143e-04
853 2.542322e-04
854 2.540507e-04
855 2.538697e-04
856 2.536893e-04
857 2.535093e-04
858 2.533299e-04
859 2.531510e-04
860 2.529726e-04
861 2.527948e-04
862 2.526174e-04
863 2.524406e-04
864 2.522643e-04
865 2.520886e-04
866 2.519133e-04
867 2.517386e-04
868 2.515644e-04
869 2.513907e-04
870 2.512174e-04
871 2.510447e-04
872 2.508725e-04
873 2.507008e-04
874 2.505295e-04
875 2.503588e-04
876 2.501885e-04
877 2.500186e-04
878 2.498493e-04
879 2.496804e-04
880 2.495119e-04
881 2.493439e-04
882 2.491763e-04
883 2.490091e-04
884 2.488423e-04
885 2.486760e-04
886 2.485100e-04
887 2.483444e-04
888 2.481793e-04
889 2.480144e-04
890 2.478500e-04
891 2.476859e-04
892 2.475221e-04
893 2.473587e-04
894 2.471956e-04
895 2.470327e-04
896 2.468702e-04
897 2.467080e-04
898 2.465461e-04
899 2.463845e-04
900 2.462231e-04
901 2.460619e-04
902 2.459010e-04
903 2.457403e-04
904 2.455799e-04
905 2.454196e-04
906 2.452595e-04
907 2.450997e-04
908 2.449400e-04
909 2.447804e-04
910 2.446211e-04
911 2.444618e-04
912 2.443027e-04
913 2.441437e-04
914 2.439849e-04
915 2.438261e-04
916 2.436674e-04
917 2.435089e-04
918 2.433503e-04
919 2.431919e-04
920 2.430335e-04
921 2.428751e-04
922 2.427168e-04
923 2.425585e-04
924 2.424003e-04
925 2.422420e-04
926 2.420838e-04
927 2.419255e-04
928 2.417672e-04
929 2.416089e-04
930 2.414506e-04
931 2.412923e-04
932 2.411339e-04
933 2.409754e-04
934 2.408169e-04
935 2.406583e-04
936 2.404997e-04
937 2.403410e-04
938 2.401822e-04
939 2.400234e-04
940 2.398645e-04
941 2.397054e-04
942 2.395463e-04
943 2.393871e-04
944 2.392278e-04
945 2.390684e-04
946 2.389089e-04
947 2.387494e-04
948 2.385897e-04
949 2.384299e-04
950 2.382700e-04
951 2.381100e-04
952 2.379499e-04
953 2.377898e-04
954 2.376295e-04
955 2.374691e-04
956 2.373087e-04
957 2.371482e-04
958 2.369876e-04
959 2.368269e-04
960 2.366662e-04
961 2.365054e-04
962 2.363446e-04
963 2.361837e-04
964 2.360227e-04
965 2.358618e-04
966 2.357008e-04
967 2.355398e-04
968 2.353788e-04
969 2.352178e-04
970 2.350568e-04
971 2.348959e-04
972 2.347349e-04
973 2.345740e-04
974 2.344132e-04
975 2.342524e-04
976 2.340918e-04
977 2.339312e-04
978 2.337707e-04
979 2.336103e-04
980 2.334500e-04
981 2.332899e-04
982 2.331299e-04
983 2.329701e-04
984 2.328105e-04
985 2.326511e-04
986 2.324919e-04
987 2.323329e-04
988 2.321741e-04
989 2.320156e-04
990 2.318573e-04
991 2.316994e-04
992 2.315417e-04
993 2.313843e-04
994 2.312273e-04
995 2.310706e-04
996 2.309142e-04
997 2.307582e-04
998 2.306026e-04
999 2.304474e-04
1000 2.302926e-04
1001 2.301383e-04
1002 2.299844e-04
1003 2.298309e-04
1004 2.296779e-04
1005 2.295255e-04
1006 2.293735e-04
1007 2.292220e-04
1008 2.290711e-04
1009 2.289207e-04
1010 2.287710e-04
1011 2.286217e-04
1012 2.284731e-04
1013 2.283251e-04
1014 2.281777e-04
1015 2.280310e-04
1016 2.278849e-04
1017 2.277395e-04
1018 2.275948e-04
1019 2.274508e-04
1020 2.273075e-04
1021 2.271649e-04
1022 2.270230e-04
1023 2.268819e-04
1024 2.267416e-04
1025 2.266020e-04
1026 2.264633e-04
1027 2.263253e-04
1028 2.261882e-04
1029 2.260519e-04
1030 2.259164e-04
1031 2.257817e-04
1032 2.256480e-04
1033 2.255151e-04
1034 2.253830e-04
1035 2.252519e-04
1036 2.251217e-04
1037 2.249923e-04
1038 2.248639e-04
1039 2.247364e-04
1040 2.246099e-04
1041 2.244843e-04
1042 2.243596e-04
1043 2.242359e-04
1044 2.241131e-04
1045 2.239913e-04
1046 2.238705e-04
1047 2.237507e-04
1048 2.236318e-04
1049 2.235139e-04
1050 2.233970e-04
1051 2.232811e-04
1052 2.231662e-04
1053 2.230523e-04
1054 2.229394e-04
1055 2.228274e-04
1056 2.227165e-04
1057 2.226065e-04
1058 2.224976e-04
1059 2.223896e-04
1060 2.222827e-04
1061 2.221767e-04
1062 2.220717e-04
1063 2.219677e-04
1064 2.218646e-04
1065 2.217626e-04
1066 2.216615e-04
1067 2.215613e-04
1068 2.214621e-04
1069 2.213639e-04
1070 2.212666e-04
1071 2.211703e-04
1072 2.210748e-04
1073 2.209803e-04
1074 2.208868e-04
1075 2.207941e-04
1076 2.207023e-04
1077 2.206114e-04
1078 2.205213e-04
1079 2.204322e-04
1080 2.203438e-04
1081 2.202564e-04
1082 2.201697e-04
1083 2.200839e-04
1084 2.199989e-04
1085 2.199147e-04
1086 2.198313e-04
1087 2.197486e-04
1088 2.196667e-04
1089 2.195855e-04
1090 2.195051e-04
1091 2.194254e-04
1092 2.193464e-04
1093 2.192680e-04
1094 2.191904e-04
1095 2.191134e-04
1096 2.190370e-04
1097 2.189613e-04
1098 2.188862e-04
1099 2.188117e-04
1100 2.187377e-04
1101 2.186643e-04
1102 2.185915e-04
1103 2.185192e-04
1104 2.184474e-04
1105 2.183761e-04
1106 2.183052e-04
1107 2.182349e-04
1108 2.181649e-04
1109 2.180954e-04
1110 2.180263e-04
1111 2.179576e-04
1112 2.178892e-04
1113 2.178213e-04
1114 2.177536e-04
1115 2.176862e-04
1116 2.176192e-04
1117 2.175524e-04
1118 2.174859e-04
1119 2.174196e-04
1120 2.173535e-04
1121 2.172877e-04
1122 2.172220e-04
1123 2.171565e-04
1124 2.170911e-04
1125 2.170259e-04
1126 2.169607e-04
1127 2.168957e-04
1128 2.168307e-04
1129 2.167657e-04
1130 2.167008e-04
1131 2.166359e-04
1132 2.165710e-04
1133 2.165061e-04
1134 2.164411e-04
1135 2.163760e-04
1136 2.163109e-04
1137 2.162457e-04
1138 2.161803e-04
1139 2.161148e-04
1140 2.160491e-04
1141 2.159833e-04
1142 2.159172e-04
1143 2.158510e-04
1144 2.157845e-04
1145 2.157177e-04
1146 2.156507e-04
1147 2.155834e-04
1148 2.155158e-04
1149 2.154479e-04
1150 2.153796e-04
1151 2.153110e-04
1152 2.152420e-04
1153 2.151726e-04
1154 2.151028e-04
1155 2.150325e-04
1156 2.149619e-04
1157 2.148907e-04
1158 2.148191e-04
1159 2.147470e-04
1160 2.146744e-04
1161 2.146013e-04
1162 2.145277e-04
1163 2.144535e-04
1164 2.143787e-04
1165 2.143033e-04
1166 2.142274e-04
1167 2.141508e-04
1168 2.140737e-04
1169 2.139959e-04
1170 2.139174e-04
1171 2.138383e-04
1172 2.137585e-04
1173 2.136780e-04
1174 2.135968e-04
1175 2.135148e-04
1176 2.134322e-04
1177 2.133488e-04
1178 2.132647e-04
1179 2.131798e-04
1180 2.130941e-04
1181 2.130076e-04
1182 2.129203e-04
1183 2.128322e-04
1184 2.127433e-04
1185 2.126535e-04
1186 2.125629e-04
1187 2.124714e-04
1188 2.123791e-04
1189 2.122858e-04
1190 2.121917e-04
1191 2.120967e-04
1192 2.120008e-04
1193 2.119039e-04
1194 2.118062e-04
1195 2.117074e-04
1196 2.116078e-04
1197 2.115071e-04
1198 2.114055e-04
1199 2.113030e-04
1200 2.111994e-04
1201 2.110948e-04
1202 2.109893e-04
1203 2.108827e-04
1204 2.107751e-04
1205 2.106665e-04
1206 2.105568e-04
1207 2.104461e-04
1208 2.103344e-04
1209 2.102215e-04
1210 2.101076e-04
1211 2.099927e-04
1212 2.098766e-04
1213 2.097595e-04
1214 2.096413e-04
1215 2.095220e-04
1216 2.094015e-04
1217 2.092800e-04
1218 2.091573e-04
1219 2.090335e-04
1220 2.089086e-04
1221 2.087825e-04
1222 2.086553e-04
1223 2.085269e-04
1224 2.083974e-04
1225 2.082668e-04
1226 2.081349e-04
1227 2.080019e-04
1228 2.078677e-04
1229 2.077323e-04
1230 2.075958e-04
1231 2.074580e-04
1232 2.073191e-04
1233 2.071790e-04
1234 2.070376e-04
1235 2.068951e-04
1236 2.067513e-04
1237 2.066064e-04
1238 2.064602e-04
1239 2.063128e-04
1240 2.061642e-04
1241 2.060143e-04
1242 2.058633e-04
1243 2.057109e-04
1244 2.055574e-04
1245 2.054026e-04
1246 2.052466e-04
1247 2.050893e-04
1248 2.049308e-04
1249 2.047711e-04
1250 2.046101e-04
1251 2.044478e-04
1252 2.042843e-04
1253 2.041195e-04
1254 2.039535e-04
1255 2.037862e-04
1256 2.036177e-04
1257 2.034479e-04
1258 2.032768e-04
1259 2.031045e-04
1260 2.029309e-04
1261 2.027561e-04
1262 2.025799e-04
1263 2.024026e-04
1264 2.022239e-04
1265 2.020440e-04
1266 2.018628e-04
1267 2.016804e-04
1268 2.014966e-04
1269 2.013117e-04
1270 2.011254e-04
1271 2.009379e-04
1272 2.007491e-04
1273 2.005591e-04
1274 2.003677e-04
1275 2.001752e-04
1276 1.999813e-04
1277 1.997862e-04
1278 1.995898e-04
1279 1.993922e-04
1280 1.991933e-04
1281 1.989932e-04
1282 1.987918e-04
1283 1.985891e-04
1284 1.983852e-04
1285 1.981800e-04
1286 1.979736e-04
1287 1.977659e-04
1288 1.975570e-04
1289 1.973469e-04
1290 1.971355e-04
1291 1.969228e-04
1292 1.967089e-04
1293 1.964938e-04
1294 1.962775e-04
1295 1.960599e-04
1296 1.958411e-04
1297 1.956210e-04
1298 1.953998e-04
1299 1.951773e-04
1300 1.949536e-04
1301 1.947287e-04
1302 1.945025e-04
1303 1.942752e-04
1304 1.940467e-04
1305 1.938169e-04
1306 1.935860e-04
1307 1.933539e-04
1308 1.931205e-04
1309 1.928860e-04
1310 1.926503e-04
1311 1.924134e-04
1312 1.921754e-04
1313 1.919362e-04
1314 1.916958e-04
1315 1.914542e-04
1316 1.912115e-04
1317 1.909676e-04
1318 1.907226e-04
1319 1.904764e-04
1320 1.902291e-04
1321 1.899807e-04
1322 1.897311e-04
1323 1.894804e-04
1324 1.892285e-04
1325 1.889756e-04
1326 1.887215e-04
1327 1.884663e-04
1328 1.882100e-04
1329 1.879526e-04
1330 1.876942e-04
1331 1.874346e-04
1332 1.871739e-04
1333 1.869122e-04
1334 1.866494e-04
1335 1.863855e-04
1336 1.861206e-04
1337 1.858546e-04
1338 1.855875e-04
1339 1.853194e-04
1340 1.850503e-04
1341 1.847801e-04
1342 1.845089e-04
1343 1.842367e-04
1344 1.839635e-04
1345 1.836892e-04
1346 1.834140e-04
1347 1.831377e-04
1348 1.828605e-04
1349 1.825822e-04
1350 1.823030e-04
1351 1.820228e-04
1352 1.817417e-04
1353 1.814596e-04
1354 1.811765e-04
1355 1.808924e-04
1356 1.806075e-04
1357 1.803216e-04
1358 1.800347e-04
1359 1.797470e-04
1360 1.794583e-04
1361 1.791687e-04
1362 1.788782e-04
1363 1.785868e-04
1364 1.782945e-04
1365 1.780014e-04
1366 1.777073e-04
1367 1.774124e-04
1368 1.771166e-04
1369 1.768200e-04
1370 1.765225e-04
1371 1.762242e-04
1372 1.759250e-04
1373 1.756250e-04
1374 1.753242e-04
1375 1.750226e-04
1376 1.747202e-04
1377 1.744170e-04
1378 1.741129e-04
1379 1.738081e-04
1380 1.735025e-04
1381 1.731962e-04
1382 1.728891e-04
1383 1.725812e-04
1384 1.722726e-04
1385 1.719632e-04
1386 1.716531e-04
1387 1.713423e-04
1388 1.710307e-04
1389 1.707185e-04
1390 1.704055e-04
1391 1.700918e-04
1392 1.697775e-04
1393 1.694624e-04
1394 1.691467e-04
1395 1.688303e-04
1396 1.685133e-04
1397 1.681956e-04
1398 1.678773e-04
1399 1.675583e-04
1400 1.672387e-04
1401 1.669185e-04
1402 1.665977e-04
1403 1.662762e-04
1404 1.659542e-04
1405 1.656315e-04
1406 1.653083e-04
1407 1.649845e-04
1408 1.646602e-04
1409 1.643352e-04
1410 1.640098e-04
1411 1.636837e-04
1412 1.633572e-04
1413 1.630301e-04
1414 1.627025e-04
1415 1.623743e-04
1416 1.620457e-04
1417 1.617166e-04
1418 1.613869e-04
1419 1.610568e-04
1420 1.607262e-04
1421 1.603952e-04
1422 1.600637e-04
1423 1.597317e-04
1424 1.593993e-04
1425 1.590664e-04
1426 1.587331e-04
1427 1.583994e-04
1428 1.580653e-04
1429 1.577308e-04
1430 1.573958e-04
1431 1.570605e-04
1432 1.567248e-04
1433 1.563887e-04
1434 1.560522e-04
1435 1.557154e-04
1436 1.553782e-04
1437 1.550407e-04
1438 1.547028e-04
1439 1.543646e-04
1440 1.540261e-04
1441 1.536873e-04
1442 1.533481e-04
1443 1.530087e-04
1444 1.526689e-04
1445 1.523289e-04
1446 1.519885e-04
1447 1.516480e-04
1448 1.513071e-04
1449 1.509660e-04
1450 1.506246e-04
1451 1.502830e-04
1452 1.499411e-04
1453 1.495990e-04
1454 1.492567e-04
1455 1.489142e-04
1456 1.485715e-04
1457 1.482285e-04
1458 1.478854e-04
1459 1.475421e-04
1460 1.471986e-04
1461 1.468549e-04
1462 1.465110e-04
1463 1.461670e-04
1464 1.458229e-04
1465 1.454786e-04
1466 1.451341e-04
1467 1.447895e-04
1468 1.444448e-04
1469 1.441000e-04
1470 1.437551e-04
1471 1.434100e-04
1472 1.430649e-04
1473 1.427196e-04
1474 1.423743e-04
1475 1.420289e-04
1476 1.416834e-04
1477 1.413378e-04
1478 1.409922e-04
1479 1.406466e-04
1480 1.403009e-04
1481 1.399551e-04
1482 1.396093e-04
1483 1.392635e-04
1484 1.389176e-04
1485 1.385718e-04
1486 1.382259e-04
1487 1.378800e-04
1488 1.375342e-04
1489 1.371883e-04
1490 1.368425e-04
1491 1.364966e-04
1492 1.361508e-04
1493 1.358051e-04
1494 1.354593e-04
1495 1.351137e-04
1496 1.347680e-04
1497 1.344224e-04
1498 1.340769e-04
1499 1.337315e-04
1500 1.333861e-04
1501 1.330408e-04
1502 1.326956e-04
1503 1.323505e-04
1504 1.320055e-04
1505 1.316606e-04
1506 1.313158e-04
1507 1.309711e-04
1508 1.306265e-04
1509 1.302821e-04
1510 1.299378e-04
1511 1.295936e-04
1512 1.292496e-04
1513 1.289057e-04
1514 1.285620e-04
1515 1.282184e-04
1516 1.278750e-04
1517 1.275318e-04
1518 1.271887e-04
1519 1.268459e-04
1520 1.265032e-04
1521 1.261607e-04
1522 1.258184e-04
1523 1.254763e-04
1524 1.251344e-04
1525 1.247927e-04
1526 1.244513e-04
1527 1.241101e-04
1528 1.237691e-04
1529 1.234283e-04
1530 1.230878e-04
1531 1.227475e-04
1532 1.224074e-04
1533 1.220677e-04
1534 1.217281e-04
1535 1.213889e-04
1536 1.210499e-04
1537 1.207112e-04
1538 1.203727e-04
1539 1.200346e-04
1540 1.196967e-04
1541 1.193592e-04
1542 1.190219e-04
1543 1.186849e-04
1544 1.183483e-04
1545 1.180119e-04
1546 1.176759e-04
1547 1.173402e-04
1548 1.170048e-04
1549 1.166697e-04
1550 1.163350e-04
1551 1.160007e-04
1552 1.156666e-04
1553 1.153330e-04
1554 1.149996e-04
1555 1.146667e-04
1556 1.143341e-04
1557 1.140018e-04
1558 1.136700e-04
1559 1.133385e-04
1560 1.130074e-04
1561 1.126767e-04
1562 1.123463e-04
1563 1.120164e-04
1564 1.116869e-04
1565 1.113577e-04
1566 1.110290e-04
1567 1.107007e-04
1568 1.103728e-04
1569 1.100453e-04
1570 1.097182e-04
1571 1.093916e-04
1572 1.090654e-04
1573 1.087396e-04
1574 1.084143e-04
1575 1.080894e-04
1576 1.077650e-04
1577 1.074410e-04
1578 1.071175e-04
1579 1.067944e-04
1580 1.064718e-04
1581 1.061497e-04
1582 1.058280e-04
1583 1.055068e-04
1584 1.051861e-04
1585 1.048659e-04
1586 1.045461e-04
1587 1.042269e-04
1588 1.039081e-04
1589 1.035899e-04
1590 1.032721e-04
1591 1.029548e-04
1592 1.026381e-04
1593 1.023219e-04
1594 1.020061e-04
1595 1.016909e-04
1596 1.013763e-04
1597 1.010621e-04
1598 1.007485e-04
1599 1.004354e-04
1600 1.001228e-04
1601 9.981083e-05
1602 9.949937e-05
1603 9.918845e-05
1604 9.887807e-05
1605 9.856826e-05
1606 9.825900e-05
1607 9.795030e-05
1608 9.764216e-05
1609 9.733459e-05
1610 9.702759e-05
1611 9.672116e-05
1612 9.641531e-05
1613 9.611004e-05
1614 9.580535e-05
1615 9.550124e-05
1616 9.519773e-05
1617 9.489480e-05
1618 9.459248e-05
1619 9.429074e-05
1620 9.398961e-05
1621 9.368909e-05
1622 9.338917e-05
1623 9.308986e-05
1624 9.279116e-05
1625 9.249308e-05
1626 9.219561e-05
1627 9.189877e-05
1628 9.160255e-05
1629 9.130696e-05
1630 9.101200e-05
1631 9.071767e-05
1632 9.042397e-05
1633 9.013091e-05
1634 8.983850e-05
1635 8.954672e-05
1636 8.925559e-05
1637 8.896511e-05
1638 8.867529e-05
1639 8.838611e-05
1640 8.809759e-05
1641 8.780973e-05
1642 8.752253e-05
1643 8.723599e-05
1644 8.695013e-05
1645 8.666492e-05
1646 8.638039e-05
1647 8.609654e-05
1648 8.581336e-05
1649 8.553085e-05
1650 8.524903e-05
1651 8.496789e-05
1652 8.468744e-05
1653 8.440767e-05
1654 8.412860e-05
1655 8.385021e-05
1656 8.357252e-05
1657 8.329553e-05
1658 8.301923e-05
1659 8.274364e-05
1660 8.246875e-05
1661 8.219456e-05
1662 8.192108e-05
1663 8.164831e-05
1664 8.137625e-05
1665 8.110491e-05
1666 8.083428e-05
1667 8.056437e-05
1668 8.029517e-05
1669 8.002670e-05
1670 7.975895e-05
1671 7.949193e-05
1672 7.922563e-05
1673 7.896006e-05
1674 7.869523e-05
1675 7.843112e-05
1676 7.816775e-05
1677 7.790512e-05
1678 7.764322e-05
1679 7.738207e-05
1680 7.712165e-05
1681 7.686198e-05
1682 7.660305e-05
1683 7.634487e-05
1684 7.608744e-05
1685 7.583076e-05
1686 7.557483e-05
1687 7.531965e-05
1688 7.506523e-05
1689 7.481156e-05
1690 7.455865e-05
1691 7.430651e-05
1692 7.405512e-05
1693 7.380449e-05
1694 7.355463e-05
1695 7.330553e-05
1696 7.305720e-05
1697 7.280964e-05
1698 7.256284e-05
1699 7.231682e-05
1700 7.207157e-05
1701 7.182709e-05
1702 7.158339e-05
1703 7.134046e-05
1704 7.109831e-05
1705 7.085694e-05
1706 7.061635e-05
1707 7.037654e-05
1708 7.013751e-05
1709 6.989926e-05
1710 6.966180e-05
1711 6.942513e-05
1712 6.918924e-05
1713 6.895414e-05
1714 6.871983e-05
1715 6.848630e-05
1716 6.825357e-05
1717 6.802163e-05
1718 6.779049e-05
1719 6.756013e-05
1720 6.733058e-05
1721 6.710182e-05
1722 6.687385e-05
1723 6.664668e-05
1724 6.642031e-05
1725 6.619475e-05
1726 6.596998e-05
1727 6.574601e-05
1728 6.552284e-05
1729 6.530048e-05
1730 6.507892e-05
1731 6.485816e-05
1732 6.463821e-05
1733 6.441907e-05
1734 6.420073e-05
1735 6.398320e-05
1736 6.376648e-05
1737 6.355056e-05
1738 6.333546e-05
1739 6.312116e-05
1740 6.290767e-05
1741 6.269500e-05
1742 6.248314e-05
1743 6.227208e-05
1744 6.206185e-05
1745 6.185242e-05
1746 6.164381e-05
1747 6.143601e-05
1748 6.122902e-05
1749 6.102286e-05
1750 6.081750e-05
1751 6.061296e-05
1752 6.040924e-05
1753 6.020634e-05
1754 6.000425e-05
1755 5.980297e-05
1756 5.960252e-05
1757 5.940288e-05
1758 5.920407e-05
1759 5.900606e-05
1760 5.880888e-05
1761 5.861252e-05
1762 5.841698e-05
1763 5.822225e-05
1764 5.802835e-05
1765 5.783526e-05
1766 5.764299e-05
1767 5.745155e-05
1768 5.726092e-05
1769 5.707111e-05
1770 5.688213e-05
1771 5.669396e-05
1772 5.650661e-05
1773 5.632009e-05
1774 5.613438e-05
1775 5.594949e-05
1776 5.576543e-05
1777 5.558218e-05
1778 5.539976e-05
1779 5.521815e-05
1780 5.503736e-05
1781 5.485740e-05
1782 5.467825e-05
1783 5.449992e-05
1784 5.432241e-05
1785 5.414572e-05
1786 5.396985e-05
1787 5.379480e-05
1788 5.362057e-05
1789 5.344716e-05
1790 5.327456e-05
1791 5.310278e-05
1792 5.293182e-05
1793 5.276167e-05
1794 5.259235e-05
1795 5.242384e-05
1796 5.225614e-05
1797 5.208926e-05
1798 5.192320e-05
1799 5.175795e-05
1800 5.159351e-05
1801 5.142989e-05
1802 5.126709e-05
1803 5.110509e-05
1804 5.094391e-05
1805 5.078354e-05
1806 5.062399e-05
1807 5.046524e-05
1808 5.030731e-05
1809 5.015018e-05
1810 4.999386e-05
1811 4.983836e-05
1812 4.968366e-05
1813 4.952977e-05
1814 4.937668e-05
1815 4.922441e-05
1816 4.907293e-05
1817 4.892227e-05
1818 4.877240e-05
1819 4.862335e-05
1820 4.847509e-05
1821 4.832763e-05
1822 4.818098e-05
1823 4.803513e-05
1824 4.789008e-05
1825 4.774582e-05
1826 4.760237e-05
1827 4.745971e-05
1828 4.731785e-05
1829 4.717678e-05
1830 4.703651e-05
1831 4.689703e-05
1832 4.675835e-05
1833 4.662046e-05
1834 4.648335e-05
1835 4.634704e-05
1836 4.621152e-05
1837 4.607678e-05
1838 4.594284e-05
1839 4.580968e-05
1840 4.567730e-05
1841 4.554571e-05
1842 4.541490e-05
1843 4.528487e-05
1844 4.515562e-05
1845 4.502716e-05
1846 4.489947e-05
1847 4.477256e-05
1848 4.464642e-05
1849 4.452106e-05
1850 4.439648e-05
1851 4.427267e-05
1852 4.414963e-05
1853 4.402735e-05
1854 4.390585e-05
1855 4.378512e-05
1856 4.366515e-05
1857 4.354595e-05
1858 4.342751e-05
1859 4.330984e-05
1860 4.319293e-05
1861 4.307677e-05
1862 4.296138e-05
1863 4.284674e-05
1864 4.273286e-05
1865 4.261973e-05
1866 4.250736e-05
1867 4.239574e-05
1868 4.228487e-05
1869 4.217475e-05
1870 4.206537e-05
1871 4.195675e-05
1872 4.184886e-05
1873 4.174172e-05
1874 4.163532e-05
1875 4.152966e-05
1876 4.142475e-05
1877 4.132056e-05
1878 4.121711e-05
1879 4.111440e-05
1880 4.101242e-05
1881 4.091117e-05
1882 4.081065e-05
1883 4.071085e-05
1884 4.061179e-05
1885 4.051344e-05
1886 4.041582e-05
1887 4.031892e-05
1888 4.022274e-05
1889 4.012727e-05
1890 4.003253e-05
1891 3.993849e-05
1892 3.984517e-05
1893 3.975256e-05
1894 3.966066e-05
1895 3.956946e-05
1896 3.947897e-05
1897 3.938918e-05
1898 3.930010e-05
1899 3.921171e-05
1900 3.912402e-05
1901 3.903703e-05
1902 3.895073e-05
1903 3.886513e-05
1904 3.878021e-05
1905 3.869598e-05
1906 3.861244e-05
1907 3.852959e-05
1908 3.844742e-05
1909 3.836592e-05
1910 3.828511e-05
1911 3.820497e-05
1912 3.812551e-05
1913 3.804672e-05
1914 3.796860e-05
1915 3.789115e-05
1916 3.781437e-05
1917 3.773825e-05
1918 3.766280e-05
1919 3.758800e-05
1920 3.751386e-05
1921 3.744038e-05
1922 3.736756e-05
1923 3.729538e-05
1924 3.722386e-05
1925 3.715298e-05
1926 3.708275e-05
1927 3.701316e-05
1928 3.694422e-05
1929 3.687591e-05
1930 3.680824e-05
1931 3.674120e-05
1932 3.667480e-05
1933 3.660903e-05
1934 3.654388e-05
1935 3.647936e-05
1936 3.641547e-05
1937 3.635219e-05
1938 3.628954e-05
1939 3.622750e-05
1940 3.616607e-05
1941 3.610526e-05
1942 3.604505e-05
1943 3.598546e-05
1944 3.592647e-05
1945 3.586808e-05
1946 3.581029e-05
1947 3.575310e-05
1948 3.569650e-05
1949 3.564050e-05
1950 3.558508e-05
1951 3.553026e-05
1952 3.547602e-05
1953 3.542236e-05
1954 3.536929e-05
1955 3.531679e-05
1956 3.526487e-05
1957 3.521352e-05
1958 3.516274e-05
1959 3.511253e-05
1960 3.506288e-05
1961 3.501380e-05
1962 3.496528e-05
1963 3.491732e-05
1964 3.486991e-05
1965 3.482305e-05
1966 3.477675e-05
1967 3.473099e-05
1968 3.468578e-05
1969 3.464111e-05
1970 3.459698e-05
1971 3.455338e-05
1972 3.451032e-05
1973 3.446779e-05
1974 3.442580e-05
1975 3.438432e-05
1976 3.434337e-05
1977 3.430295e-05
1978 3.426303e-05
1979 3.422364e-05
1980 3.418476e-05
1981 3.414639e-05
1982 3.410852e-05
1983 3.407116e-05
1984 3.403430e-05
1985 3.399794e-05
1986 3.396208e-05
1987 3.392670e-05
1988 3.389182e-05
1989 3.385743e-05
1990 3.382352e-05
1991 3.379010e-05
1992 3.375715e-05
1993 3.372468e-05
1994 3.369268e-05
1995 3.366115e-05
1996 3.363009e-05
1997 3.359950e-05
1998 3.356936e-05
1999 3.353969e-05
2000 3.351047e-05
2001 3.348170e-05
