0 5.225689e-07
1 5.225689e-07
2 5.225689e-07
3 9.581958e-07
4 1.414590e-06
5 1.888472e-06
6 2.376887e-06
7 2.877186e-06
8 3.387015e-06
9 3.904296e-06
10 4.427214e-06
11 4.954201e-06
12 5.483922e-06
13 6.015261e-06
14 6.547303e-06
15 7.079320e-06
16 7.610756e-06
17 8.141215e-06
18 8.670441e-06
19 9.198306e-06
20 9.724794e-06
21 1.024999e-05
22 1.077405e-05
23 1.129720e-05
24 1.181974e-05
25 1.234198e-05
26 1.286427e-05
27 1.338694e-05
28 1.391034e-05
29 1.443480e-05
30 1.496058e-05
31 1.548792e-05
32 1.601697e-05
33 1.654780e-05
34 1.708041e-05
35 1.761469e-05
36 1.815049e-05
37 1.868761e-05
38 1.922581e-05
39 1.976486e-05
40 2.030453e-05
41 2.084463e-05
42 2.138499e-05
43 2.192554e-05
44 2.246626e-05
45 2.300719e-05
46 2.354845e-05
47 2.409020e-05
48 2.463260e-05
49 2.517587e-05
50 2.572019e-05
51 2.626575e-05
52 2.681272e-05
53 2.736124e-05
54 2.791137e-05
55 2.846317e-05
56 2.901663e-05
57 2.957173e-05
58 3.012841e-05
59 3.068662e-05
60 3.124628e-05
61 3.180730e-05
62 3.236963e-05
63 3.293319e-05
64 3.349793e-05
65 3.406384e-05
66 3.463090e-05
67 3.519912e-05
68 3.576851e-05
69 3.633912e-05
70 3.691099e-05
71 3.748421e-05
72 3.805884e-05
73 3.863499e-05
74 3.921276e-05
75 3.979227e-05
76 4.037365e-05
77 4.095701e-05
78 4.154245e-05
79 4.213006e-05
80 4.271993e-05
81 4.331209e-05
82 4.390656e-05
83 4.450331e-05
84 4.510228e-05
85 4.570337e-05
86 4.630646e-05
87 4.691139e-05
88 4.751802e-05
89 4.812620e-05
90 4.873577e-05
91 4.934660e-05
92 4.995860e-05
93 5.057168e-05
94 5.118581e-05
95 5.180099e-05
96 5.241726e-05
97 5.303467e-05
98 5.365329e-05
99 5.427322e-05
100 5.489455e-05
101 5.551740e-05
102 5.614186e-05
103 5.676802e-05
104 5.739597e-05
105 5.802578e-05
106 5.865752e-05
107 5.929122e-05
108 5.992692e-05
109 6.056466e-05
110 6.120446e-05
111 6.184632e-05
112 6.249024e-05
113 6.313622e-05
114 6.378424e-05
115 6.443428e-05
116 6.508633e-05
117 6.574033e-05
118 6.639627e-05
119 6.705409e-05
120 6.771374e-05
121 6.837519e-05
122 6.903837e-05
123 6.970322e-05
124 7.036971e-05
125 7.103775e-05
126 7.170730e-05
127 7.237829e-05
128 7.305067e-05
129 7.372437e-05
130 7.439933e-05
131 7.507551e-05
132 7.575284e-05
133 7.643128e-05
134 7.711078e-05
135 7.779128e-05
136 7.847276e-05
137 7.915518e-05
138 7.983849e-05
139 8.052266e-05
140 8.120767e-05
141 8.189349e-05
142 8.258010e-05
143 8.326746e-05
144 8.395557e-05
145 8.464441e-05
146 8.533395e-05
147 8.602420e-05
148 8.671512e-05
149 8.740673e-05
150 8.809901e-05
151 8.879195e-05
152 8.948556e-05
153 9.017982e-05
154 9.087475e-05
155 9.157033e-05
156 9.226657e-05
157 9.296348e-05
158 9.366106e-05
159 9.435931e-05
160 9.505824e-05
161 9.575785e-05
162 9.645816e-05
163 9.715916e-05
164 9.786088e-05
165 9.856331e-05
166 9.926647e-05
167 9.997036e-05
168 1.006750e-04
169 1.013804e-04
170 1.020865e-04
171 1.027934e-04
172 1.035011e-04
173 1.042096e-04
174 1.049188e-04
175 1.056289e-04
176 1.063397e-04
177 1.070513e-04
178 1.077637e-04
179 1.084769e-04
180 1.091908e-04
181 1.099055e-04
182 1.106210e-04
183 1.113372e-04
184 1.120541e-04
185 1.127717e-04
186 1.134901e-04
187 1.142091e-04
188 1.149287e-04
189 1.156489e-04
190 1.163697e-04
191 1.170910e-04
192 1.178128e-04
193 1.185350e-04
194 1.192576e-04
195 1.199806e-04
196 1.207038e-04
197 1.214272e-04
198 1.221507e-04
199 1.228744e-04
200 1.235980e-04
201 1.243215e-04
202 1.250449e-04
203 1.257681e-04
204 1.264909e-04
205 1.272134e-04
206 1.279354e-04
207 1.286569e-04
208 1.293777e-04
209 1.300979e-04
210 1.308172e-04
211 1.315357e-04
212 1.322533e-04
213 1.329698e-04
214 1.336853e-04
215 1.343996e-04
216 1.351127e-04
217 1.358245e-04
218 1.365350e-04
219 1.372441e-04
220 1.379516e-04
221 1.386577e-04
222 1.393622e-04
223 1.400651e-04
224 1.407664e-04
225 1.414660e-04
226 1.421639e-04
227 1.428601e-04
228 1.435545e-04
229 1.442472e-04
230 1.449381e-04
231 1.456272e-04
232 1.463145e-04
233 1.470000e-04
234 1.476837e-04
235 1.483656e-04
236 1.490457e-04
237 1.497240e-04
238 1.504005e-04
239 1.510751e-04
240 1.517480e-04
241 1.524191e-04
242 1.530883e-04
243 1.537558e-04
244 1.544214e-04
245 1.550852e-04
246 1.557473e-04
247 1.564074e-04
248 1.570658e-04
249 1.577223e-04
250 1.583769e-04
251 1.590297e-04
252 1.596805e-04
253 1.603294e-04
254 1.609763e-04
255 1.616213e-04
256 1.622641e-04
257 1.629049e-04
258 1.635436e-04
259 1.641801e-04
260 1.648143e-04
261 1.654463e-04
262 1.660759e-04
263 1.667031e-04
264 1.673279e-04
265 1.679501e-04
266 1.685698e-04
267 1.691869e-04
268 1.698012e-04
269 1.704128e-04
270 1.710215e-04
271 1.716274e-04
272 1.722304e-04
273 1.728303e-04
274 1.734273e-04
275 1.740211e-04
276 1.746117e-04
277 1.751992e-04
278 1.757835e-04
279 1.763644e-04
280 1.769421e-04
281 1.775164e-04
282 1.780873e-04
283 1.786548e-04
284 1.792189e-04
285 1.797795e-04
286 1.803367e-04
287 1.808904e-04
288 1.814407e-04
289 1.819875e-04
290 1.825309e-04
291 1.830708e-04
292 1.836073e-04
293 1.841403e-04
294 1.846700e-04
295 1.851963e-04
296 1.857192e-04
297 1.862388e-04
298 1.867551e-04
299 1.872682e-04
300 1.877780e-04
301 1.882846e-04
302 1.887881e-04
303 1.892885e-04
304 1.897857e-04
305 1.902800e-04
306 1.907712e-04
307 1.912595e-04
308 1.917449e-04
309 1.922274e-04
310 1.927071e-04
311 1.931841e-04
312 1.936583e-04
313 1.941298e-04
314 1.945987e-04
315 1.950650e-04
316 1.955288e-04
317 1.959901e-04
318 1.964489e-04
319 1.969053e-04
320 1.973593e-04
321 1.978110e-04
322 1.982604e-04
323 1.987075e-04
324 1.991524e-04
325 1.995951e-04
326 2.000357e-04
327 2.004742e-04
328 2.009105e-04
329 2.013448e-04
330 2.017771e-04
331 2.022074e-04
332 2.026357e-04
333 2.030621e-04
334 2.034865e-04
335 2.039090e-04
336 2.043296e-04
337 2.047483e-04
338 2.051651e-04
339 2.055800e-04
340 2.059931e-04
341 2.064043e-04
342 2.068137e-04
343 2.072212e-04
344 2.076268e-04
345 2.080306e-04
346 2.084324e-04
347 2.088324e-04
348 2.092304e-04
349 2.096265e-04
350 2.100206e-04
351 2.104128e-04
352 2.108030e-04
353 2.111911e-04
354 2.115773e-04
355 2.119613e-04
356 2.123433e-04
357 2.127232e-04
358 2.131010e-04
359 2.134766e-04
360 2.138501e-04
361 2.142214e-04
362 2.145905e-04
363 2.149574e-04
364 2.153221e-04
365 2.156846e-04
366 2.160449e-04
367 2.164030e-04
368 2.167588e-04
369 2.171124e-04
370 2.174638e-04
371 2.178131e-04
372 2.181601e-04
373 2.185050e-04
374 2.188478e-04
375 2.191885e-04
376 2.195272e-04
377 2.198638e-04
378 2.201985e-04
379 2.205313e-04
380 2.208622e-04
381 2.211912e-04
382 2.215186e-04
383 2.218442e-04
384 2.221682e-04
385 2.224906e-04
386 2.228115e-04
387 2.231310e-04
388 2.234491e-04
389 2.237659e-04
390 2.240814e-04
391 2.243958e-04
392 2.247090e-04
393 2.250212e-04
394 2.253325e-04
395 2.256428e-04
396 2.259522e-04
397 2.262608e-04
398 2.265687e-04
399 2.268759e-04
400 2.271825e-04
401 2.274884e-04
402 2.277938e-04
403 2.280987e-04
404 2.284031e-04
405 2.287071e-04
406 2.290107e-04
407 2.293139e-04
408 2.296167e-04
409 2.299192e-04
410 2.302213e-04
411 2.305231e-04
412 2.308246e-04
413 2.311258e-04
414 2.314267e-04
415 2.317273e-04
416 2.320276e-04
417 2.323275e-04
418 2.326272e-04
419 2.329266e-04
420 2.332256e-04
421 2.335243e-04
422 2.338226e-04
423 2.341206e-04
424 2.344182e-04
425 2.347155e-04
426 2.350123e-04
427 2.353087e-04
428 2.356047e-04
429 2.359003e-04
430 2.361954e-04
431 2.364900e-04
432 2.367842e-04
433 2.370778e-04
434 2.373709e-04
435 2.376635e-04
436 2.379556e-04
437 2.382471e-04
438 2.385381e-04
439 2.388284e-04
440 2.391182e-04
441 2.394074e-04
442 2.396960e-04
443 2.399840e-04
444 2.402714e-04
445 2.405581e-04
446 2.408442e-04
447 2.411297e-04
448 2.414145e-04
449 2.416986e-04
450 2.419821e-04
451 2.422649e-04
452 2.425471e-04
453 2.428285e-04
454 2.431092e-04
455 2.433893e-04
456 2.436686e-04
457 2.439472e-04
458 2.442251e-04
459 2.445022e-04
460 2.447786e-04
461 2.450543e-04
462 2.453291e-04
463 2.456032e-04
464 2.458766e-04
465 2.461491e-04
466 2.464208e-04
467 2.466917e-04
468 2.469618e-04
469 2.472310e-04
470 2.474994e-04
471 2.477669e-04
472 2.480336e-04
473 2.482994e-04
474 2.485642e-04
475 2.488281e-04
476 2.490911e-04
477 2.493532e-04
478 2.496143e-04
479 2.498743e-04
480 2.501334e-04
481 2.503915e-04
482 2.506486e-04
483 2.509046e-04
484 2.511595e-04
485 2.514133e-04
486 2.516661e-04
487 2.519177e-04
488 2.521681e-04
489 2.524174e-04
490 2.526655e-04
491 2.529124e-04
492 2.531580e-04
493 2.534024e-04
494 2.536455e-04
495 2.538873e-04
496 2.541278e-04
497 2.543669e-04
498 2.546047e-04
499 2.548410e-04
500 2.550760e-04
501 2.553095e-04
502 2.555415e-04
503 2.557720e-04
504 2.560010e-04
505 2.562284e-04
506 2.564543e-04
507 2.566785e-04
508 2.569012e-04
509 2.571222e-04
510 2.573415e-04
511 2.575591e-04
512 2.577750e-04
513 2.579892e-04
514 2.582016e-04
515 2.584122e-04
516 2.586210e-04
517 2.588280e-04
518 2.590331e-04
519 2.592364e-04
520 2.594377e-04
521 2.596371e-04
522 2.598347e-04
523 2.600302e-04
524 2.602238e-04
525 2.604155e-04
526 2.606051e-04
527 2.607927e-04
528 2.609783e-04
529 2.611619e-04
530 2.613434e-04
531 2.615229e-04
532 2.617003e-04
533 2.618757e-04
534 2.620489e-04
535 2.622201e-04
536 2.623891e-04
537 2.625561e-04
538 2.627209e-04
539 2.628837e-04
540 2.630442e-04
541 2.632027e-04
542 2.633590e-04
543 2.635132e-04
544 2.636652e-04
545 2.638151e-04
546 2.639628e-04
547 2.641083e-04
548 2.642517e-04
549 2.643929e-04
550 2.645320e-04
551 2.646689e-04
552 2.648036e-04
553 2.649361e-04
554 2.650664e-04
555 2.651946e-04
556 2.653205e-04
557 2.654443e-04
558 2.655659e-04
559 2.656853e-04
560 2.658025e-04
561 2.659175e-04
562 2.660303e-04
563 2.661409e-04
564 2.662493e-04
565 2.663555e-04
566 2.664594e-04
567 2.665612e-04
568 2.666608e-04
569 2.667581e-04
570 2.668533e-04
571 2.669462e-04
572 2.670369e-04
573 2.671255e-04
574 2.672118e-04
575 2.672958e-04
576 2.673777e-04
577 2.674574e-04
578 2.675348e-04
579 2.676101e-04
580 2.676831e-04
581 2.677539e-04
582 2.678226e-04
583 2.678890e-04
584 2.679532e-04
585 2.680152e-04
586 2.680750e-04
587 2.681326e-04
588 2.681880e-04
589 2.682412e-04
590 2.682922e-04
591 2.683411e-04
592 2.683877e-04
593 2.684322e-04
594 2.684745e-04
595 2.685146e-04
596 2.685525e-04
597 2.685883e-04
598 2.686219e-04
599 2.686534e-04
600 2.686827e-04
601 2.687099e-04
602 2.687349e-04
603 2.687578e-04
604 2.687786e-04
605 2.687972e-04
606 2.688138e-04
607 2.688282e-04
608 2.688405e-04
609 2.688508e-04
610 2.688589e-04
611 2.688650e-04
612 2.688690e-04
613 2.688709e-04
614 2.688708e-04
615 2.688687e-04
616 2.688645e-04
617 2.688583e-04
618 2.688501e-04
619 2.688399e-04
620 2.688277e-04
621 2.688136e-04
622 2.687974e-04
623 2.687793e-04
624 2.687593e-04
625 2.687373e-04
626 2.687135e-04
627 2.686877e-04
628 2.686600e-04
629 2.686305e-04
630 2.685991e-04
631 2.685658e-04
632 2.685308e-04
633 2.684939e-04
634 2.684552e-04
635 2.684147e-04
636 2.683725e-04
637 2.683285e-04
638 2.682828e-04
639 2.682353e-04
640 2.681862e-04
641 2.681354e-04
642 2.680829e-04
643 2.680288e-04
644 2.679731e-04
645 2.679158e-04
646 2.678569e-04
647 2.677965e-04
648 2.677345e-04
649 2.676710e-04
650 2.676060e-04
651 2.675396e-04
652 2.674717e-04
653 2.674024e-04
654 2.673317e-04
655 2.672596e-04
656 2.671862e-04
657 2.671114e-04
658 2.670354e-04
659 2.669581e-04
660 2.668796e-04
661 2.667998e-04
662 2.667189e-04
663 2.666368e-04
664 2.665535e-04
665 2.664692e-04
666 2.663838e-04
667 2.662974e-04
668 2.662099e-04
669 2.661214e-04
670 2.660320e-04
671 2.659417e-04
672 2.658505e-04
673 2.657584e-04
674 2.656654e-04
675 2.655717e-04
676 2.654772e-04
677 2.653819e-04
678 2.652860e-04
679 2.651893e-04
680 2.650920e-04
681 2.649941e-04
682 2.648956e-04
683 2.647965e-04
684 2.646969e-04
685 2.645968e-04
686 2.644963e-04
687 2.643953e-04
688 2.642939e-04
689 2.641922e-04
690 2.640901e-04
691 2.639877e-04
692 2.638851e-04
693 2.637822e-04
694 2.636791e-04
695 2.635758e-04
696 2.634723e-04
697 2.633687e-04
698 2.632651e-04
699 2.631614e-04
700 2.630576e-04
701 2.629539e-04
702 2.628502e-04
703 2.627465e-04
704 2.626429e-04
705 2.625395e-04
706 2.624362e-04
707 2.623331e-04
708 2.622301e-04
709 2.621274e-04
710 2.620250e-04
711 2.619229e-04
712 2.618210e-04
713 2.617195e-04
714 2.616184e-04
715 2.615177e-04
716 2.614173e-04
717 2.613175e-04
718 2.612180e-04
719 2.611191e-04
720 2.610207e-04
721 2.609228e-04
722 2.608255e-04
723 2.607288e-04
724 2.606326e-04
725 2.605371e-04
726 2.604422e-04
727 2.603480e-04
728 2.602545e-04
729 2.601617e-04
730 2.600696e-04
731 2.599782e-04
732 2.598876e-04
733 2.597978e-04
734 2.597087e-04
735 2.596204e-04
736 2.595330e-04
737 2.594464e-04
738 2.593606e-04
739 2.592757e-04
740 2.591916e-04
741 2.591085e-04
742 2.590262e-04
743 2.589448e-04
744 2.588643e-04
745 2.587847e-04
746 2.587060e-04
747 2.586283e-04
748 2.585514e-04
749 2.584755e-04
750 2.584006e-04
751 2.583266e-04
752 2.582535e-04
753 2.581814e-04
754 2.581102e-04
755 2.580399e-04
756 2.579706e-04
757 2.579022e-04
758 2.578347e-04
759 2.577682e-04
760 2.577025e-04
761 2.576378e-04
762 2.575740e-04
763 2.575111e-04
764 2.574491e-04
765 2.573879e-04
766 2.573276e-04
767 2.572682e-04
768 2.572096e-04
769 2.571518e-04
770 2.570949e-04
771 2.570388e-04
772 2.569834e-04
773 2.569289e-04
774 2.568751e-04
775 2.568220e-04
776 2.567697e-04
777 2.567181e-04
778 2.566671e-04
779 2.566169e-04
780 2.565673e-04
781 2.565183e-04
782 2.564700e-04
783 2.564222e-04
784 2.563750e-04
785 2.563284e-04
786 2.562823e-04
787 2.562367e-04
788 2.561916e-04
789 2.561470e-04
790 2.561028e-04
791 2.560590e-04
792 2.560157e-04
793 2.559727e-04
794 2.559300e-04
795 2.558877e-04
796 2.558457e-04
797 2.558039e-04
798 2.557624e-04
799 2.557211e-04
800 2.556800e-04
801 2.556391e-04
802 2.555983e-04
803 2.555577e-04
804 2.555171e-04
805 2.554766e-04
806 2.554362e-04
807 2.553958e-04
808 2.553553e-04
809 2.553149e-04
810 2.552743e-04
811 2.552337e-04
812 2.551930e-04
813 2.551521e-04
814 2.551111e-04
815 2.550698e-04
816 2.550284e-04
817 2.549867e-04
818 2.549447e-04
819 2.549024e-04
820 2.548598e-04
821 2.548169e-04
822 2.547736e-04
823 2.547299e-04
824 2.546858e-04
825 2.546412e-04
826 2.545962e-04
827 2.545506e-04
828 2.545046e-04
829 2.544580e-04
830 2.544109e-04
831 2.543631e-04
832 2.543148e-04
833 2.542658e-04
834 2.542162e-04
835 2.541659e-04
836 2.541149e-04
837 2.540632e-04
838 2.540108e-04
839 2.539576e-04
840 2.539036e-04
841 2.538489e-04
842 2.537933e-04
843 2.537370e-04
844 2.536797e-04
845 2.536217e-04
846 2.535627e-04
847 2.535029e-04
848 2.534422e-04
849 2.533805e-04
850 2.533180e-04
851 2.532544e-04
852 2.531900e-04
853 2.531246e-04
854 2.530582e-04
855 2.529908e-04
856 2.529224e-04
857 2.528530e-04
858 2.527827e-04
859 2.527113e-04
860 2.526389e-04
861 2.525654e-04
862 2.524910e-04
863 2.524155e-04
864 2.523389e-04
865 2.522614e-04
866 2.521828e-04
867 2.521031e-04
868 2.520224e-04
869 2.519407e-04
870 2.518579e-04
871 2.517740e-04
872 2.516891e-04
873 2.516032e-04
874 2.515163e-04
875 2.514283e-04
876 2.513392e-04
877 2.512492e-04
878 2.511581e-04
879 2.510660e-04
880 2.509728e-04
881 2.508787e-04
882 2.507836e-04
883 2.506874e-04
884 2.505903e-04
885 2.504922e-04
886 2.503931e-04
887 2.502930e-04
888 2.501920e-04
889 2.500901e-04
890 2.499871e-04
891 2.498833e-04
892 2.497785e-04
893 2.496729e-04
894 2.495663e-04
895 2.494588e-04
896 2.493505e-04
897 2.492413e-04
898 2.491313e-04
899 2.490204e-04
900 2.489086e-04
901 2.487961e-04
902 2.486827e-04
903 2.485686e-04
904 2.484537e-04
905 2.483380e-04
906 2.482216e-04
907 2.481044e-04
908 2.479865e-04
909 2.478680e-04
910 2.477487e-04
911 2.476287e-04
912 2.475081e-04
913 2.473869e-04
914 2.472650e-04
915 2.471425e-04
916 2.470194e-04
917 2.468957e-04
918 2.467714e-04
919 2.466466e-04
920 2.465213e-04
921 2.463954e-04
922 2.462690e-04
923 2.461422e-04
924 2.460149e-04
925 2.458871e-04
926 2.457589e-04
927 2.456302e-04
928 2.455012e-04
929 2.453718e-04
930 2.452420e-04
931 2.451118e-04
932 2.449813e-04
933 2.448505e-04
934 2.447193e-04
935 2.445879e-04
936 2.444562e-04
937 2.443243e-04
938 2.441921e-04
939 2.440596e-04
940 2.439270e-04
941 2.437941e-04
942 2.436611e-04
943 2.435279e-04
944 2.433946e-04
945 2.432611e-04
946 2.431275e-04
947 2.429938e-04
948 2.428600e-04
949 2.427262e-04
950 2.425922e-04
951 2.424582e-04
952 2.423242e-04
953 2.421902e-04
954 2.420561e-04
955 2.419221e-04
956 2.417880e-04
957 2.416540e-04
958 2.415201e-04
959 2.413861e-04
960 2.412523e-04
961 2.411185e-04
962 2.409848e-04
963 2.408512e-04
964 2.407178e-04
965 2.405844e-04
966 2.404512e-04
967 2.403181e-04
968 2.401851e-04
969 2.400523e-04
970 2.399197e-04
971 2.397873e-04
972 2.396550e-04
973 2.395229e-04
974 2.393911e-04
975 2.392594e-04
976 2.391280e-04
977 2.389967e-04
978 2.388658e-04
979 2.387350e-04
980 2.386045e-04
981 2.384743e-04
982 2.383443e-04
983 2.382146e-04
984 2.380851e-04
985 2.379560e-04
986 2.378271e-04
987 2.376985e-04
988 2.375701e-04
989 2.374421e-04
990 2.373144e-04
991 2.371870e-04
992 2.370599e-04
993 2.369331e-04
994 2.368066e-04
995 2.366805e-04
996 2.365546e-04
997 2.364291e-04
998 2.363039e-04
999 2.361791e-04
1000 2.360545e-04
1001 2.359303e-04
1002 2.358065e-04
1003 2.356829e-04
1004 2.355597e-04
1005 2.354369e-04
1006 2.353143e-04
1007 2.351922e-04
1008 2.350703e-04
1009 2.349488e-04
1010 2.348276e-04
1011 2.347068e-04
1012 2.345862e-04
1013 2.344661e-04
1014 2.343462e-04
1015 2.342267e-04
1016 2.341075e-04
1017 2.339886e-04
1018 2.338701e-04
1019 2.337518e-04
1020 2.336339e-04
1021 2.335163e-04
1022 2.333990e-04
1023 2.332820e-04
1024 2.331653e-04
1025 2.330489e-04
1026 2.329328e-04
1027 2.328170e-04
1028 2.327015e-04
1029 2.325862e-04
1030 2.324712e-04
1031 2.323565e-04
1032 2.322421e-04
1033 2.321279e-04
1034 2.320139e-04
1035 2.319002e-04
1036 2.317867e-04
1037 2.316734e-04
1038 2.315604e-04
1039 2.314476e-04
1040 2.313349e-04
1041 2.312225e-04
1042 2.311103e-04
1043 2.309982e-04
1044 2.308863e-04
1045 2.307745e-04
1046 2.306630e-04
1047 2.305515e-04
1048 2.304402e-04
1049 2.303290e-04
1050 2.302179e-04
1051 2.301069e-04
1052 2.299960e-04
1053 2.298851e-04
1054 2.297744e-04
1055 2.296637e-04
1056 2.295530e-04
1057 2.294423e-04
1058 2.293317e-04
1059 2.292211e-04
1060 2.291104e-04
1061 2.289998e-04
1062 2.288891e-04
1063 2.287784e-04
1064 2.286676e-04
1065 2.285567e-04
1066 2.284457e-04
1067 2.283346e-04
1068 2.282234e-04
1069 2.281121e-04
1070 2.280006e-04
1071 2.278890e-04
1072 2.277772e-04
1073 2.276652e-04
1074 2.275530e-04
1075 2.274405e-04
1076 2.273278e-04
1077 2.272149e-04
1078 2.271017e-04
1079 2.269882e-04
1080 2.268744e-04
1081 2.267603e-04
1082 2.266458e-04
1083 2.265310e-04
1084 2.264158e-04
1085 2.263003e-04
1086 2.261843e-04
1087 2.260679e-04
1088 2.259511e-04
1089 2.258338e-04
1090 2.257161e-04
1091 2.255978e-04
1092 2.254791e-04
1093 2.253598e-04
1094 2.252400e-04
1095 2.251197e-04
1096 2.249987e-04
1097 2.248772e-04
1098 2.247551e-04
1099 2.246323e-04
1100 2.245089e-04
1101 2.243849e-04
1102 2.242602e-04
1103 2.241347e-04
1104 2.240086e-04
1105 2.238817e-04
1106 2.237541e-04
1107 2.236257e-04
1108 2.234965e-04
1109 2.233666e-04
1110 2.232358e-04
1111 2.231042e-04
1112 2.229717e-04
1113 2.228384e-04
1114 2.227042e-04
1115 2.225690e-04
1116 2.224330e-04
1117 2.222960e-04
1118 2.221581e-04
1119 2.220192e-04
1120 2.218793e-04
1121 2.217384e-04
1122 2.215965e-04
1123 2.214535e-04
1124 2.213095e-04
1125 2.211645e-04
1126 2.210183e-04
1127 2.208711e-04
1128 2.207227e-04
1129 2.205732e-04
1130 2.204225e-04
1131 2.202707e-04
1132 2.201178e-04
1133 2.199636e-04
1134 2.198082e-04
1135 2.196516e-04
1136 2.194937e-04
1137 2.193346e-04
1138 2.191743e-04
1139 2.190126e-04
1140 2.188497e-04
1141 2.186854e-04
1142 2.185199e-04
1143 2.183530e-04
1144 2.181847e-04
1145 2.180151e-04
1146 2.178441e-04
1147 2.176718e-04
1148 2.174980e-04
1149 2.173228e-04
1150 2.171462e-04
1151 2.169682e-04
1152 2.167887e-04
1153 2.166078e-04
1154 2.164254e-04
1155 2.162416e-04
1156 2.160562e-04
1157 2.158694e-04
1158 2.156810e-04
1159 2.154911e-04
1160 2.152997e-04
1161 2.151068e-04
1162 2.149123e-04
1163 2.147163e-04
1164 2.145187e-04
1165 2.143196e-04
1166 2.141188e-04
1167 2.139165e-04
1168 2.137126e-04
1169 2.135072e-04
1170 2.133001e-04
1171 2.130913e-04
1172 2.128810e-04
1173 2.126691e-04
1174 2.124555e-04
1175 2.122403e-04
1176 2.120234e-04
1177 2.118049e-04
1178 2.115848e-04
1179 2.113630e-04
1180 2.111396e-04
1181 2.109144e-04
1182 2.106876e-04
1183 2.104592e-04
1184 2.102291e-04
1185 2.099972e-04
1186 2.097638e-04
1187 2.095286e-04
1188 2.092917e-04
1189 2.090532e-04
1190 2.088129e-04
1191 2.085710e-04
1192 2.083274e-04
1193 2.080820e-04
1194 2.078350e-04
1195 2.075863e-04
1196 2.073358e-04
1197 2.070837e-04
1198 2.068299e-04
1199 2.065743e-04
1200 2.063171e-04
1201 2.060581e-04
1202 2.057975e-04
1203 2.055351e-04
1204 2.052711e-04
1205 2.050053e-04
1206 2.047379e-04
1207 2.044687e-04
1208 2.041978e-04
1209 2.039253e-04
1210 2.036510e-04
1211 2.033751e-04
1212 2.030975e-04
1213 2.028181e-04
1214 2.025371e-04
1215 2.022544e-04
1216 2.019700e-04
1217 2.016840e-04
1218 2.013962e-04
1219 2.011068e-04
1220 2.008158e-04
1221 2.005230e-04
1222 2.002286e-04
1223 1.999325e-04
1224 1.996348e-04
1225 1.993355e-04
1226 1.990344e-04
1227 1.987318e-04
1228 1.984275e-04
1229 1.981216e-04
1230 1.978140e-04
1231 1.975049e-04
1232 1.971941e-04
1233 1.968817e-04
1234 1.965677e-04
1235 1.962521e-04
1236 1.959350e-04
1237 1.956162e-04
1238 1.952958e-04
1239 1.949739e-04
1240 1.946505e-04
1241 1.943254e-04
1242 1.939988e-04
1243 1.936707e-04
1244 1.933410e-04
1245 1.930098e-04
1246 1.926771e-04
1247 1.923428e-04
1248 1.920071e-04
1249 1.916698e-04
1250 1.913311e-04
1251 1.909909e-04
1252 1.906492e-04
1253 1.903060e-04
1254 1.899614e-04
1255 1.896153e-04
1256 1.892678e-04
1257 1.889188e-04
1258 1.885685e-04
1259 1.882167e-04
1260 1.878635e-04
1261 1.875089e-04
1262 1.871530e-04
1263 1.867957e-04
1264 1.864370e-04
1265 1.860769e-04
1266 1.857155e-04
1267 1.853528e-04
1268 1.849887e-04
1269 1.846234e-04
1270 1.842567e-04
1271 1.838887e-04
1272 1.835195e-04
1273 1.831490e-04
1274 1.827772e-04
1275 1.824042e-04
1276 1.820299e-04
1277 1.816544e-04
1278 1.812777e-04
1279 1.808998e-04
1280 1.805207e-04
1281 1.801404e-04
1282 1.797590e-04
1283 1.793764e-04
1284 1.789927e-04
1285 1.786078e-04
1286 1.782218e-04
1287 1.778347e-04
1288 1.774465e-04
1289 1.770572e-04
1290 1.766668e-04
1291 1.762754e-04
1292 1.758830e-04
1293 1.754895e-04
1294 1.750950e-04
1295 1.746994e-04
1296 1.743029e-04
1297 1.739054e-04
1298 1.735070e-04
1299 1.731076e-04
1300 1.727072e-04
1301 1.723059e-04
1302 1.719037e-04
1303 1.715006e-04
1304 1.710966e-04
1305 1.706918e-04
1306 1.702861e-04
1307 1.698795e-04
1308 1.694721e-04
1309 1.690639e-04
1310 1.686549e-04
1311 1.682450e-04
1312 1.678345e-04
1313 1.674231e-04
1314 1.670110e-04
1315 1.665982e-04
1316 1.661846e-04
1317 1.657704e-04
1318 1.653554e-04
1319 1.649398e-04
1320 1.645235e-04
1321 1.641066e-04
1322 1.636890e-04
1323 1.632708e-04
1324 1.628520e-04
1325 1.624326e-04
1326 1.620127e-04
1327 1.615922e-04
1328 1.611711e-04
1329 1.607495e-04
1330 1.603274e-04
1331 1.599048e-04
1332 1.594817e-04
1333 1.590582e-04
1334 1.586342e-04
1335 1.582097e-04
1336 1.577849e-04
1337 1.573596e-04
1338 1.569339e-04
1339 1.565078e-04
1340 1.560814e-04
1341 1.556547e-04
1342 1.552275e-04
1343 1.548001e-04
1344 1.543724e-04
1345 1.539444e-04
1346 1.535161e-04
1347 1.530876e-04
1348 1.526588e-04
1349 1.522298e-04
1350 1.518006e-04
1351 1.513712e-04
1352 1.509416e-04
1353 1.505118e-04
1354 1.500819e-04
1355 1.496518e-04
1356 1.492217e-04
1357 1.487914e-04
1358 1.483611e-04
1359 1.479306e-04
1360 1.475002e-04
1361 1.470696e-04
1362 1.466391e-04
1363 1.462085e-04
1364 1.457780e-04
1365 1.453474e-04
1366 1.449169e-04
1367 1.444865e-04
1368 1.440561e-04
1369 1.436258e-04
1370 1.431956e-04
1371 1.427655e-04
1372 1.423355e-04
1373 1.419057e-04
1374 1.414760e-04
1375 1.410465e-04
1376 1.406172e-04
1377 1.401881e-04
1378 1.397592e-04
1379 1.393306e-04
1380 1.389022e-04
1381 1.384740e-04
1382 1.380462e-04
1383 1.376186e-04
1384 1.371913e-04
1385 1.367644e-04
1386 1.363378e-04
1387 1.359115e-04
1388 1.354857e-04
1389 1.350602e-04
1390 1.346351e-04
1391 1.342104e-04
1392 1.337861e-04
1393 1.333623e-04
1394 1.329389e-04
1395 1.325160e-04
1396 1.320936e-04
1397 1.316717e-04
1398 1.312503e-04
1399 1.308294e-04
1400 1.304091e-04
1401 1.299894e-04
1402 1.295702e-04
1403 1.291515e-04
1404 1.287335e-04
1405 1.283161e-04
1406 1.278994e-04
1407 1.274832e-04
1408 1.270677e-04
1409 1.266529e-04
1410 1.262388e-04
1411 1.258254e-04
1412 1.254126e-04
1413 1.250006e-04
1414 1.245894e-04
1415 1.241789e-04
1416 1.237691e-04
1417 1.233601e-04
1418 1.229519e-04
1419 1.225445e-04
1420 1.221380e-04
1421 1.217322e-04
1422 1.213273e-04
1423 1.209233e-04
1424 1.205201e-04
1425 1.201178e-04
1426 1.197164e-04
1427 1.193159e-04
1428 1.189163e-04
1429 1.185176e-04
1430 1.181199e-04
1431 1.177231e-04
1432 1.173273e-04
1433 1.169324e-04
1434 1.165386e-04
1435 1.161457e-04
1436 1.157539e-04
1437 1.153631e-04
1438 1.149733e-04
1439 1.145845e-04
1440 1.141969e-04
1441 1.138102e-04
1442 1.134247e-04
1443 1.130403e-04
1444 1.126569e-04
1445 1.122747e-04
1446 1.118935e-04
1447 1.115135e-04
1448 1.111347e-04
1449 1.107570e-04
1450 1.103805e-04
1451 1.100051e-04
1452 1.096309e-04
1453 1.092579e-04
1454 1.088861e-04
1455 1.085155e-04
1456 1.081462e-04
1457 1.077780e-04
1458 1.074111e-04
1459 1.070455e-04
1460 1.066811e-04
1461 1.063180e-04
1462 1.059561e-04
1463 1.055955e-04
1464 1.052362e-04
1465 1.048782e-04
1466 1.045216e-04
1467 1.041662e-04
1468 1.038121e-04
1469 1.034594e-04
1470 1.031080e-04
1471 1.027580e-04
1472 1.024093e-04
1473 1.020620e-04
1474 1.017160e-04
1475 1.013714e-04
1476 1.010282e-04
1477 1.006864e-04
1478 1.003460e-04
1479 1.000070e-04
1480 9.966936e-05
1481 9.933317e-05
1482 9.899839e-05
1483 9.866505e-05
1484 9.833313e-05
1485 9.800266e-05
1486 9.767363e-05
1487 9.734605e-05
1488 9.701993e-05
1489 9.669527e-05
1490 9.637208e-05
1491 9.605036e-05
1492 9.573013e-05
1493 9.541137e-05
1494 9.509411e-05
1495 9.477833e-05
1496 9.446406e-05
1497 9.415129e-05
1498 9.384003e-05
1499 9.353028e-05
1500 9.322205e-05
1501 9.291534e-05
1502 9.261015e-05
1503 9.230650e-05
1504 9.200438e-05
1505 9.170379e-05
1506 9.140475e-05
1507 9.110726e-05
1508 9.081131e-05
1509 9.051692e-05
1510 9.022408e-05
1511 8.993280e-05
1512 8.964308e-05
1513 8.935493e-05
1514 8.906835e-05
1515 8.878334e-05
1516 8.849991e-05
1517 8.821805e-05
1518 8.793777e-05
1519 8.765908e-05
1520 8.738197e-05
1521 8.710645e-05
1522 8.683252e-05
1523 8.656018e-05
1524 8.628943e-05
1525 8.602028e-05
1526 8.575273e-05
1527 8.548678e-05
1528 8.522243e-05
1529 8.495968e-05
1530 8.469854e-05
1531 8.443900e-05
1532 8.418107e-05
1533 8.392475e-05
1534 8.367004e-05
1535 8.341694e-05
1536 8.316546e-05
1537 8.291558e-05
1538 8.266732e-05
1539 8.242068e-05
1540 8.217565e-05
1541 8.193224e-05
1542 8.169044e-05
1543 8.145026e-05
1544 8.121169e-05
1545 8.097475e-05
1546 8.073942e-05
1547 8.050571e-05
1548 8.027361e-05
1549 8.004314e-05
1550 7.981428e-05
1551 7.958704e-05
1552 7.936141e-05
1553 7.913740e-05
1554 7.891500e-05
1555 7.869422e-05
1556 7.847506e-05
1557 7.825751e-05
1558 7.804157e-05
1559 7.782724e-05
1560 7.761452e-05
1561 7.740342e-05
1562 7.719392e-05
1563 7.698603e-05
1564 7.677974e-05
1565 7.657506e-05
1566 7.637198e-05
1567 7.617050e-05
1568 7.597062e-05
1569 7.577235e-05
1570 7.557566e-05
1571 7.538057e-05
1572 7.518708e-05
1573 7.499517e-05
1574 7.480485e-05
1575 7.461612e-05
1576 7.442898e-05
1577 7.424341e-05
1578 7.405942e-05
1579 7.387701e-05
1580 7.369618e-05
1581 7.351692e-05
1582 7.333922e-05
1583 7.316309e-05
1584 7.298853e-05
1585 7.281553e-05
1586 7.264408e-05
1587 7.247419e-05
1588 7.230585e-05
1589 7.213906e-05
1590 7.197381e-05
1591 7.181011e-05
1592 7.164795e-05
1593 7.148732e-05
1594 7.132822e-05
1595 7.117065e-05
1596 7.101460e-05
1597 7.086008e-05
1598 7.070707e-05
1599 7.055557e-05
1600 7.040559e-05
1601 7.025711e-05
1602 7.011013e-05
1603 6.996465e-05
1604 6.982066e-05
1605 6.967816e-05
1606 6.953715e-05
1607 6.939762e-05
1608 6.925956e-05
1609 6.912298e-05
1610 6.898786e-05
1611 6.885420e-05
1612 6.872200e-05
1613 6.859126e-05
1614 6.846196e-05
1615 6.833411e-05
1616 6.820770e-05
1617 6.808272e-05
1618 6.795917e-05
1619 6.783704e-05
1620 6.771634e-05
1621 6.759704e-05
1622 6.747916e-05
1623 6.736268e-05
1624 6.724759e-05
1625 6.713390e-05
1626 6.702160e-05
1627 6.691067e-05
1628 6.680113e-05
1629 6.669295e-05
1630 6.658614e-05
1631 6.648069e-05
1632 6.637660e-05
1633 6.627385e-05
1634 6.617244e-05
1635 6.607237e-05
1636 6.597363e-05
1637 6.587621e-05
1638 6.578011e-05
1639 6.568533e-05
1640 6.559185e-05
1641 6.549967e-05
1642 6.540878e-05
1643 6.531918e-05
1644 6.523086e-05
1645 6.514382e-05
1646 6.505804e-05
1647 6.497353e-05
1648 6.489027e-05
1649 6.480826e-05
1650 6.472749e-05
1651 6.464795e-05
1652 6.456965e-05
1653 6.449257e-05
1654 6.441670e-05
1655 6.434204e-05
1656 6.426858e-05
1657 6.419632e-05
1658 6.412524e-05
1659 6.405535e-05
1660 6.398663e-05
1661 6.391907e-05
1662 6.385268e-05
1663 6.378744e-05
1664 6.372334e-05
1665 6.366038e-05
1666 6.359855e-05
1667 6.353784e-05
1668 6.347825e-05
1669 6.341977e-05
1670 6.336239e-05
1671 6.330610e-05
1672 6.325090e-05
1673 6.319678e-05
1674 6.314373e-05
1675 6.309174e-05
1676 6.304081e-05
1677 6.299093e-05
1678 6.294209e-05
1679 6.289428e-05
1680 6.284749e-05
1681 6.280172e-05
1682 6.275697e-05
1683 6.271321e-05
1684 6.267045e-05
1685 6.262867e-05
1686 6.258787e-05
1687 6.254804e-05
1688 6.250917e-05
1689 6.247125e-05
1690 6.243428e-05
1691 6.239825e-05
1692 6.236315e-05
1693 6.232897e-05
1694 6.229570e-05
1695 6.226333e-05
1696 6.223186e-05
1697 6.220128e-05
1698 6.217158e-05
1699 6.214275e-05
1700 6.211479e-05
1701 6.208768e-05
1702 6.206141e-05
1703 6.203599e-05
1704 6.201139e-05
1705 6.198761e-05
1706 6.196465e-05
1707 6.194249e-05
1708 6.192112e-05
1709 6.190054e-05
1710 6.188074e-05
1711 6.186171e-05
1712 6.184344e-05
1713 6.182593e-05
1714 6.180915e-05
1715 6.179311e-05
1716 6.177780e-05
1717 6.176321e-05
1718 6.174932e-05
1719 6.173613e-05
1720 6.172364e-05
1721 6.171182e-05
1722 6.170068e-05
1723 6.169021e-05
1724 6.168039e-05
1725 6.167121e-05
1726 6.166268e-05
1727 6.165477e-05
1728 6.164749e-05
1729 6.164081e-05
1730 6.163474e-05
1731 6.162926e-05
1732 6.162437e-05
1733 6.162005e-05
1734 6.161629e-05
1735 6.161310e-05
1736 6.161045e-05
1737 6.160834e-05
1738 6.160676e-05
1739 6.160570e-05
1740 6.160516e-05
1741 6.160512e-05
1742 6.160557e-05
1743 6.160650e-05
1744 6.160791e-05
1745 6.160979e-05
1746 6.161213e-05
1747 6.161491e-05
1748 6.161813e-05
1749 6.162178e-05
1750 6.162586e-05
1751 6.163034e-05
1752 6.163523e-05
1753 6.164051e-05
1754 6.164617e-05
1755 6.165221e-05
1756 6.165862e-05
1757 6.166538e-05
1758 6.167249e-05
1759 6.167993e-05
1760 6.168771e-05
1761 6.169580e-05
1762 6.170421e-05
1763 6.171291e-05
1764 6.172191e-05
1765 6.173120e-05
1766 6.174075e-05
1767 6.175057e-05
1768 6.176065e-05
1769 6.177097e-05
1770 6.178152e-05
1771 6.179231e-05
1772 6.180331e-05
1773 6.181453e-05
1774 6.182594e-05
1775 6.183754e-05
1776 6.184933e-05
1777 6.186129e-05
1778 6.187341e-05
1779 6.188568e-05
1780 6.189810e-05
1781 6.191066e-05
1782 6.192334e-05
1783 6.193614e-05
1784 6.194905e-05
1785 6.196205e-05
1786 6.197515e-05
1787 6.198833e-05
1788 6.200158e-05
1789 6.201489e-05
1790 6.202825e-05
1791 6.204166e-05
1792 6.205511e-05
1793 6.206858e-05
1794 6.208207e-05
1795 6.209556e-05
1796 6.210906e-05
1797 6.212254e-05
1798 6.213601e-05
1799 6.214945e-05
1800 6.216285e-05
1801 6.217621e-05
1802 6.218951e-05
1803 6.220274e-05
1804 6.221591e-05
1805 6.222899e-05
1806 6.224198e-05
1807 6.225487e-05
1808 6.226766e-05
1809 6.228032e-05
1810 6.229286e-05
1811 6.230527e-05
1812 6.231753e-05
1813 6.232964e-05
1814 6.234159e-05
1815 6.235336e-05
1816 6.236496e-05
1817 6.237637e-05
1818 6.238759e-05
1819 6.239860e-05
1820 6.240939e-05
1821 6.241997e-05
1822 6.243031e-05
1823 6.244041e-05
1824 6.245027e-05
1825 6.245987e-05
1826 6.246920e-05
1827 6.247826e-05
1828 6.248704e-05
1829 6.249553e-05
1830 6.250372e-05
1831 6.251160e-05
1832 6.251917e-05
1833 6.252641e-05
1834 6.253332e-05
1835 6.253989e-05
1836 6.254610e-05
1837 6.255197e-05
1838 6.255746e-05
1839 6.256259e-05
1840 6.256733e-05
1841 6.257168e-05
1842 6.257563e-05
1843 6.257918e-05
1844 6.258231e-05
1845 6.258502e-05
1846 6.258730e-05
1847 6.258914e-05
1848 6.259054e-05
1849 6.259148e-05
1850 6.259196e-05
1851 6.259197e-05
1852 6.259150e-05
1853 6.259054e-05
1854 6.258910e-05
1855 6.258715e-05
1856 6.258469e-05
1857 6.258172e-05
1858 6.257823e-05
1859 6.257420e-05
1860 6.256963e-05
1861 6.256452e-05
1862 6.255886e-05
1863 6.255263e-05
1864 6.254583e-05
1865 6.253846e-05
1866 6.253051e-05
1867 6.252196e-05
1868 6.251282e-05
1869 6.250307e-05
1870 6.249271e-05
1871 6.248173e-05
1872 6.247013e-05
1873 6.245789e-05
1874 6.244501e-05
1875 6.243149e-05
1876 6.241731e-05
1877 6.240247e-05
1878 6.238696e-05
1879 6.237078e-05
1880 6.235392e-05
1881 6.233636e-05
1882 6.231812e-05
1883 6.229917e-05
1884 6.227952e-05
1885 6.225915e-05
1886 6.223806e-05
1887 6.221624e-05
1888 6.219369e-05
1889 6.217040e-05
1890 6.214637e-05
1891 6.212158e-05
1892 6.209603e-05
1893 6.206972e-05
1894 6.204264e-05
1895 6.201478e-05
1896 6.198614e-05
1897 6.195671e-05
1898 6.192649e-05
1899 6.189546e-05
1900 6.186363e-05
1901 6.183099e-05
1902 6.179753e-05
1903 6.176325e-05
1904 6.172814e-05
1905 6.169219e-05
1906 6.165540e-05
1907 6.161777e-05
1908 6.157929e-05
1909 6.153996e-05
1910 6.149976e-05
1911 6.145870e-05
1912 6.141676e-05
1913 6.137395e-05
1914 6.133026e-05
1915 6.128568e-05
1916 6.124021e-05
1917 6.119384e-05
1918 6.114657e-05
1919 6.109840e-05
1920 6.104932e-05
1921 6.099932e-05
1922 6.094840e-05
1923 6.089656e-05
1924 6.084379e-05
1925 6.079009e-05
1926 6.073545e-05
1927 6.067986e-05
1928 6.062334e-05
1929 6.056586e-05
1930 6.050743e-05
1931 6.044804e-05
1932 6.038769e-05
1933 6.032638e-05
1934 6.026409e-05
1935 6.020083e-05
1936 6.013660e-05
1937 6.007138e-05
1938 6.000518e-05
1939 5.993800e-05
1940 5.986982e-05
1941 5.980065e-05
1942 5.973048e-05
1943 5.965931e-05
1944 5.958714e-05
1945 5.951396e-05
1946 5.943977e-05
1947 5.936456e-05
1948 5.928834e-05
1949 5.921111e-05
1950 5.913285e-05
1951 5.905357e-05
1952 5.897326e-05
1953 5.889192e-05
1954 5.880955e-05
1955 5.872614e-05
1956 5.864171e-05
1957 5.855623e-05
1958 5.846971e-05
1959 5.838215e-05
1960 5.829354e-05
1961 5.820389e-05
1962 5.811319e-05
1963 5.802144e-05
1964 5.792864e-05
1965 5.783478e-05
1966 5.773987e-05
1967 5.764390e-05
1968 5.754688e-05
1969 5.744879e-05
1970 5.734965e-05
1971 5.724944e-05
1972 5.714817e-05
1973 5.704584e-05
1974 5.694244e-05
1975 5.683797e-05
1976 5.673244e-05
1977 5.662585e-05
1978 5.651818e-05
1979 5.640945e-05
1980 5.629965e-05
1981 5.618878e-05
1982 5.607684e-05
1983 5.596384e-05
1984 5.584976e-05
1985 5.573461e-05
1986 5.561840e-05
1987 5.550111e-05
1988 5.538276e-05
1989 5.526333e-05
1990 5.514284e-05
1991 5.502128e-05
1992 5.489866e-05
1993 5.477496e-05
1994 5.465021e-05
1995 5.452438e-05
1996 5.439750e-05
1997 5.426955e-05
1998 5.414053e-05
1999 5.401046e-05
2000 5.387933e-05
2001 5.374714e-05
