0 1.046539e-06
1 1.046539e-06
2 1.046539e-06
3 1.936274e-06
4 2.869832e-06
5 3.839517e-06
6 4.838399e-06
7 5.860273e-06
8 6.899623e-06
9 7.951590e-06
10 9.011932e-06
11 1.007699e-05
12 1.114365e-05
13 1.220931e-05
14 1.327185e-05
15 1.432956e-05
16 1.538117e-05
17 1.642575e-05
18 1.746271e-05
19 1.849175e-05
20 1.951283e-05
21 2.052613e-05
22 2.153202e-05
23 2.253102e-05
24 2.352376e-05
25 2.451094e-05
26 2.549331e-05
27 2.647164e-05
28 2.744664e-05
29 2.841897e-05
30 2.938919e-05
31 3.035772e-05
32 3.132480e-05
33 3.229045e-05
34 3.325449e-05
35 3.421651e-05
36 3.517594e-05
37 3.613211e-05
38 3.708423e-05
39 3.803150e-05
40 3.897311e-05
41 3.990831e-05
42 4.083641e-05
43 4.175686e-05
44 4.266927e-05
45 4.357339e-05
46 4.446911e-05
47 4.535646e-05
48 4.623556e-05
49 4.710663e-05
50 4.796999e-05
51 4.882600e-05
52 4.967507e-05
53 5.051768e-05
54 5.135429e-05
55 5.218538e-05
56 5.301143e-05
57 5.383284e-05
58 5.464999e-05
59 5.546316e-05
60 5.627254e-05
61 5.707819e-05
62 5.788005e-05
63 5.867790e-05
64 5.947133e-05
65 6.025983e-05
66 6.104277e-05
67 6.181950e-05
68 6.258937e-05
69 6.335175e-05
70 6.410612e-05
71 6.485209e-05
72 6.558946e-05
73 6.631823e-05
74 6.703866e-05
75 6.775124e-05
76 6.845659e-05
77 6.915548e-05
78 6.984871e-05
79 7.053711e-05
80 7.122144e-05
81 7.190240e-05
82 7.258052e-05
83 7.325612e-05
84 7.392931e-05
85 7.459997e-05
86 7.526782e-05
87 7.593244e-05
88 7.659331e-05
89 7.724987e-05
90 7.790152e-05
91 7.854770e-05
92 7.918792e-05
93 7.982177e-05
94 8.044898e-05
95 8.106941e-05
96 8.168303e-05
97 8.228989e-05
98 8.289013e-05
99 8.348395e-05
100 8.407158e-05
101 8.465330e-05
102 8.522939e-05
103 8.580013e-05
104 8.636577e-05
105 8.692657e-05
106 8.748274e-05
107 8.803449e-05
108 8.858202e-05
109 8.912548e-05
110 8.966505e-05
111 9.020087e-05
112 9.073305e-05
113 9.126173e-05
114 9.178700e-05
115 9.230896e-05
116 9.282768e-05
117 9.334325e-05
118 9.385571e-05
119 9.436513e-05
120 9.487156e-05
121 9.537502e-05
122 9.587556e-05
123 9.637320e-05
124 9.686798e-05
125 9.735990e-05
126 9.784898e-05
127 9.833525e-05
128 9.881871e-05
129 9.929938e-05
130 9.977728e-05
131 1.002524e-04
132 1.007248e-04
133 1.011945e-04
134 1.016614e-04
135 1.021257e-04
136 1.025873e-04
137 1.030463e-04
138 1.035028e-04
139 1.039566e-04
140 1.044080e-04
141 1.048570e-04
142 1.053035e-04
143 1.057476e-04
144 1.061895e-04
145 1.066290e-04
146 1.070664e-04
147 1.075016e-04
148 1.079347e-04
149 1.083658e-04
150 1.087950e-04
151 1.092222e-04
152 1.096476e-04
153 1.100712e-04
154 1.104931e-04
155 1.109134e-04
156 1.113321e-04
157 1.117493e-04
158 1.121651e-04
159 1.125796e-04
160 1.129928e-04
161 1.134048e-04
162 1.138156e-04
163 1.142254e-04
164 1.146342e-04
165 1.150422e-04
166 1.154493e-04
167 1.158556e-04
168 1.162613e-04
169 1.166663e-04
170 1.170708e-04
171 1.174749e-04
172 1.178786e-04
173 1.182820e-04
174 1.186851e-04
175 1.190880e-04
176 1.194909e-04
177 1.198937e-04
178 1.202965e-04
179 1.206995e-04
180 1.211026e-04
181 1.215059e-04
182 1.219095e-04
183 1.223135e-04
184 1.227178e-04
185 1.231227e-04
186 1.235280e-04
187 1.239339e-04
188 1.243405e-04
189 1.247477e-04
190 1.251556e-04
191 1.255643e-04
192 1.259738e-04
193 1.263841e-04
194 1.267953e-04
195 1.272074e-04
196 1.276205e-04
197 1.280345e-04
198 1.284495e-04
199 1.288656e-04
200 1.292827e-04
201 1.297008e-04
202 1.301201e-04
203 1.305405e-04
204 1.309620e-04
205 1.313846e-04
206 1.318084e-04
207 1.322333e-04
208 1.326594e-04
209 1.330867e-04
210 1.335152e-04
211 1.339449e-04
212 1.343758e-04
213 1.348080e-04
214 1.352413e-04
215 1.356759e-04
216 1.361117e-04
217 1.365487e-04
218 1.369870e-04
219 1.374266e-04
220 1.378674e-04
221 1.383095e-04
222 1.387528e-04
223 1.391974e-04
224 1.396433e-04
225 1.400905e-04
226 1.405390e-04
227 1.409888e-04
228 1.414399e-04
229 1.418923e-04
230 1.423461e-04
231 1.428012e-04
232 1.432577e-04
233 1.437155e-04
234 1.441746e-04
235 1.446352e-04
236 1.450971e-04
237 1.455604e-04
238 1.460251e-04
239 1.464912e-04
240 1.469586e-04
241 1.474275e-04
242 1.478977e-04
243 1.483694e-04
244 1.488424e-04
245 1.493168e-04
246 1.497926e-04
247 1.502698e-04
248 1.507483e-04
249 1.512282e-04
250 1.517094e-04
251 1.521919e-04
252 1.526758e-04
253 1.531609e-04
254 1.536473e-04
255 1.541350e-04
256 1.546238e-04
257 1.551139e-04
258 1.556051e-04
259 1.560974e-04
260 1.565908e-04
261 1.570852e-04
262 1.575807e-04
263 1.580771e-04
264 1.585745e-04
265 1.590728e-04
266 1.595719e-04
267 1.600718e-04
268 1.605724e-04
269 1.610738e-04
270 1.615758e-04
271 1.620784e-04
272 1.625816e-04
273 1.630853e-04
274 1.635894e-04
275 1.640940e-04
276 1.645988e-04
277 1.651040e-04
278 1.656094e-04
279 1.661150e-04
280 1.666208e-04
281 1.671266e-04
282 1.676324e-04
283 1.681382e-04
284 1.686439e-04
285 1.691495e-04
286 1.696548e-04
287 1.701599e-04
288 1.706648e-04
289 1.711692e-04
290 1.716733e-04
291 1.721769e-04
292 1.726800e-04
293 1.731825e-04
294 1.736844e-04
295 1.741857e-04
296 1.746862e-04
297 1.751860e-04
298 1.756850e-04
299 1.761832e-04
300 1.766805e-04
301 1.771768e-04
302 1.776722e-04
303 1.781666e-04
304 1.786599e-04
305 1.791522e-04
306 1.796433e-04
307 1.801333e-04
308 1.806221e-04
309 1.811096e-04
310 1.815960e-04
311 1.820810e-04
312 1.825648e-04
313 1.830472e-04
314 1.835283e-04
315 1.840081e-04
316 1.844865e-04
317 1.849635e-04
318 1.854390e-04
319 1.859132e-04
320 1.863859e-04
321 1.868572e-04
322 1.873270e-04
323 1.877954e-04
324 1.882623e-04
325 1.887277e-04
326 1.891916e-04
327 1.896540e-04
328 1.901149e-04
329 1.905743e-04
330 1.910321e-04
331 1.914884e-04
332 1.919431e-04
333 1.923962e-04
334 1.928478e-04
335 1.932977e-04
336 1.937460e-04
337 1.941927e-04
338 1.946376e-04
339 1.950809e-04
340 1.955225e-04
341 1.959623e-04
342 1.964003e-04
343 1.968365e-04
344 1.972708e-04
345 1.977032e-04
346 1.981337e-04
347 1.985621e-04
348 1.989886e-04
349 1.994129e-04
350 1.998351e-04
351 2.002551e-04
352 2.006729e-04
353 2.010883e-04
354 2.015014e-04
355 2.019121e-04
356 2.023204e-04
357 2.027261e-04
358 2.031293e-04
359 2.035299e-04
360 2.039278e-04
361 2.043230e-04
362 2.047155e-04
363 2.051052e-04
364 2.054921e-04
365 2.058761e-04
366 2.062572e-04
367 2.066354e-04
368 2.070107e-04
369 2.073829e-04
370 2.077523e-04
371 2.081186e-04
372 2.084819e-04
373 2.088422e-04
374 2.091996e-04
375 2.095539e-04
376 2.099053e-04
377 2.102538e-04
378 2.105993e-04
379 2.109420e-04
380 2.112817e-04
381 2.116187e-04
382 2.119529e-04
383 2.122843e-04
384 2.126131e-04
385 2.129392e-04
386 2.132628e-04
387 2.135838e-04
388 2.139023e-04
389 2.142185e-04
390 2.145323e-04
391 2.148438e-04
392 2.151531e-04
393 2.154602e-04
394 2.157653e-04
395 2.160683e-04
396 2.163694e-04
397 2.166685e-04
398 2.169659e-04
399 2.172614e-04
400 2.175553e-04
401 2.178476e-04
402 2.181383e-04
403 2.184274e-04
404 2.187151e-04
405 2.190014e-04
406 2.192864e-04
407 2.195701e-04
408 2.198525e-04
409 2.201338e-04
410 2.204139e-04
411 2.206929e-04
412 2.209708e-04
413 2.212478e-04
414 2.215238e-04
415 2.217988e-04
416 2.220729e-04
417 2.223462e-04
418 2.226187e-04
419 2.228903e-04
420 2.231612e-04
421 2.234314e-04
422 2.237009e-04
423 2.239696e-04
424 2.242377e-04
425 2.245052e-04
426 2.247720e-04
427 2.250382e-04
428 2.253039e-04
429 2.255689e-04
430 2.258334e-04
431 2.260974e-04
432 2.263608e-04
433 2.266236e-04
434 2.268860e-04
435 2.271478e-04
436 2.274091e-04
437 2.276699e-04
438 2.279302e-04
439 2.281899e-04
440 2.284492e-04
441 2.287079e-04
442 2.289661e-04
443 2.292238e-04
444 2.294810e-04
445 2.297377e-04
446 2.299939e-04
447 2.302496e-04
448 2.305047e-04
449 2.307594e-04
450 2.310136e-04
451 2.312673e-04
452 2.315205e-04
453 2.317733e-04
454 2.320257e-04
455 2.322776e-04
456 2.325291e-04
457 2.327802e-04
458 2.330310e-04
459 2.332815e-04
460 2.335317e-04
461 2.337816e-04
462 2.340313e-04
463 2.342809e-04
464 2.345304e-04
465 2.347797e-04
466 2.350291e-04
467 2.352786e-04
468 2.355282e-04
469 2.357779e-04
470 2.360279e-04
471 2.362783e-04
472 2.365290e-04
473 2.367803e-04
474 2.370320e-04
475 2.372844e-04
476 2.375375e-04
477 2.377913e-04
478 2.380460e-04
479 2.383016e-04
480 2.385582e-04
481 2.388158e-04
482 2.390745e-04
483 2.393344e-04
484 2.395955e-04
485 2.398579e-04
486 2.401217e-04
487 2.403868e-04
488 2.406534e-04
489 2.409214e-04
490 2.411910e-04
491 2.414621e-04
492 2.417347e-04
493 2.420089e-04
494 2.422847e-04
495 2.425620e-04
496 2.428410e-04
497 2.431215e-04
498 2.434035e-04
499 2.436871e-04
500 2.439722e-04
501 2.442588e-04
502 2.445468e-04
503 2.448362e-04
504 2.451270e-04
505 2.454191e-04
506 2.457125e-04
507 2.460071e-04
508 2.463029e-04
509 2.465998e-04
510 2.468978e-04
511 2.471968e-04
512 2.474968e-04
513 2.477976e-04
514 2.480993e-04
515 2.484018e-04
516 2.487050e-04
517 2.490089e-04
518 2.493134e-04
519 2.496185e-04
520 2.499241e-04
521 2.502301e-04
522 2.505366e-04
523 2.508435e-04
524 2.511506e-04
525 2.514581e-04
526 2.517659e-04
527 2.520738e-04
528 2.523820e-04
529 2.526903e-04
530 2.529988e-04
531 2.533074e-04
532 2.536161e-04
533 2.539249e-04
534 2.542338e-04
535 2.545427e-04
536 2.548516e-04
537 2.551606e-04
538 2.554695e-04
539 2.557785e-04
540 2.560874e-04
541 2.563963e-04
542 2.567051e-04
543 2.570139e-04
544 2.573227e-04
545 2.576313e-04
546 2.579399e-04
547 2.582484e-04
548 2.585567e-04
549 2.588650e-04
550 2.591731e-04
551 2.594810e-04
552 2.597888e-04
553 2.600964e-04
554 2.604038e-04
555 2.607110e-04
556 2.610179e-04
557 2.613245e-04
558 2.616309e-04
559 2.619370e-04
560 2.622427e-04
561 2.625480e-04
562 2.628529e-04
563 2.631574e-04
564 2.634614e-04
565 2.637650e-04
566 2.640680e-04
567 2.643704e-04
568 2.646722e-04
569 2.649734e-04
570 2.652739e-04
571 2.655737e-04
572 2.658727e-04
573 2.661709e-04
574 2.664683e-04
575 2.667648e-04
576 2.670604e-04
577 2.673550e-04
578 2.676486e-04
579 2.679411e-04
580 2.682325e-04
581 2.685228e-04
582 2.688118e-04
583 2.690996e-04
584 2.693861e-04
585 2.696713e-04
586 2.699550e-04
587 2.702373e-04
588 2.705181e-04
589 2.707973e-04
590 2.710749e-04
591 2.713509e-04
592 2.716251e-04
593 2.718976e-04
594 2.721683e-04
595 2.724371e-04
596 2.727040e-04
597 2.729689e-04
598 2.732318e-04
599 2.734926e-04
600 2.737512e-04
601 2.740077e-04
602 2.742619e-04
603 2.745139e-04
604 2.747635e-04
605 2.750106e-04
606 2.752553e-04
607 2.754975e-04
608 2.757372e-04
609 2.759742e-04
610 2.762085e-04
611 2.764402e-04
612 2.766690e-04
613 2.768950e-04
614 2.771182e-04
615 2.773384e-04
616 2.775556e-04
617 2.777698e-04
618 2.779809e-04
619 2.781889e-04
620 2.783937e-04
621 2.785953e-04
622 2.787936e-04
623 2.789886e-04
624 2.791802e-04
625 2.793684e-04
626 2.795532e-04
627 2.797344e-04
628 2.799122e-04
629 2.800863e-04
630 2.802568e-04
631 2.804236e-04
632 2.805867e-04
633 2.807461e-04
634 2.809017e-04
635 2.810534e-04
636 2.812013e-04
637 2.813454e-04
638 2.814855e-04
639 2.816216e-04
640 2.817537e-04
641 2.818819e-04
642 2.820059e-04
643 2.821259e-04
644 2.822418e-04
645 2.823536e-04
646 2.824613e-04
647 2.825647e-04
648 2.826640e-04
649 2.827590e-04
650 2.828498e-04
651 2.829364e-04
652 2.830187e-04
653 2.830968e-04
654 2.831705e-04
655 2.832400e-04
656 2.833051e-04
657 2.833660e-04
658 2.834225e-04
659 2.834747e-04
660 2.835226e-04
661 2.835661e-04
662 2.836054e-04
663 2.836403e-04
664 2.836709e-04
665 2.836972e-04
666 2.837191e-04
667 2.837368e-04
668 2.837502e-04
669 2.837593e-04
670 2.837641e-04
671 2.837646e-04
672 2.837610e-04
673 2.837530e-04
674 2.837409e-04
675 2.837246e-04
676 2.837041e-04
677 2.836795e-04
678 2.836507e-04
679 2.836178e-04
680 2.835808e-04
681 2.835397e-04
682 2.834946e-04
683 2.834455e-04
684 2.833924e-04
685 2.833354e-04
686 2.832744e-04
687 2.832095e-04
688 2.831407e-04
689 2.830682e-04
690 2.829918e-04
691 2.829116e-04
692 2.828278e-04
693 2.827402e-04
694 2.826489e-04
695 2.825541e-04
696 2.824557e-04
697 2.823537e-04
698 2.822482e-04
699 2.821393e-04
700 2.820269e-04
701 2.819112e-04
702 2.817921e-04
703 2.816698e-04
704 2.815442e-04
705 2.814154e-04
706 2.812834e-04
707 2.811483e-04
708 2.810102e-04
709 2.808691e-04
710 2.807249e-04
711 2.805779e-04
712 2.804280e-04
713 2.802753e-04
714 2.801198e-04
715 2.799616e-04
716 2.798007e-04
717 2.796372e-04
718 2.794712e-04
719 2.793026e-04
720 2.791316e-04
721 2.789582e-04
722 2.787824e-04
723 2.786043e-04
724 2.784239e-04
725 2.782414e-04
726 2.780568e-04
727 2.778700e-04
728 2.776812e-04
729 2.774905e-04
730 2.772978e-04
731 2.771033e-04
732 2.769069e-04
733 2.767088e-04
734 2.765090e-04
735 2.763076e-04
736 2.761046e-04
737 2.759000e-04
738 2.756940e-04
739 2.754866e-04
740 2.752778e-04
741 2.750677e-04
742 2.748563e-04
743 2.746438e-04
744 2.744301e-04
745 2.742154e-04
746 2.739996e-04
747 2.737828e-04
748 2.735651e-04
749 2.733466e-04
750 2.731273e-04
751 2.729072e-04
752 2.726864e-04
753 2.724650e-04
754 2.722429e-04
755 2.720204e-04
756 2.717974e-04
757 2.715739e-04
758 2.713501e-04
759 2.711259e-04
760 2.709015e-04
761 2.706768e-04
762 2.704520e-04
763 2.702271e-04
764 2.700021e-04
765 2.697771e-04
766 2.695521e-04
767 2.693272e-04
768 2.691025e-04
769 2.688779e-04
770 2.686535e-04
771 2.684295e-04
772 2.682057e-04
773 2.679824e-04
774 2.677594e-04
775 2.675370e-04
776 2.673150e-04
777 2.670936e-04
778 2.668728e-04
779 2.666526e-04
780 2.664331e-04
781 2.662144e-04
782 2.659964e-04
783 2.657793e-04
784 2.655630e-04
785 2.653476e-04
786 2.651332e-04
787 2.649197e-04
788 2.647073e-04
789 2.644959e-04
790 2.642856e-04
791 2.640764e-04
792 2.638684e-04
793 2.636616e-04
794 2.634561e-04
795 2.632518e-04
796 2.630488e-04
797 2.628472e-04
798 2.626469e-04
799 2.624481e-04
800 2.622506e-04
801 2.620547e-04
802 2.618602e-04
803 2.616673e-04
804 2.614759e-04
805 2.612861e-04
806 2.610980e-04
807 2.609114e-04
808 2.607265e-04
809 2.605433e-04
810 2.603618e-04
811 2.601820e-04
812 2.600040e-04
813 2.598277e-04
814 2.596533e-04
815 2.594806e-04
816 2.593098e-04
817 2.591408e-04
818 2.589737e-04
819 2.588084e-04
820 2.586451e-04
821 2.584836e-04
822 2.583241e-04
823 2.581665e-04
824 2.580108e-04
825 2.578571e-04
826 2.577053e-04
827 2.575555e-04
828 2.574077e-04
829 2.572619e-04
830 2.571181e-04
831 2.569762e-04
832 2.568363e-04
833 2.566984e-04
834 2.565626e-04
835 2.564287e-04
836 2.562968e-04
837 2.561669e-04
838 2.560389e-04
839 2.559130e-04
840 2.557890e-04
841 2.556670e-04
842 2.555470e-04
843 2.554289e-04
844 2.553127e-04
845 2.551985e-04
846 2.550862e-04
847 2.549758e-04
848 2.548673e-04
849 2.547606e-04
850 2.546558e-04
851 2.545529e-04
852 2.544517e-04
853 2.543524e-04
854 2.542548e-04
855 2.541590e-04
856 2.540648e-04
857 2.539724e-04
858 2.538817e-04
859 2.537925e-04
860 2.537050e-04
861 2.536191e-04
862 2.535347e-04
863 2.534519e-04
864 2.533705e-04
865 2.532905e-04
866 2.532120e-04
867 2.531349e-04
868 2.530591e-04
869 2.529846e-04
870 2.529113e-04
871 2.528393e-04
872 2.527684e-04
873 2.526988e-04
874 2.526302e-04
875 2.525626e-04
876 2.524961e-04
877 2.524305e-04
878 2.523659e-04
879 2.523022e-04
880 2.522393e-04
881 2.521772e-04
882 2.521158e-04
883 2.520552e-04
884 2.519952e-04
885 2.519358e-04
886 2.518770e-04
887 2.518187e-04
888 2.517608e-04
889 2.517034e-04
890 2.516464e-04
891 2.515896e-04
892 2.515332e-04
893 2.514769e-04
894 2.514209e-04
895 2.513650e-04
896 2.513091e-04
897 2.512533e-04
898 2.511975e-04
899 2.511416e-04
900 2.510855e-04
901 2.510294e-04
902 2.509730e-04
903 2.509163e-04
904 2.508594e-04
905 2.508021e-04
906 2.507444e-04
907 2.506862e-04
908 2.506275e-04
909 2.505683e-04
910 2.505085e-04
911 2.504481e-04
912 2.503870e-04
913 2.503252e-04
914 2.502626e-04
915 2.501992e-04
916 2.501350e-04
917 2.500698e-04
918 2.500038e-04
919 2.499367e-04
920 2.498686e-04
921 2.497995e-04
922 2.497293e-04
923 2.496579e-04
924 2.495854e-04
925 2.495116e-04
926 2.494366e-04
927 2.493604e-04
928 2.492828e-04
929 2.492039e-04
930 2.491236e-04
931 2.490419e-04
932 2.489587e-04
933 2.488741e-04
934 2.487880e-04
935 2.487004e-04
936 2.486113e-04
937 2.485205e-04
938 2.484282e-04
939 2.483343e-04
940 2.482387e-04
941 2.481415e-04
942 2.480426e-04
943 2.479420e-04
944 2.478397e-04
945 2.477357e-04
946 2.476300e-04
947 2.475225e-04
948 2.474133e-04
949 2.473023e-04
950 2.471896e-04
951 2.470751e-04
952 2.469589e-04
953 2.468408e-04
954 2.467210e-04
955 2.465995e-04
956 2.464761e-04
957 2.463511e-04
958 2.462242e-04
959 2.460957e-04
960 2.459654e-04
961 2.458333e-04
962 2.456996e-04
963 2.455642e-04
964 2.454271e-04
965 2.452884e-04
966 2.451480e-04
967 2.450060e-04
968 2.448623e-04
969 2.447172e-04
970 2.445704e-04
971 2.444221e-04
972 2.442724e-04
973 2.441211e-04
974 2.439684e-04
975 2.438143e-04
976 2.436588e-04
977 2.435019e-04
978 2.433437e-04
979 2.431843e-04
980 2.430235e-04
981 2.428615e-04
982 2.426984e-04
983 2.425341e-04
984 2.423686e-04
985 2.422021e-04
986 2.420346e-04
987 2.418660e-04
988 2.416965e-04
989 2.415261e-04
990 2.413548e-04
991 2.411826e-04
992 2.410097e-04
993 2.408360e-04
994 2.406615e-04
995 2.404865e-04
996 2.403107e-04
997 2.401345e-04
998 2.399576e-04
999 2.397803e-04
1000 2.396026e-04
1001 2.394244e-04
1002 2.392459e-04
1003 2.390671e-04
1004 2.388880e-04
1005 2.387087e-04
1006 2.385292e-04
1007 2.383496e-04
1008 2.381699e-04
1009 2.379902e-04
1010 2.378105e-04
1011 2.376309e-04
1012 2.374513e-04
1013 2.372720e-04
1014 2.370928e-04
1015 2.369138e-04
1016 2.367352e-04
1017 2.365569e-04
1018 2.363789e-04
1019 2.362014e-04
1020 2.360243e-04
1021 2.358478e-04
1022 2.356718e-04
1023 2.354964e-04
1024 2.353216e-04
1025 2.351476e-04
1026 2.349742e-04
1027 2.348016e-04
1028 2.346298e-04
1029 2.344589e-04
1030 2.342888e-04
1031 2.341197e-04
1032 2.339515e-04
1033 2.337843e-04
1034 2.336181e-04
1035 2.334530e-04
1036 2.332890e-04
1037 2.331262e-04
1038 2.329645e-04
1039 2.328040e-04
1040 2.326447e-04
1041 2.324867e-04
1042 2.323300e-04
1043 2.321746e-04
1044 2.320205e-04
1045 2.318678e-04
1046 2.317165e-04
1047 2.315666e-04
1048 2.314182e-04
1049 2.312712e-04
1050 2.311257e-04
1051 2.309817e-04
1052 2.308392e-04
1053 2.306982e-04
1054 2.305587e-04
1055 2.304209e-04
1056 2.302846e-04
1057 2.301498e-04
1058 2.300167e-04
1059 2.298851e-04
1060 2.297552e-04
1061 2.296269e-04
1062 2.295001e-04
1063 2.293750e-04
1064 2.292515e-04
1065 2.291296e-04
1066 2.290093e-04
1067 2.288906e-04
1068 2.287736e-04
1069 2.286581e-04
1070 2.285442e-04
1071 2.284320e-04
1072 2.283213e-04
1073 2.282122e-04
1074 2.281046e-04
1075 2.279986e-04
1076 2.278941e-04
1077 2.277912e-04
1078 2.276898e-04
1079 2.275899e-04
1080 2.274915e-04
1081 2.273945e-04
1082 2.272990e-04
1083 2.272050e-04
1084 2.271123e-04
1085 2.270211e-04
1086 2.269312e-04
1087 2.268427e-04
1088 2.267555e-04
1089 2.266696e-04
1090 2.265850e-04
1091 2.265017e-04
1092 2.264196e-04
1093 2.263387e-04
1094 2.262590e-04
1095 2.261805e-04
1096 2.261031e-04
1097 2.260268e-04
1098 2.259515e-04
1099 2.258773e-04
1100 2.258042e-04
1101 2.257320e-04
1102 2.256608e-04
1103 2.255905e-04
1104 2.255210e-04
1105 2.254525e-04
1106 2.253848e-04
1107 2.253178e-04
1108 2.252517e-04
1109 2.251862e-04
1110 2.251215e-04
1111 2.250574e-04
1112 2.249939e-04
1113 2.249310e-04
1114 2.248687e-04
1115 2.248069e-04
1116 2.247455e-04
1117 2.246846e-04
1118 2.246242e-04
1119 2.245640e-04
1120 2.245043e-04
1121 2.244448e-04
1122 2.243856e-04
1123 2.243266e-04
1124 2.242678e-04
1125 2.242091e-04
1126 2.241506e-04
1127 2.240921e-04
1128 2.240337e-04
1129 2.239752e-04
1130 2.239168e-04
1131 2.238582e-04
1132 2.237996e-04
1133 2.237407e-04
1134 2.236817e-04
1135 2.236225e-04
1136 2.235630e-04
1137 2.235032e-04
1138 2.234431e-04
1139 2.233826e-04
1140 2.233217e-04
1141 2.232604e-04
1142 2.231985e-04
1143 2.231362e-04
1144 2.230733e-04
1145 2.230098e-04
1146 2.229457e-04
1147 2.228809e-04
1148 2.228155e-04
1149 2.227493e-04
1150 2.226823e-04
1151 2.226146e-04
1152 2.225460e-04
1153 2.224766e-04
1154 2.224063e-04
1155 2.223351e-04
1156 2.222629e-04
1157 2.221898e-04
1158 2.221156e-04
1159 2.220404e-04
1160 2.219641e-04
1161 2.218867e-04
1162 2.218082e-04
1163 2.217285e-04
1164 2.216477e-04
1165 2.215656e-04
1166 2.214823e-04
1167 2.213978e-04
1168 2.213119e-04
1169 2.212248e-04
1170 2.211363e-04
1171 2.210464e-04
1172 2.209552e-04
1173 2.208625e-04
1174 2.207684e-04
1175 2.206728e-04
1176 2.205758e-04
1177 2.204773e-04
1178 2.203772e-04
1179 2.202756e-04
1180 2.201724e-04
1181 2.200677e-04
1182 2.199613e-04
1183 2.198533e-04
1184 2.197437e-04
1185 2.196323e-04
1186 2.195194e-04
1187 2.194047e-04
1188 2.192883e-04
1189 2.191701e-04
1190 2.190502e-04
1191 2.189285e-04
1192 2.188051e-04
1193 2.186798e-04
1194 2.185527e-04
1195 2.184238e-04
1196 2.182930e-04
1197 2.181604e-04
1198 2.180259e-04
1199 2.178895e-04
1200 2.177512e-04
1201 2.176110e-04
1202 2.174688e-04
1203 2.173247e-04
1204 2.171787e-04
1205 2.170307e-04
1206 2.168807e-04
1207 2.167287e-04
1208 2.165747e-04
1209 2.164187e-04
1210 2.162607e-04
1211 2.161007e-04
1212 2.159386e-04
1213 2.157745e-04
1214 2.156083e-04
1215 2.154400e-04
1216 2.152697e-04
1217 2.150973e-04
1218 2.149228e-04
1219 2.147463e-04
1220 2.145676e-04
1221 2.143868e-04
1222 2.142039e-04
1223 2.140189e-04
1224 2.138317e-04
1225 2.136425e-04
1226 2.134511e-04
1227 2.132575e-04
1228 2.130618e-04
1229 2.128640e-04
1230 2.126640e-04
1231 2.124618e-04
1232 2.122576e-04
1233 2.120511e-04
1234 2.118425e-04
1235 2.116317e-04
1236 2.114187e-04
1237 2.112036e-04
1238 2.109863e-04
1239 2.107669e-04
1240 2.105452e-04
1241 2.103214e-04
1242 2.100955e-04
1243 2.098673e-04
1244 2.096370e-04
1245 2.094045e-04
1246 2.091699e-04
1247 2.089330e-04
1248 2.086940e-04
1249 2.084529e-04
1250 2.082096e-04
1251 2.079641e-04
1252 2.077164e-04
1253 2.074666e-04
1254 2.072147e-04
1255 2.069606e-04
1256 2.067043e-04
1257 2.064459e-04
1258 2.061854e-04
1259 2.059227e-04
1260 2.056579e-04
1261 2.053910e-04
1262 2.051220e-04
1263 2.048508e-04
1264 2.045775e-04
1265 2.043021e-04
1266 2.040247e-04
1267 2.037451e-04
1268 2.034634e-04
1269 2.031797e-04
1270 2.028939e-04
1271 2.026060e-04
1272 2.023161e-04
1273 2.020241e-04
1274 2.017300e-04
1275 2.014340e-04
1276 2.011359e-04
1277 2.008357e-04
1278 2.005336e-04
1279 2.002295e-04
1280 1.999233e-04
1281 1.996152e-04
1282 1.993051e-04
1283 1.989930e-04
1284 1.986790e-04
1285 1.983630e-04
1286 1.980451e-04
1287 1.977253e-04
1288 1.974035e-04
1289 1.970798e-04
1290 1.967542e-04
1291 1.964268e-04
1292 1.960975e-04
1293 1.957663e-04
1294 1.954332e-04
1295 1.950983e-04
1296 1.947616e-04
1297 1.944231e-04
1298 1.940827e-04
1299 1.937406e-04
1300 1.933966e-04
1301 1.930510e-04
1302 1.927035e-04
1303 1.923543e-04
1304 1.920034e-04
1305 1.916508e-04
1306 1.912964e-04
1307 1.909404e-04
1308 1.905827e-04
1309 1.902233e-04
1310 1.898623e-04
1311 1.894996e-04
1312 1.891353e-04
1313 1.887694e-04
1314 1.884020e-04
1315 1.880329e-04
1316 1.876623e-04
1317 1.872901e-04
1318 1.869164e-04
1319 1.865412e-04
1320 1.861644e-04
1321 1.857862e-04
1322 1.854065e-04
1323 1.850254e-04
1324 1.846428e-04
1325 1.842588e-04
1326 1.838733e-04
1327 1.834865e-04
1328 1.830983e-04
1329 1.827087e-04
1330 1.823178e-04
1331 1.819256e-04
1332 1.815320e-04
1333 1.811372e-04
1334 1.807410e-04
1335 1.803436e-04
1336 1.799450e-04
1337 1.795451e-04
1338 1.791440e-04
1339 1.787417e-04
1340 1.783383e-04
1341 1.779337e-04
1342 1.775279e-04
1343 1.771210e-04
1344 1.767130e-04
1345 1.763039e-04
1346 1.758937e-04
1347 1.754825e-04
1348 1.750702e-04
1349 1.746569e-04
1350 1.742426e-04
1351 1.738273e-04
1352 1.734111e-04
1353 1.729939e-04
1354 1.725758e-04
1355 1.721567e-04
1356 1.717368e-04
1357 1.713160e-04
1358 1.708943e-04
1359 1.704718e-04
1360 1.700484e-04
1361 1.696243e-04
1362 1.691994e-04
1363 1.687737e-04
1364 1.683472e-04
1365 1.679201e-04
1366 1.674922e-04
1367 1.670636e-04
1368 1.666344e-04
1369 1.662045e-04
1370 1.657739e-04
1371 1.653428e-04
1372 1.649110e-04
1373 1.644787e-04
1374 1.640458e-04
1375 1.636123e-04
1376 1.631784e-04
1377 1.627439e-04
1378 1.623089e-04
1379 1.618735e-04
1380 1.614376e-04
1381 1.610013e-04
1382 1.605646e-04
1383 1.601275e-04
1384 1.596900e-04
1385 1.592522e-04
1386 1.588140e-04
1387 1.583755e-04
1388 1.579368e-04
1389 1.574977e-04
1390 1.570584e-04
1391 1.566188e-04
1392 1.561790e-04
1393 1.557390e-04
1394 1.552988e-04
1395 1.548585e-04
1396 1.544180e-04
1397 1.539773e-04
1398 1.535366e-04
1399 1.530957e-04
1400 1.526548e-04
1401 1.522139e-04
1402 1.517728e-04
1403 1.513318e-04
1404 1.508908e-04
1405 1.504498e-04
1406 1.500088e-04
1407 1.495679e-04
1408 1.491270e-04
1409 1.486862e-04
1410 1.482456e-04
1411 1.478050e-04
1412 1.473646e-04
1413 1.469244e-04
1414 1.464843e-04
1415 1.460445e-04
1416 1.456048e-04
1417 1.451654e-04
1418 1.447263e-04
1419 1.442874e-04
1420 1.438487e-04
1421 1.434104e-04
1422 1.429724e-04
1423 1.425348e-04
1424 1.420974e-04
1425 1.416605e-04
1426 1.412239e-04
1427 1.407878e-04
1428 1.403520e-04
1429 1.399167e-04
1430 1.394819e-04
1431 1.390475e-04
1432 1.386136e-04
1433 1.381802e-04
1434 1.377473e-04
1435 1.373150e-04
1436 1.368832e-04
1437 1.364519e-04
1438 1.360213e-04
1439 1.355912e-04
1440 1.351618e-04
1441 1.347330e-04
1442 1.343048e-04
1443 1.338772e-04
1444 1.334504e-04
1445 1.330242e-04
1446 1.325987e-04
1447 1.321740e-04
1448 1.317500e-04
1449 1.313267e-04
1450 1.309042e-04
1451 1.304824e-04
1452 1.300614e-04
1453 1.296413e-04
1454 1.292219e-04
1455 1.288034e-04
1456 1.283857e-04
1457 1.279689e-04
1458 1.275529e-04
1459 1.271378e-04
1460 1.267236e-04
1461 1.263103e-04
1462 1.258979e-04
1463 1.254865e-04
1464 1.250760e-04
1465 1.246664e-04
1466 1.242578e-04
1467 1.238502e-04
1468 1.234436e-04
1469 1.230380e-04
1470 1.226334e-04
1471 1.222298e-04
1472 1.218272e-04
1473 1.214257e-04
1474 1.210253e-04
1475 1.206259e-04
1476 1.202276e-04
1477 1.198303e-04
1478 1.194342e-04
1479 1.190392e-04
1480 1.186453e-04
1481 1.182525e-04
1482 1.178609e-04
1483 1.174704e-04
1484 1.170811e-04
1485 1.166929e-04
1486 1.163059e-04
1487 1.159201e-04
1488 1.155355e-04
1489 1.151521e-04
1490 1.147699e-04
1491 1.143889e-04
1492 1.140092e-04
1493 1.136306e-04
1494 1.132534e-04
1495 1.128774e-04
1496 1.125026e-04
1497 1.121291e-04
1498 1.117569e-04
1499 1.113860e-04
1500 1.110164e-04
1501 1.106480e-04
1502 1.102810e-04
1503 1.099153e-04
1504 1.095509e-04
1505 1.091878e-04
1506 1.088261e-04
1507 1.084657e-04
1508 1.081067e-04
1509 1.077490e-04
1510 1.073927e-04
1511 1.070377e-04
1512 1.066841e-04
1513 1.063319e-04
1514 1.059811e-04
1515 1.056317e-04
1516 1.052836e-04
1517 1.049370e-04
1518 1.045918e-04
1519 1.042480e-04
1520 1.039056e-04
1521 1.035646e-04
1522 1.032251e-04
1523 1.028869e-04
1524 1.025503e-04
1525 1.022150e-04
1526 1.018812e-04
1527 1.015489e-04
1528 1.012180e-04
1529 1.008886e-04
1530 1.005606e-04
1531 1.002342e-04
1532 9.990913e-05
1533 9.958559e-05
1534 9.926352e-05
1535 9.894293e-05
1536 9.862383e-05
1537 9.830622e-05
1538 9.799010e-05
1539 9.767548e-05
1540 9.736236e-05
1541 9.705073e-05
1542 9.674061e-05
1543 9.643200e-05
1544 9.612489e-05
1545 9.581930e-05
1546 9.551522e-05
1547 9.521266e-05
1548 9.491162e-05
1549 9.461210e-05
1550 9.431410e-05
1551 9.401762e-05
1552 9.372267e-05
1553 9.342925e-05
1554 9.313736e-05
1555 9.284700e-05
1556 9.255818e-05
1557 9.227088e-05
1558 9.198513e-05
1559 9.170090e-05
1560 9.141822e-05
1561 9.113707e-05
1562 9.085747e-05
1563 9.057940e-05
1564 9.030288e-05
1565 9.002789e-05
1566 8.975445e-05
1567 8.948255e-05
1568 8.921219e-05
1569 8.894337e-05
1570 8.867610e-05
1571 8.841037e-05
1572 8.814618e-05
1573 8.788353e-05
1574 8.762243e-05
1575 8.736286e-05
1576 8.710484e-05
1577 8.684836e-05
1578 8.659342e-05
1579 8.634002e-05
1580 8.608815e-05
1581 8.583783e-05
1582 8.558904e-05
1583 8.534179e-05
1584 8.509607e-05
1585 8.485188e-05
1586 8.460923e-05
1587 8.436811e-05
1588 8.412852e-05
1589 8.389045e-05
1590 8.365392e-05
1591 8.341890e-05
1592 8.318541e-05
1593 8.295344e-05
1594 8.272299e-05
1595 8.249405e-05
1596 8.226663e-05
1597 8.204073e-05
1598 8.181633e-05
1599 8.159344e-05
1600 8.137206e-05
1601 8.115218e-05
1602 8.093380e-05
1603 8.071691e-05
1604 8.050153e-05
1605 8.028763e-05
1606 8.007523e-05
1607 7.986431e-05
1608 7.965487e-05
1609 7.944692e-05
1610 7.924044e-05
1611 7.903544e-05
1612 7.883190e-05
1613 7.862984e-05
1614 7.842924e-05
1615 7.823009e-05
1616 7.803241e-05
1617 7.783618e-05
1618 7.764139e-05
1619 7.744806e-05
1620 7.725616e-05
1621 7.706570e-05
1622 7.687668e-05
1623 7.668908e-05
1624 7.650291e-05
1625 7.631817e-05
1626 7.613484e-05
1627 7.595292e-05
1628 7.577241e-05
1629 7.559330e-05
1630 7.541559e-05
1631 7.523928e-05
1632 7.506436e-05
1633 7.489082e-05
1634 7.471866e-05
1635 7.454788e-05
1636 7.437847e-05
1637 7.421043e-05
1638 7.404374e-05
1639 7.387841e-05
1640 7.371443e-05
1641 7.355180e-05
1642 7.339051e-05
1643 7.323055e-05
1644 7.307192e-05
1645 7.291462e-05
1646 7.275863e-05
1647 7.260395e-05
1648 7.245059e-05
1649 7.229852e-05
1650 7.214775e-05
1651 7.199827e-05
1652 7.185007e-05
1653 7.170316e-05
1654 7.155751e-05
1655 7.141313e-05
1656 7.127001e-05
1657 7.112815e-05
1658 7.098753e-05
1659 7.084815e-05
1660 7.071002e-05
1661 7.057310e-05
1662 7.043742e-05
1663 7.030295e-05
1664 7.016968e-05
1665 7.003763e-05
1666 6.990677e-05
1667 6.977710e-05
1668 6.964861e-05
1669 6.952130e-05
1670 6.939516e-05
1671 6.927018e-05
1672 6.914636e-05
1673 6.902369e-05
1674 6.890217e-05
1675 6.878178e-05
1676 6.866252e-05
1677 6.854438e-05
1678 6.842735e-05
1679 6.831143e-05
1680 6.819661e-05
1681 6.808289e-05
1682 6.797025e-05
1683 6.785869e-05
1684 6.774820e-05
1685 6.763878e-05
1686 6.753041e-05
1687 6.742309e-05
1688 6.731682e-05
1689 6.721157e-05
1690 6.710735e-05
1691 6.700416e-05
1692 6.690197e-05
1693 6.680079e-05
1694 6.670060e-05
1695 6.660140e-05
1696 6.650318e-05
1697 6.640593e-05
1698 6.630965e-05
1699 6.621432e-05
1700 6.611994e-05
1701 6.602651e-05
1702 6.593400e-05
1703 6.584242e-05
1704 6.575176e-05
1705 6.566200e-05
1706 6.557315e-05
1707 6.548519e-05
1708 6.539811e-05
1709 6.531191e-05
1710 6.522658e-05
1711 6.514210e-05
1712 6.505848e-05
1713 6.497570e-05
1714 6.489375e-05
1715 6.481263e-05
1716 6.473233e-05
1717 6.465283e-05
1718 6.457414e-05
1719 6.449624e-05
1720 6.441913e-05
1721 6.434278e-05
1722 6.426721e-05
1723 6.419239e-05
1724 6.411833e-05
1725 6.404500e-05
1726 6.397241e-05
1727 6.390054e-05
1728 6.382939e-05
1729 6.375894e-05
1730 6.368919e-05
1731 6.362012e-05
1732 6.355174e-05
1733 6.348403e-05
1734 6.341699e-05
1735 6.335059e-05
1736 6.328484e-05
1737 6.321973e-05
1738 6.315524e-05
1739 6.309138e-05
1740 6.302812e-05
1741 6.296546e-05
1742 6.290339e-05
1743 6.284191e-05
1744 6.278100e-05
1745 6.272066e-05
1746 6.266087e-05
1747 6.260163e-05
1748 6.254292e-05
1749 6.248475e-05
1750 6.242709e-05
1751 6.236995e-05
1752 6.231330e-05
1753 6.225715e-05
1754 6.220148e-05
1755 6.214629e-05
1756 6.209156e-05
1757 6.203729e-05
1758 6.198347e-05
1759 6.193008e-05
1760 6.187713e-05
1761 6.182459e-05
1762 6.177246e-05
1763 6.172074e-05
1764 6.166941e-05
1765 6.161846e-05
1766 6.156789e-05
1767 6.151768e-05
1768 6.146782e-05
1769 6.141832e-05
1770 6.136915e-05
1771 6.132031e-05
1772 6.127179e-05
1773 6.122358e-05
1774 6.117567e-05
1775 6.112805e-05
1776 6.108072e-05
1777 6.103366e-05
1778 6.098686e-05
1779 6.094032e-05
1780 6.089402e-05
1781 6.084797e-05
1782 6.080214e-05
1783 6.075653e-05
1784 6.071112e-05
1785 6.066592e-05
1786 6.062091e-05
1787 6.057608e-05
1788 6.053143e-05
1789 6.048694e-05
1790 6.044260e-05
1791 6.039841e-05
1792 6.035436e-05
1793 6.031043e-05
1794 6.026663e-05
1795 6.022293e-05
1796 6.017933e-05
1797 6.013583e-05
1798 6.009240e-05
1799 6.004905e-05
1800 6.000577e-05
1801 5.996254e-05
1802 5.991935e-05
1803 5.987621e-05
1804 5.983309e-05
1805 5.978999e-05
1806 5.974690e-05
1807 5.970382e-05
1808 5.966072e-05
1809 5.961762e-05
1810 5.957448e-05
1811 5.953131e-05
1812 5.948810e-05
1813 5.944484e-05
1814 5.940151e-05
1815 5.935812e-05
1816 5.931465e-05
1817 5.927110e-05
1818 5.922744e-05
1819 5.918369e-05
1820 5.913982e-05
1821 5.909583e-05
1822 5.905171e-05
1823 5.900745e-05
1824 5.896304e-05
1825 5.891848e-05
1826 5.887375e-05
1827 5.882885e-05
1828 5.878377e-05
1829 5.873849e-05
1830 5.869302e-05
1831 5.864735e-05
1832 5.860145e-05
1833 5.855534e-05
1834 5.850899e-05
1835 5.846240e-05
1836 5.841556e-05
1837 5.836846e-05
1838 5.832110e-05
1839 5.827347e-05
1840 5.822555e-05
1841 5.817734e-05
1842 5.812884e-05
1843 5.808003e-05
1844 5.803090e-05
1845 5.798146e-05
1846 5.793168e-05
1847 5.788156e-05
1848 5.783110e-05
1849 5.778028e-05
1850 5.772910e-05
1851 5.767756e-05
1852 5.762563e-05
1853 5.757332e-05
1854 5.752061e-05
1855 5.746750e-05
1856 5.741399e-05
1857 5.736006e-05
1858 5.730570e-05
1859 5.725091e-05
1860 5.719568e-05
1861 5.714001e-05
1862 5.708388e-05
1863 5.702729e-05
1864 5.697024e-05
1865 5.691270e-05
1866 5.685469e-05
1867 5.679618e-05
1868 5.673717e-05
1869 5.667766e-05
1870 5.661764e-05
1871 5.655709e-05
1872 5.649602e-05
1873 5.643442e-05
1874 5.637228e-05
1875 5.630959e-05
1876 5.624634e-05
1877 5.618254e-05
1878 5.611817e-05
1879 5.605322e-05
1880 5.598769e-05
1881 5.592157e-05
1882 5.585486e-05
1883 5.578755e-05
1884 5.571963e-05
1885 5.565110e-05
1886 5.558194e-05
1887 5.551216e-05
1888 5.544175e-05
1889 5.537070e-05
1890 5.529900e-05
1891 5.522665e-05
1892 5.515365e-05
1893 5.507997e-05
1894 5.500564e-05
1895 5.493062e-05
1896 5.485492e-05
1897 5.477854e-05
1898 5.470146e-05
1899 5.462369e-05
1900 5.454521e-05
1901 5.446602e-05
1902 5.438611e-05
1903 5.430548e-05
1904 5.422413e-05
1905 5.414204e-05
1906 5.405922e-05
1907 5.397566e-05
1908 5.389135e-05
1909 5.380628e-05
1910 5.372046e-05
1911 5.363387e-05
1912 5.354652e-05
1913 5.345839e-05
1914 5.336949e-05
1915 5.327980e-05
1916 5.318933e-05
1917 5.309806e-05
1918 5.300600e-05
1919 5.291314e-05
1920 5.281947e-05
1921 5.272499e-05
1922 5.262970e-05
1923 5.253359e-05
1924 5.243666e-05
1925 5.233890e-05
1926 5.224031e-05
1927 5.214088e-05
1928 5.204062e-05
1929 5.193952e-05
1930 5.183756e-05
1931 5.173476e-05
1932 5.163111e-05
1933 5.152660e-05
1934 5.142122e-05
1935 5.131498e-05
1936 5.120788e-05
1937 5.109990e-05
1938 5.099105e-05
1939 5.088133e-05
1940 5.077072e-05
1941 5.065923e-05
1942 5.054685e-05
1943 5.043358e-05
1944 5.031942e-05
1945 5.020437e-05
1946 5.008842e-05
1947 4.997157e-05
1948 4.985382e-05
1949 4.973516e-05
1950 4.961560e-05
1951 4.949513e-05
1952 4.937374e-05
1953 4.925144e-05
1954 4.912823e-05
1955 4.900410e-05
1956 4.887905e-05
1957 4.875307e-05
1958 4.862618e-05
1959 4.849836e-05
1960 4.836962e-05
1961 4.823994e-05
1962 4.810934e-05
1963 4.797781e-05
1964 4.784535e-05
1965 4.771196e-05
1966 4.757763e-05
1967 4.744237e-05
1968 4.730617e-05
1969 4.716904e-05
1970 4.703097e-05
1971 4.689196e-05
1972 4.675202e-05
1973 4.661113e-05
1974 4.646931e-05
1975 4.632655e-05
1976 4.618285e-05
1977 4.603822e-05
1978 4.589264e-05
1979 4.574613e-05
1980 4.559867e-05
1981 4.545028e-05
1982 4.530095e-05
1983 4.515068e-05
1984 4.499948e-05
1985 4.484734e-05
1986 4.469426e-05
1987 4.454025e-05
1988 4.438531e-05
1989 4.422944e-05
1990 4.407263e-05
1991 4.391489e-05
1992 4.375622e-05
1993 4.359663e-05
1994 4.343611e-05
1995 4.327467e-05
1996 4.311230e-05
1997 4.294902e-05
1998 4.278481e-05
1999 4.261969e-05
2000 4.245365e-05
2001 4.228670e-05
