0 5.504576e-07
1 5.504576e-07
2 5.504576e-07
3 1.036113e-06
4 1.538695e-06
5 2.055387e-06
6 2.583651e-06
7 3.121216e-06
8 3.666062e-06
9 4.216407e-06
10 4.770692e-06
11 5.327572e-06
12 5.885897e-06
13 6.444701e-06
14 7.003190e-06
15 7.560724e-06
16 8.116808e-06
17 8.671073e-06
18 9.223270e-06
19 9.773250e-06
20 1.032095e-05
21 1.086639e-05
22 1.140964e-05
23 1.195082e-05
24 1.249010e-05
25 1.302764e-05
26 1.356364e-05
27 1.409828e-05
28 1.463170e-05
29 1.516404e-05
30 1.569537e-05
31 1.622570e-05
32 1.675497e-05
33 1.728305e-05
34 1.780967e-05
35 1.833453e-05
36 1.885725e-05
37 1.937742e-05
38 1.989462e-05
39 2.040844e-05
40 2.091852e-05
41 2.142455e-05
42 2.192630e-05
43 2.242365e-05
44 2.291659e-05
45 2.340523e-05
46 2.388975e-05
47 2.437040e-05
48 2.484745e-05
49 2.532121e-05
50 2.579195e-05
51 2.625995e-05
52 2.672538e-05
53 2.718839e-05
54 2.764900e-05
55 2.810717e-05
56 2.856276e-05
57 2.901561e-05
58 2.946552e-05
59 2.991225e-05
60 3.035556e-05
61 3.079524e-05
62 3.123109e-05
63 3.166296e-05
64 3.209075e-05
65 3.251442e-05
66 3.293395e-05
67 3.334938e-05
68 3.376075e-05
69 3.416813e-05
70 3.457160e-05
71 3.497123e-05
72 3.536708e-05
73 3.575918e-05
74 3.614757e-05
75 3.653222e-05
76 3.691312e-05
77 3.729022e-05
78 3.766348e-05
79 3.803284e-05
80 3.839824e-05
81 3.875964e-05
82 3.911699e-05
83 3.947027e-05
84 3.981946e-05
85 4.016457e-05
86 4.050562e-05
87 4.084264e-05
88 4.117567e-05
89 4.150474e-05
90 4.182992e-05
91 4.215125e-05
92 4.246877e-05
93 4.278254e-05
94 4.309260e-05
95 4.339899e-05
96 4.370173e-05
97 4.400086e-05
98 4.429641e-05
99 4.458841e-05
100 4.487688e-05
101 4.516187e-05
102 4.544340e-05
103 4.572152e-05
104 4.599626e-05
105 4.626768e-05
106 4.653583e-05
107 4.680076e-05
108 4.706254e-05
109 4.732122e-05
110 4.757689e-05
111 4.782961e-05
112 4.807945e-05
113 4.832650e-05
114 4.857085e-05
115 4.881256e-05
116 4.905174e-05
117 4.928847e-05
118 4.952285e-05
119 4.975496e-05
120 4.998492e-05
121 5.021281e-05
122 5.043875e-05
123 5.066282e-05
124 5.088514e-05
125 5.110580e-05
126 5.132492e-05
127 5.154260e-05
128 5.175895e-05
129 5.197407e-05
130 5.218808e-05
131 5.240108e-05
132 5.261317e-05
133 5.282447e-05
134 5.303509e-05
135 5.324512e-05
136 5.345468e-05
137 5.366387e-05
138 5.387279e-05
139 5.408156e-05
140 5.429028e-05
141 5.449904e-05
142 5.470796e-05
143 5.491714e-05
144 5.512669e-05
145 5.533671e-05
146 5.554730e-05
147 5.575858e-05
148 5.597064e-05
149 5.618359e-05
150 5.639754e-05
151 5.661259e-05
152 5.682885e-05
153 5.704642e-05
154 5.726542e-05
155 5.748595e-05
156 5.770811e-05
157 5.793203e-05
158 5.815780e-05
159 5.838554e-05
160 5.861536e-05
161 5.884738e-05
162 5.908169e-05
163 5.931842e-05
164 5.955768e-05
165 5.979960e-05
166 6.004427e-05
167 6.029182e-05
168 6.054237e-05
169 6.079603e-05
170 6.105292e-05
171 6.131315e-05
172 6.157685e-05
173 6.184412e-05
174 6.211509e-05
175 6.238986e-05
176 6.266855e-05
177 6.295127e-05
178 6.323813e-05
179 6.352925e-05
180 6.382472e-05
181 6.412465e-05
182 6.442915e-05
183 6.473832e-05
184 6.505226e-05
185 6.537106e-05
186 6.569482e-05
187 6.602362e-05
188 6.635756e-05
189 6.669673e-05
190 6.704120e-05
191 6.739104e-05
192 6.774635e-05
193 6.810718e-05
194 6.847361e-05
195 6.884569e-05
196 6.922348e-05
197 6.960705e-05
198 6.999644e-05
199 7.039169e-05
200 7.079285e-05
201 7.119996e-05
202 7.161305e-05
203 7.203214e-05
204 7.245727e-05
205 7.288844e-05
206 7.332568e-05
207 7.376900e-05
208 7.421840e-05
209 7.467388e-05
210 7.513544e-05
211 7.560307e-05
212 7.607675e-05
213 7.655647e-05
214 7.704219e-05
215 7.753390e-05
216 7.803155e-05
217 7.853510e-05
218 7.904451e-05
219 7.955973e-05
220 8.008070e-05
221 8.060736e-05
222 8.113965e-05
223 8.167748e-05
224 8.222077e-05
225 8.276946e-05
226 8.332343e-05
227 8.388261e-05
228 8.444688e-05
229 8.501615e-05
230 8.559031e-05
231 8.616924e-05
232 8.675283e-05
233 8.734095e-05
234 8.793348e-05
235 8.853029e-05
236 8.913126e-05
237 8.973624e-05
238 9.034511e-05
239 9.095771e-05
240 9.157392e-05
241 9.219359e-05
242 9.281657e-05
243 9.344271e-05
244 9.407187e-05
245 9.470390e-05
246 9.533864e-05
247 9.597595e-05
248 9.661567e-05
249 9.725765e-05
250 9.790174e-05
251 9.854779e-05
252 9.919564e-05
253 9.984515e-05
254 1.004962e-04
255 1.011485e-04
256 1.018021e-04
257 1.024567e-04
258 1.031122e-04
259 1.037685e-04
260 1.044253e-04
261 1.050827e-04
262 1.057403e-04
263 1.063981e-04
264 1.070559e-04
265 1.077136e-04
266 1.083709e-04
267 1.090279e-04
268 1.096842e-04
269 1.103398e-04
270 1.109944e-04
271 1.116481e-04
272 1.123005e-04
273 1.129515e-04
274 1.136010e-04
275 1.142488e-04
276 1.148947e-04
277 1.155386e-04
278 1.161803e-04
279 1.168197e-04
280 1.174565e-04
281 1.180907e-04
282 1.187219e-04
283 1.193502e-04
284 1.199751e-04
285 1.205967e-04
286 1.212146e-04
287 1.218288e-04
288 1.224390e-04
289 1.230450e-04
290 1.236467e-04
291 1.242438e-04
292 1.248362e-04
293 1.254237e-04
294 1.260061e-04
295 1.265832e-04
296 1.271548e-04
297 1.277207e-04
298 1.282808e-04
299 1.288348e-04
300 1.293826e-04
301 1.299241e-04
302 1.304590e-04
303 1.309872e-04
304 1.315085e-04
305 1.320227e-04
306 1.325297e-04
307 1.330294e-04
308 1.335215e-04
309 1.340060e-04
310 1.344828e-04
311 1.349516e-04
312 1.354124e-04
313 1.358650e-04
314 1.363093e-04
315 1.367453e-04
316 1.371729e-04
317 1.375919e-04
318 1.380022e-04
319 1.384039e-04
320 1.387967e-04
321 1.391807e-04
322 1.395558e-04
323 1.399219e-04
324 1.402790e-04
325 1.406271e-04
326 1.409660e-04
327 1.412958e-04
328 1.416165e-04
329 1.419279e-04
330 1.422301e-04
331 1.425231e-04
332 1.428069e-04
333 1.430813e-04
334 1.433465e-04
335 1.436025e-04
336 1.438491e-04
337 1.440865e-04
338 1.443146e-04
339 1.445334e-04
340 1.447429e-04
341 1.449432e-04
342 1.451343e-04
343 1.453161e-04
344 1.454888e-04
345 1.456522e-04
346 1.458064e-04
347 1.459516e-04
348 1.460875e-04
349 1.462144e-04
350 1.463322e-04
351 1.464409e-04
352 1.465406e-04
353 1.466314e-04
354 1.467132e-04
355 1.467860e-04
356 1.468500e-04
357 1.469052e-04
358 1.469516e-04
359 1.469893e-04
360 1.470183e-04
361 1.470387e-04
362 1.470506e-04
363 1.470540e-04
364 1.470489e-04
365 1.470355e-04
366 1.470138e-04
367 1.469839e-04
368 1.469459e-04
369 1.468998e-04
370 1.468458e-04
371 1.467840e-04
372 1.467145e-04
373 1.466372e-04
374 1.465525e-04
375 1.464603e-04
376 1.463608e-04
377 1.462542e-04
378 1.461404e-04
379 1.460198e-04
380 1.458923e-04
381 1.457582e-04
382 1.456175e-04
383 1.454705e-04
384 1.453172e-04
385 1.451578e-04
386 1.449925e-04
387 1.448214e-04
388 1.446446e-04
389 1.444624e-04
390 1.442749e-04
391 1.440822e-04
392 1.438846e-04
393 1.436821e-04
394 1.434750e-04
395 1.432635e-04
396 1.430476e-04
397 1.428276e-04
398 1.426036e-04
399 1.423759e-04
400 1.421445e-04
401 1.419098e-04
402 1.416718e-04
403 1.414307e-04
404 1.411868e-04
405 1.409401e-04
406 1.406910e-04
407 1.404394e-04
408 1.401858e-04
409 1.399301e-04
410 1.396727e-04
411 1.394136e-04
412 1.391531e-04
413 1.388913e-04
414 1.386285e-04
415 1.383648e-04
416 1.381004e-04
417 1.378355e-04
418 1.375702e-04
419 1.373048e-04
420 1.370394e-04
421 1.367742e-04
422 1.365095e-04
423 1.362453e-04
424 1.359818e-04
425 1.357193e-04
426 1.354580e-04
427 1.351979e-04
428 1.349393e-04
429 1.346824e-04
430 1.344274e-04
431 1.341744e-04
432 1.339236e-04
433 1.336753e-04
434 1.334295e-04
435 1.331864e-04
436 1.329464e-04
437 1.327094e-04
438 1.324757e-04
439 1.322455e-04
440 1.320190e-04
441 1.317963e-04
442 1.315776e-04
443 1.313631e-04
444 1.311529e-04
445 1.309473e-04
446 1.307463e-04
447 1.305502e-04
448 1.303592e-04
449 1.301734e-04
450 1.299929e-04
451 1.298179e-04
452 1.296487e-04
453 1.294853e-04
454 1.293279e-04
455 1.291766e-04
456 1.290317e-04
457 1.288933e-04
458 1.287615e-04
459 1.286364e-04
460 1.285183e-04
461 1.284072e-04
462 1.283033e-04
463 1.282068e-04
464 1.281177e-04
465 1.280362e-04
466 1.279625e-04
467 1.278966e-04
468 1.278387e-04
469 1.277889e-04
470 1.277474e-04
471 1.277142e-04
472 1.276894e-04
473 1.276732e-04
474 1.276657e-04
475 1.276669e-04
476 1.276770e-04
477 1.276961e-04
478 1.277243e-04
479 1.277616e-04
480 1.278081e-04
481 1.278640e-04
482 1.279292e-04
483 1.280039e-04
484 1.280882e-04
485 1.281821e-04
486 1.282856e-04
487 1.283989e-04
488 1.285220e-04
489 1.286549e-04
490 1.287977e-04
491 1.289504e-04
492 1.291131e-04
493 1.292858e-04
494 1.294685e-04
495 1.296613e-04
496 1.298642e-04
497 1.300771e-04
498 1.303002e-04
499 1.305334e-04
500 1.307767e-04
501 1.310302e-04
502 1.312937e-04
503 1.315674e-04
504 1.318512e-04
505 1.321450e-04
506 1.324489e-04
507 1.327629e-04
508 1.330868e-04
509 1.334207e-04
510 1.337645e-04
511 1.341182e-04
512 1.344817e-04
513 1.348550e-04
514 1.352380e-04
515 1.356307e-04
516 1.360330e-04
517 1.364448e-04
518 1.368660e-04
519 1.372966e-04
520 1.377365e-04
521 1.381856e-04
522 1.386437e-04
523 1.391109e-04
524 1.395870e-04
525 1.400719e-04
526 1.405655e-04
527 1.410676e-04
528 1.415782e-04
529 1.420972e-04
530 1.426243e-04
531 1.431596e-04
532 1.437027e-04
533 1.442537e-04
534 1.448123e-04
535 1.453785e-04
536 1.459520e-04
537 1.465327e-04
538 1.471206e-04
539 1.477153e-04
540 1.483167e-04
541 1.489248e-04
542 1.495392e-04
543 1.501599e-04
544 1.507867e-04
545 1.514194e-04
546 1.520578e-04
547 1.527017e-04
548 1.533510e-04
549 1.540055e-04
550 1.546649e-04
551 1.553292e-04
552 1.559980e-04
553 1.566712e-04
554 1.573487e-04
555 1.580302e-04
556 1.587155e-04
557 1.594044e-04
558 1.600967e-04
559 1.607922e-04
560 1.614907e-04
561 1.621920e-04
562 1.628959e-04
563 1.636022e-04
564 1.643107e-04
565 1.650211e-04
566 1.657332e-04
567 1.664468e-04
568 1.671618e-04
569 1.678779e-04
570 1.685948e-04
571 1.693124e-04
572 1.700305e-04
573 1.707487e-04
574 1.714670e-04
575 1.721851e-04
576 1.729027e-04
577 1.736197e-04
578 1.743359e-04
579 1.750509e-04
580 1.757646e-04
581 1.764768e-04
582 1.771873e-04
583 1.778958e-04
584 1.786021e-04
585 1.793061e-04
586 1.800074e-04
587 1.807059e-04
588 1.814013e-04
589 1.820935e-04
590 1.827822e-04
591 1.834672e-04
592 1.841483e-04
593 1.848254e-04
594 1.854981e-04
595 1.861662e-04
596 1.868297e-04
597 1.874882e-04
598 1.881415e-04
599 1.887895e-04
600 1.894320e-04
601 1.900687e-04
602 1.906995e-04
603 1.913241e-04
604 1.919424e-04
605 1.925542e-04
606 1.931592e-04
607 1.937574e-04
608 1.943485e-04
609 1.949323e-04
610 1.955087e-04
611 1.960774e-04
612 1.966384e-04
613 1.971913e-04
614 1.977362e-04
615 1.982727e-04
616 1.988007e-04
617 1.993201e-04
618 1.998308e-04
619 2.003325e-04
620 2.008250e-04
621 2.013084e-04
622 2.017823e-04
623 2.022467e-04
624 2.027015e-04
625 2.031464e-04
626 2.035815e-04
627 2.040064e-04
628 2.044212e-04
629 2.048257e-04
630 2.052197e-04
631 2.056032e-04
632 2.059761e-04
633 2.063383e-04
634 2.066896e-04
635 2.070300e-04
636 2.073594e-04
637 2.076777e-04
638 2.079847e-04
639 2.082806e-04
640 2.085651e-04
641 2.088382e-04
642 2.090998e-04
643 2.093500e-04
644 2.095885e-04
645 2.098155e-04
646 2.100308e-04
647 2.102344e-04
648 2.104264e-04
649 2.106065e-04
650 2.107749e-04
651 2.109316e-04
652 2.110765e-04
653 2.112096e-04
654 2.113309e-04
655 2.114404e-04
656 2.115383e-04
657 2.116243e-04
658 2.116987e-04
659 2.117614e-04
660 2.118125e-04
661 2.118520e-04
662 2.118800e-04
663 2.118964e-04
664 2.119015e-04
665 2.118952e-04
666 2.118776e-04
667 2.118487e-04
668 2.118088e-04
669 2.117577e-04
670 2.116957e-04
671 2.116228e-04
672 2.115391e-04
673 2.114447e-04
674 2.113398e-04
675 2.112243e-04
676 2.110985e-04
677 2.109624e-04
678 2.108162e-04
679 2.106600e-04
680 2.104940e-04
681 2.103181e-04
682 2.101327e-04
683 2.099378e-04
684 2.097335e-04
685 2.095200e-04
686 2.092975e-04
687 2.090661e-04
688 2.088260e-04
689 2.085773e-04
690 2.083201e-04
691 2.080547e-04
692 2.077812e-04
693 2.074997e-04
694 2.072105e-04
695 2.069137e-04
696 2.066094e-04
697 2.062980e-04
698 2.059794e-04
699 2.056540e-04
700 2.053218e-04
701 2.049832e-04
702 2.046382e-04
703 2.042870e-04
704 2.039299e-04
705 2.035671e-04
706 2.031986e-04
707 2.028248e-04
708 2.024458e-04
709 2.020617e-04
710 2.016729e-04
711 2.012795e-04
712 2.008817e-04
713 2.004797e-04
714 2.000737e-04
715 1.996639e-04
716 1.992506e-04
717 1.988338e-04
718 1.984138e-04
719 1.979908e-04
720 1.975651e-04
721 1.971367e-04
722 1.967060e-04
723 1.962731e-04
724 1.958383e-04
725 1.954016e-04
726 1.949634e-04
727 1.945239e-04
728 1.940831e-04
729 1.936414e-04
730 1.931990e-04
731 1.927560e-04
732 1.923126e-04
733 1.918690e-04
734 1.914255e-04
735 1.909823e-04
736 1.905394e-04
737 1.900972e-04
738 1.896557e-04
739 1.892153e-04
740 1.887761e-04
741 1.883382e-04
742 1.879020e-04
743 1.874674e-04
744 1.870348e-04
745 1.866043e-04
746 1.861762e-04
747 1.857504e-04
748 1.853274e-04
749 1.849071e-04
750 1.844899e-04
751 1.840758e-04
752 1.836650e-04
753 1.832577e-04
754 1.828541e-04
755 1.824542e-04
756 1.820584e-04
757 1.816666e-04
758 1.812791e-04
759 1.808960e-04
760 1.805174e-04
761 1.801436e-04
762 1.797745e-04
763 1.794105e-04
764 1.790515e-04
765 1.786978e-04
766 1.783494e-04
767 1.780065e-04
768 1.776692e-04
769 1.773376e-04
770 1.770119e-04
771 1.766921e-04
772 1.763784e-04
773 1.760708e-04
774 1.757696e-04
775 1.754747e-04
776 1.751862e-04
777 1.749044e-04
778 1.746292e-04
779 1.743608e-04
780 1.740992e-04
781 1.738445e-04
782 1.735969e-04
783 1.733564e-04
784 1.731230e-04
785 1.728968e-04
786 1.726780e-04
787 1.724665e-04
788 1.722625e-04
789 1.720660e-04
790 1.718770e-04
791 1.716957e-04
792 1.715220e-04
793 1.713560e-04
794 1.711978e-04
795 1.710474e-04
796 1.709049e-04
797 1.707702e-04
798 1.706434e-04
799 1.705246e-04
800 1.704138e-04
801 1.703110e-04
802 1.702161e-04
803 1.701294e-04
804 1.700506e-04
805 1.699800e-04
806 1.699174e-04
807 1.698629e-04
808 1.698165e-04
809 1.697782e-04
810 1.697479e-04
811 1.697258e-04
812 1.697117e-04
813 1.697056e-04
814 1.697076e-04
815 1.697176e-04
816 1.697356e-04
817 1.697616e-04
818 1.697955e-04
819 1.698373e-04
820 1.698869e-04
821 1.699445e-04
822 1.700098e-04
823 1.700828e-04
824 1.701635e-04
825 1.702519e-04
826 1.703479e-04
827 1.704514e-04
828 1.705624e-04
829 1.706807e-04
830 1.708065e-04
831 1.709394e-04
832 1.710796e-04
833 1.712269e-04
834 1.713811e-04
835 1.715424e-04
836 1.717105e-04
837 1.718853e-04
838 1.720668e-04
839 1.722549e-04
840 1.724494e-04
841 1.726503e-04
842 1.728575e-04
843 1.730708e-04
844 1.732901e-04
845 1.735153e-04
846 1.737462e-04
847 1.739829e-04
848 1.742250e-04
849 1.744725e-04
850 1.747253e-04
851 1.749832e-04
852 1.752460e-04
853 1.755137e-04
854 1.757860e-04
855 1.760629e-04
856 1.763440e-04
857 1.766294e-04
858 1.769188e-04
859 1.772121e-04
860 1.775090e-04
861 1.778095e-04
862 1.781133e-04
863 1.784202e-04
864 1.787301e-04
865 1.790429e-04
866 1.793582e-04
867 1.796760e-04
868 1.799959e-04
869 1.803180e-04
870 1.806418e-04
871 1.809674e-04
872 1.812943e-04
873 1.816226e-04
874 1.819518e-04
875 1.822820e-04
876 1.826127e-04
877 1.829440e-04
878 1.832754e-04
879 1.836069e-04
880 1.839382e-04
881 1.842692e-04
882 1.845995e-04
883 1.849290e-04
884 1.852576e-04
885 1.855849e-04
886 1.859108e-04
887 1.862351e-04
888 1.865575e-04
889 1.868778e-04
890 1.871959e-04
891 1.875116e-04
892 1.878245e-04
893 1.881345e-04
894 1.884415e-04
895 1.887451e-04
896 1.890453e-04
897 1.893417e-04
898 1.896342e-04
899 1.899226e-04
900 1.902067e-04
901 1.904862e-04
902 1.907610e-04
903 1.910309e-04
904 1.912957e-04
905 1.915552e-04
906 1.918092e-04
907 1.920575e-04
908 1.922999e-04
909 1.925363e-04
910 1.927664e-04
911 1.929901e-04
912 1.932072e-04
913 1.934176e-04
914 1.936210e-04
915 1.938172e-04
916 1.940062e-04
917 1.941878e-04
918 1.943617e-04
919 1.945279e-04
920 1.946861e-04
921 1.948363e-04
922 1.949783e-04
923 1.951119e-04
924 1.952371e-04
925 1.953535e-04
926 1.954613e-04
927 1.955601e-04
928 1.956499e-04
929 1.957306e-04
930 1.958021e-04
931 1.958642e-04
932 1.959168e-04
933 1.959599e-04
934 1.959933e-04
935 1.960170e-04
936 1.960308e-04
937 1.960348e-04
938 1.960287e-04
939 1.960126e-04
940 1.959864e-04
941 1.959500e-04
942 1.959033e-04
943 1.958464e-04
944 1.957792e-04
945 1.957016e-04
946 1.956136e-04
947 1.955152e-04
948 1.954064e-04
949 1.952871e-04
950 1.951575e-04
951 1.950174e-04
952 1.948668e-04
953 1.947059e-04
954 1.945345e-04
955 1.943529e-04
956 1.941609e-04
957 1.939586e-04
958 1.937461e-04
959 1.935234e-04
960 1.932907e-04
961 1.930479e-04
962 1.927951e-04
963 1.925325e-04
964 1.922600e-04
965 1.919779e-04
966 1.916861e-04
967 1.913849e-04
968 1.910743e-04
969 1.907543e-04
970 1.904253e-04
971 1.900871e-04
972 1.897401e-04
973 1.893843e-04
974 1.890199e-04
975 1.886469e-04
976 1.882656e-04
977 1.878761e-04
978 1.874786e-04
979 1.870731e-04
980 1.866599e-04
981 1.862392e-04
982 1.858111e-04
983 1.853757e-04
984 1.849333e-04
985 1.844841e-04
986 1.840281e-04
987 1.835657e-04
988 1.830969e-04
989 1.826220e-04
990 1.821412e-04
991 1.816547e-04
992 1.811626e-04
993 1.806652e-04
994 1.801627e-04
995 1.796553e-04
996 1.791431e-04
997 1.786264e-04
998 1.781054e-04
999 1.775804e-04
1000 1.770515e-04
1001 1.765189e-04
1002 1.759828e-04
1003 1.754436e-04
1004 1.749013e-04
1005 1.743562e-04
1006 1.738086e-04
1007 1.732586e-04
1008 1.727065e-04
1009 1.721525e-04
1010 1.715967e-04
1011 1.710396e-04
1012 1.704811e-04
1013 1.699217e-04
1014 1.693614e-04
1015 1.688005e-04
1016 1.682393e-04
1017 1.676779e-04
1018 1.671166e-04
1019 1.665556e-04
1020 1.659950e-04
1021 1.654352e-04
1022 1.648764e-04
1023 1.643186e-04
1024 1.637623e-04
1025 1.632075e-04
1026 1.626544e-04
1027 1.621034e-04
1028 1.615545e-04
1029 1.610080e-04
1030 1.604641e-04
1031 1.599230e-04
1032 1.593848e-04
1033 1.588499e-04
1034 1.583182e-04
1035 1.577902e-04
1036 1.572658e-04
1037 1.567454e-04
1038 1.562291e-04
1039 1.557170e-04
1040 1.552094e-04
1041 1.547064e-04
1042 1.542081e-04
1043 1.537148e-04
1044 1.532266e-04
1045 1.527436e-04
1046 1.522659e-04
1047 1.517939e-04
1048 1.513275e-04
1049 1.508669e-04
1050 1.504122e-04
1051 1.499636e-04
1052 1.495212e-04
1053 1.490851e-04
1054 1.486554e-04
1055 1.482323e-04
1056 1.478157e-04
1057 1.474059e-04
1058 1.470029e-04
1059 1.466068e-04
1060 1.462177e-04
1061 1.458356e-04
1062 1.454607e-04
1063 1.450929e-04
1064 1.447324e-04
1065 1.443793e-04
1066 1.440335e-04
1067 1.436952e-04
1068 1.433643e-04
1069 1.430410e-04
1070 1.427252e-04
1071 1.424170e-04
1072 1.421165e-04
1073 1.418236e-04
1074 1.415383e-04
1075 1.412608e-04
1076 1.409909e-04
1077 1.407288e-04
1078 1.404744e-04
1079 1.402278e-04
1080 1.399888e-04
1081 1.397577e-04
1082 1.395342e-04
1083 1.393184e-04
1084 1.391104e-04
1085 1.389100e-04
1086 1.387173e-04
1087 1.385323e-04
1088 1.383548e-04
1089 1.381850e-04
1090 1.380227e-04
1091 1.378679e-04
1092 1.377207e-04
1093 1.375809e-04
1094 1.374485e-04
1095 1.373234e-04
1096 1.372057e-04
1097 1.370953e-04
1098 1.369920e-04
1099 1.368960e-04
1100 1.368070e-04
1101 1.367251e-04
1102 1.366501e-04
1103 1.365821e-04
1104 1.365210e-04
1105 1.364666e-04
1106 1.364189e-04
1107 1.363779e-04
1108 1.363435e-04
1109 1.363156e-04
1110 1.362941e-04
1111 1.362789e-04
1112 1.362700e-04
1113 1.362673e-04
1114 1.362707e-04
1115 1.362801e-04
1116 1.362954e-04
1117 1.363166e-04
1118 1.363436e-04
1119 1.363762e-04
1120 1.364144e-04
1121 1.364580e-04
1122 1.365071e-04
1123 1.365614e-04
1124 1.366210e-04
1125 1.366857e-04
1126 1.367554e-04
1127 1.368300e-04
1128 1.369094e-04
1129 1.369935e-04
1130 1.370823e-04
1131 1.371756e-04
1132 1.372733e-04
1133 1.373754e-04
1134 1.374817e-04
1135 1.375921e-04
1136 1.377065e-04
1137 1.378249e-04
1138 1.379471e-04
1139 1.380730e-04
1140 1.382025e-04
1141 1.383356e-04
1142 1.384721e-04
1143 1.386119e-04
1144 1.387550e-04
1145 1.389012e-04
1146 1.390504e-04
1147 1.392025e-04
1148 1.393575e-04
1149 1.395152e-04
1150 1.396756e-04
1151 1.398385e-04
1152 1.400039e-04
1153 1.401716e-04
1154 1.403416e-04
1155 1.405138e-04
1156 1.406881e-04
1157 1.408643e-04
1158 1.410425e-04
1159 1.412224e-04
1160 1.414042e-04
1161 1.415875e-04
1162 1.417724e-04
1163 1.419588e-04
1164 1.421466e-04
1165 1.423357e-04
1166 1.425260e-04
1167 1.427174e-04
1168 1.429100e-04
1169 1.431035e-04
1170 1.432979e-04
1171 1.434931e-04
1172 1.436891e-04
1173 1.438858e-04
1174 1.440831e-04
1175 1.442809e-04
1176 1.444791e-04
1177 1.446778e-04
1178 1.448767e-04
1179 1.450759e-04
1180 1.452753e-04
1181 1.454748e-04
1182 1.456743e-04
1183 1.458737e-04
1184 1.460731e-04
1185 1.462723e-04
1186 1.464712e-04
1187 1.466699e-04
1188 1.468682e-04
1189 1.470661e-04
1190 1.472635e-04
1191 1.474603e-04
1192 1.476566e-04
1193 1.478522e-04
1194 1.480470e-04
1195 1.482411e-04
1196 1.484343e-04
1197 1.486267e-04
1198 1.488181e-04
1199 1.490084e-04
1200 1.491978e-04
1201 1.493860e-04
1202 1.495730e-04
1203 1.497588e-04
1204 1.499434e-04
1205 1.501266e-04
1206 1.503085e-04
1207 1.504889e-04
1208 1.506679e-04
1209 1.508454e-04
1210 1.510213e-04
1211 1.511955e-04
1212 1.513682e-04
1213 1.515391e-04
1214 1.517083e-04
1215 1.518757e-04
1216 1.520413e-04
1217 1.522051e-04
1218 1.523669e-04
1219 1.525267e-04
1220 1.526846e-04
1221 1.528404e-04
1222 1.529942e-04
1223 1.531459e-04
1224 1.532954e-04
1225 1.534427e-04
1226 1.535879e-04
1227 1.537308e-04
1228 1.538714e-04
1229 1.540096e-04
1230 1.541456e-04
1231 1.542791e-04
1232 1.544102e-04
1233 1.545389e-04
1234 1.546651e-04
1235 1.547888e-04
1236 1.549100e-04
1237 1.550286e-04
1238 1.551446e-04
1239 1.552580e-04
1240 1.553687e-04
1241 1.554768e-04
1242 1.555821e-04
1243 1.556848e-04
1244 1.557846e-04
1245 1.558818e-04
1246 1.559761e-04
1247 1.560676e-04
1248 1.561562e-04
1249 1.562420e-04
1250 1.563250e-04
1251 1.564050e-04
1252 1.564820e-04
1253 1.565562e-04
1254 1.566274e-04
1255 1.566956e-04
1256 1.567608e-04
1257 1.568230e-04
1258 1.568822e-04
1259 1.569383e-04
1260 1.569913e-04
1261 1.570413e-04
1262 1.570882e-04
1263 1.571320e-04
1264 1.571727e-04
1265 1.572102e-04
1266 1.572446e-04
1267 1.572758e-04
1268 1.573039e-04
1269 1.573288e-04
1270 1.573505e-04
1271 1.573691e-04
1272 1.573844e-04
1273 1.573965e-04
1274 1.574054e-04
1275 1.574110e-04
1276 1.574134e-04
1277 1.574126e-04
1278 1.574085e-04
1279 1.574012e-04
1280 1.573906e-04
1281 1.573767e-04
1282 1.573596e-04
1283 1.573392e-04
1284 1.573155e-04
1285 1.572886e-04
1286 1.572583e-04
1287 1.572248e-04
1288 1.571880e-04
1289 1.571479e-04
1290 1.571045e-04
1291 1.570578e-04
1292 1.570079e-04
1293 1.569546e-04
1294 1.568981e-04
1295 1.568383e-04
1296 1.567752e-04
1297 1.567088e-04
1298 1.566391e-04
1299 1.565661e-04
1300 1.564899e-04
1301 1.564104e-04
1302 1.563277e-04
1303 1.562417e-04
1304 1.561524e-04
1305 1.560599e-04
1306 1.559641e-04
1307 1.558651e-04
1308 1.557628e-04
1309 1.556574e-04
1310 1.555487e-04
1311 1.554368e-04
1312 1.553217e-04
1313 1.552034e-04
1314 1.550819e-04
1315 1.549572e-04
1316 1.548294e-04
1317 1.546984e-04
1318 1.545643e-04
1319 1.544270e-04
1320 1.542866e-04
1321 1.541430e-04
1322 1.539964e-04
1323 1.538466e-04
1324 1.536938e-04
1325 1.535379e-04
1326 1.533790e-04
1327 1.532170e-04
1328 1.530520e-04
1329 1.528839e-04
1330 1.527128e-04
1331 1.525388e-04
1332 1.523618e-04
1333 1.521818e-04
1334 1.519988e-04
1335 1.518129e-04
1336 1.516241e-04
1337 1.514324e-04
1338 1.512378e-04
1339 1.510403e-04
1340 1.508400e-04
1341 1.506368e-04
1342 1.504309e-04
1343 1.502221e-04
1344 1.500105e-04
1345 1.497961e-04
1346 1.495790e-04
1347 1.493591e-04
1348 1.491366e-04
1349 1.489113e-04
1350 1.486834e-04
1351 1.484527e-04
1352 1.482195e-04
1353 1.479836e-04
1354 1.477451e-04
1355 1.475041e-04
1356 1.472604e-04
1357 1.470142e-04
1358 1.467655e-04
1359 1.465143e-04
1360 1.462606e-04
1361 1.460045e-04
1362 1.457459e-04
1363 1.454848e-04
1364 1.452214e-04
1365 1.449556e-04
1366 1.446874e-04
1367 1.444169e-04
1368 1.441441e-04
1369 1.438690e-04
1370 1.435916e-04
1371 1.433120e-04
1372 1.430302e-04
1373 1.427461e-04
1374 1.424599e-04
1375 1.421715e-04
1376 1.418809e-04
1377 1.415883e-04
1378 1.412936e-04
1379 1.409968e-04
1380 1.406980e-04
1381 1.403971e-04
1382 1.400943e-04
1383 1.397894e-04
1384 1.394827e-04
1385 1.391740e-04
1386 1.388634e-04
1387 1.385509e-04
1388 1.382366e-04
1389 1.379205e-04
1390 1.376026e-04
1391 1.372828e-04
1392 1.369614e-04
1393 1.366382e-04
1394 1.363132e-04
1395 1.359867e-04
1396 1.356584e-04
1397 1.353285e-04
1398 1.349971e-04
1399 1.346640e-04
1400 1.343294e-04
1401 1.339932e-04
1402 1.336556e-04
1403 1.333164e-04
1404 1.329758e-04
1405 1.326338e-04
1406 1.322903e-04
1407 1.319455e-04
1408 1.315993e-04
1409 1.312518e-04
1410 1.309030e-04
1411 1.305529e-04
1412 1.302016e-04
1413 1.298490e-04
1414 1.294952e-04
1415 1.291402e-04
1416 1.287841e-04
1417 1.284268e-04
1418 1.280684e-04
1419 1.277089e-04
1420 1.273484e-04
1421 1.269869e-04
1422 1.266243e-04
1423 1.262607e-04
1424 1.258962e-04
1425 1.255308e-04
1426 1.251644e-04
1427 1.247972e-04
1428 1.244291e-04
1429 1.240602e-04
1430 1.236904e-04
1431 1.233199e-04
1432 1.229486e-04
1433 1.225765e-04
1434 1.222037e-04
1435 1.218303e-04
1436 1.214562e-04
1437 1.210814e-04
1438 1.207060e-04
1439 1.203300e-04
1440 1.199534e-04
1441 1.195763e-04
1442 1.191986e-04
1443 1.188205e-04
1444 1.184418e-04
1445 1.180627e-04
1446 1.176832e-04
1447 1.173032e-04
1448 1.169229e-04
1449 1.165421e-04
1450 1.161611e-04
1451 1.157797e-04
1452 1.153980e-04
1453 1.150160e-04
1454 1.146337e-04
1455 1.142512e-04
1456 1.138685e-04
1457 1.134856e-04
1458 1.131025e-04
1459 1.127192e-04
1460 1.123359e-04
1461 1.119524e-04
1462 1.115688e-04
1463 1.111851e-04
1464 1.108013e-04
1465 1.104176e-04
1466 1.100338e-04
1467 1.096500e-04
1468 1.092662e-04
1469 1.088825e-04
1470 1.084988e-04
1471 1.081153e-04
1472 1.077318e-04
1473 1.073484e-04
1474 1.069652e-04
1475 1.065821e-04
1476 1.061991e-04
1477 1.058164e-04
1478 1.054339e-04
1479 1.050516e-04
1480 1.046695e-04
1481 1.042877e-04
1482 1.039062e-04
1483 1.035250e-04
1484 1.031441e-04
1485 1.027635e-04
1486 1.023832e-04
1487 1.020033e-04
1488 1.016238e-04
1489 1.012447e-04
1490 1.008659e-04
1491 1.004877e-04
1492 1.001098e-04
1493 9.973240e-05
1494 9.935547e-05
1495 9.897903e-05
1496 9.860309e-05
1497 9.822766e-05
1498 9.785277e-05
1499 9.747842e-05
1500 9.710463e-05
1501 9.673142e-05
1502 9.635880e-05
1503 9.598678e-05
1504 9.561538e-05
1505 9.524461e-05
1506 9.487449e-05
1507 9.450503e-05
1508 9.413624e-05
1509 9.376813e-05
1510 9.340073e-05
1511 9.303404e-05
1512 9.266807e-05
1513 9.230285e-05
1514 9.193837e-05
1515 9.157466e-05
1516 9.121172e-05
1517 9.084958e-05
1518 9.048823e-05
1519 9.012770e-05
1520 8.976800e-05
1521 8.940913e-05
1522 8.905111e-05
1523 8.869395e-05
1524 8.833766e-05
1525 8.798225e-05
1526 8.762774e-05
1527 8.727414e-05
1528 8.692145e-05
1529 8.656969e-05
1530 8.621886e-05
1531 8.586899e-05
1532 8.552007e-05
1533 8.517212e-05
1534 8.482516e-05
1535 8.447918e-05
1536 8.413420e-05
1537 8.379023e-05
1538 8.344727e-05
1539 8.310535e-05
1540 8.276446e-05
1541 8.242463e-05
1542 8.208584e-05
1543 8.174813e-05
1544 8.141149e-05
1545 8.107593e-05
1546 8.074146e-05
1547 8.040809e-05
1548 8.007584e-05
1549 7.974470e-05
1550 7.941468e-05
1551 7.908580e-05
1552 7.875807e-05
1553 7.843148e-05
1554 7.810605e-05
1555 7.778178e-05
1556 7.745869e-05
1557 7.713678e-05
1558 7.681605e-05
1559 7.649652e-05
1560 7.617819e-05
1561 7.586107e-05
1562 7.554517e-05
1563 7.523049e-05
1564 7.491704e-05
1565 7.460482e-05
1566 7.429385e-05
1567 7.398412e-05
1568 7.367565e-05
1569 7.336844e-05
1570 7.306250e-05
1571 7.275783e-05
1572 7.245444e-05
1573 7.215233e-05
1574 7.185152e-05
1575 7.155199e-05
1576 7.125377e-05
1577 7.095686e-05
1578 7.066125e-05
1579 7.036696e-05
1580 7.007399e-05
1581 6.978235e-05
1582 6.949204e-05
1583 6.920306e-05
1584 6.891542e-05
1585 6.862913e-05
1586 6.834418e-05
1587 6.806059e-05
1588 6.777835e-05
1589 6.749747e-05
1590 6.721796e-05
1591 6.693981e-05
1592 6.666304e-05
1593 6.638764e-05
1594 6.611363e-05
1595 6.584099e-05
1596 6.556974e-05
1597 6.529988e-05
1598 6.503141e-05
1599 6.476433e-05
1600 6.449866e-05
1601 6.423438e-05
1602 6.397151e-05
1603 6.371004e-05
1604 6.344998e-05
1605 6.319134e-05
1606 6.293410e-05
1607 6.267828e-05
1608 6.242388e-05
1609 6.217090e-05
1610 6.191934e-05
1611 6.166921e-05
1612 6.142050e-05
1613 6.117321e-05
1614 6.092736e-05
1615 6.068293e-05
1616 6.043994e-05
1617 6.019838e-05
1618 5.995826e-05
1619 5.971956e-05
1620 5.948231e-05
1621 5.924649e-05
1622 5.901211e-05
1623 5.877917e-05
1624 5.854767e-05
1625 5.831761e-05
1626 5.808899e-05
1627 5.786182e-05
1628 5.763608e-05
1629 5.741179e-05
1630 5.718893e-05
1631 5.696753e-05
1632 5.674756e-05
1633 5.652903e-05
1634 5.631195e-05
1635 5.609631e-05
1636 5.588211e-05
1637 5.566935e-05
1638 5.545803e-05
1639 5.524816e-05
1640 5.503972e-05
1641 5.483272e-05
1642 5.462716e-05
1643 5.442304e-05
1644 5.422035e-05
1645 5.401910e-05
1646 5.381928e-05
1647 5.362090e-05
1648 5.342395e-05
1649 5.322842e-05
1650 5.303433e-05
1651 5.284167e-05
1652 5.265043e-05
1653 5.246061e-05
1654 5.227222e-05
1655 5.208525e-05
1656 5.189970e-05
1657 5.171556e-05
1658 5.153285e-05
1659 5.135154e-05
1660 5.117164e-05
1661 5.099316e-05
1662 5.081608e-05
1663 5.064040e-05
1664 5.046613e-05
1665 5.029326e-05
1666 5.012178e-05
1667 4.995170e-05
1668 4.978300e-05
1669 4.961570e-05
1670 4.944978e-05
1671 4.928525e-05
1672 4.912210e-05
1673 4.896032e-05
1674 4.879992e-05
1675 4.864088e-05
1676 4.848322e-05
1677 4.832692e-05
1678 4.817198e-05
1679 4.801839e-05
1680 4.786617e-05
1681 4.771529e-05
1682 4.756576e-05
1683 4.741757e-05
1684 4.727072e-05
1685 4.712521e-05
1686 4.698102e-05
1687 4.683817e-05
1688 4.669664e-05
1689 4.655643e-05
1690 4.641754e-05
1691 4.627995e-05
1692 4.614368e-05
1693 4.600871e-05
1694 4.587503e-05
1695 4.574265e-05
1696 4.561156e-05
1697 4.548176e-05
1698 4.535324e-05
1699 4.522599e-05
1700 4.510002e-05
1701 4.497531e-05
1702 4.485186e-05
1703 4.472968e-05
1704 4.460874e-05
1705 4.448905e-05
1706 4.437061e-05
1707 4.425340e-05
1708 4.413742e-05
1709 4.402267e-05
1710 4.390915e-05
1711 4.379684e-05
1712 4.368574e-05
1713 4.357585e-05
1714 4.346716e-05
1715 4.335966e-05
1716 4.325335e-05
1717 4.314823e-05
1718 4.304429e-05
1719 4.294152e-05
1720 4.283992e-05
1721 4.273948e-05
1722 4.264019e-05
1723 4.254206e-05
1724 4.244507e-05
1725 4.234922e-05
1726 4.225450e-05
1727 4.216091e-05
1728 4.206844e-05
1729 4.197708e-05
1730 4.188683e-05
1731 4.179768e-05
1732 4.170963e-05
1733 4.162267e-05
1734 4.153679e-05
1735 4.145199e-05
1736 4.136826e-05
1737 4.128559e-05
1738 4.120398e-05
1739 4.112342e-05
1740 4.104391e-05
1741 4.096544e-05
1742 4.088799e-05
1743 4.081158e-05
1744 4.073618e-05
1745 4.066179e-05
1746 4.058841e-05
1747 4.051602e-05
1748 4.044463e-05
1749 4.037422e-05
1750 4.030479e-05
1751 4.023633e-05
1752 4.016883e-05
1753 4.010229e-05
1754 4.003670e-05
1755 3.997205e-05
1756 3.990833e-05
1757 3.984555e-05
1758 3.978369e-05
1759 3.972274e-05
1760 3.966269e-05
1761 3.960355e-05
1762 3.954530e-05
1763 3.948794e-05
1764 3.943145e-05
1765 3.937583e-05
1766 3.932108e-05
1767 3.926718e-05
1768 3.921413e-05
1769 3.916192e-05
1770 3.911054e-05
1771 3.905999e-05
1772 3.901026e-05
1773 3.896134e-05
1774 3.891322e-05
1775 3.886590e-05
1776 3.881936e-05
1777 3.877361e-05
1778 3.872863e-05
1779 3.868441e-05
1780 3.864095e-05
1781 3.859824e-05
1782 3.855627e-05
1783 3.851503e-05
1784 3.847452e-05
1785 3.843473e-05
1786 3.839565e-05
1787 3.835727e-05
1788 3.831959e-05
1789 3.828259e-05
1790 3.824627e-05
1791 3.821063e-05
1792 3.817564e-05
1793 3.814131e-05
1794 3.810763e-05
1795 3.807459e-05
1796 3.804218e-05
1797 3.801039e-05
1798 3.797921e-05
1799 3.794865e-05
1800 3.791868e-05
1801 3.788930e-05
1802 3.786051e-05
1803 3.783229e-05
1804 3.780463e-05
1805 3.777754e-05
1806 3.775099e-05
1807 3.772499e-05
1808 3.769952e-05
1809 3.767457e-05
1810 3.765015e-05
1811 3.762623e-05
1812 3.760281e-05
1813 3.757989e-05
1814 3.755745e-05
1815 3.753549e-05
1816 3.751400e-05
1817 3.749296e-05
1818 3.747238e-05
1819 3.745225e-05
1820 3.743254e-05
1821 3.741327e-05
1822 3.739441e-05
1823 3.737597e-05
1824 3.735792e-05
1825 3.734027e-05
1826 3.732301e-05
1827 3.730612e-05
1828 3.728960e-05
1829 3.727345e-05
1830 3.725765e-05
1831 3.724219e-05
1832 3.722706e-05
1833 3.721227e-05
1834 3.719779e-05
1835 3.718363e-05
1836 3.716977e-05
1837 3.715620e-05
1838 3.714292e-05
1839 3.712992e-05
1840 3.711719e-05
1841 3.710472e-05
1842 3.709250e-05
1843 3.708053e-05
1844 3.706880e-05
1845 3.705729e-05
1846 3.704601e-05
1847 3.703494e-05
1848 3.702407e-05
1849 3.701340e-05
1850 3.700291e-05
1851 3.699261e-05
1852 3.698247e-05
1853 3.697250e-05
1854 3.696268e-05
1855 3.695301e-05
1856 3.694348e-05
1857 3.693408e-05
1858 3.692481e-05
1859 3.691564e-05
1860 3.690658e-05
1861 3.689763e-05
1862 3.688876e-05
1863 3.687997e-05
1864 3.687125e-05
1865 3.686261e-05
1866 3.685402e-05
1867 3.684547e-05
1868 3.683698e-05
1869 3.682851e-05
1870 3.682007e-05
1871 3.681165e-05
1872 3.680324e-05
1873 3.679483e-05
1874 3.678641e-05
1875 3.677798e-05
1876 3.676953e-05
1877 3.676105e-05
1878 3.675253e-05
1879 3.674397e-05
1880 3.673535e-05
1881 3.672667e-05
1882 3.671793e-05
1883 3.670911e-05
1884 3.670020e-05
1885 3.669120e-05
1886 3.668211e-05
1887 3.667290e-05
1888 3.666358e-05
1889 3.665414e-05
1890 3.664457e-05
1891 3.663487e-05
1892 3.662501e-05
1893 3.661501e-05
1894 3.660485e-05
1895 3.659452e-05
1896 3.658401e-05
1897 3.657332e-05
1898 3.656245e-05
1899 3.655137e-05
1900 3.654010e-05
1901 3.652861e-05
1902 3.651690e-05
1903 3.650497e-05
1904 3.649280e-05
1905 3.648040e-05
1906 3.646775e-05
1907 3.645484e-05
1908 3.644167e-05
1909 3.642824e-05
1910 3.641452e-05
1911 3.640053e-05
1912 3.638625e-05
1913 3.637167e-05
1914 3.635679e-05
1915 3.634160e-05
1916 3.632609e-05
1917 3.631026e-05
1918 3.629409e-05
1919 3.627760e-05
1920 3.626075e-05
1921 3.624356e-05
1922 3.622601e-05
1923 3.620810e-05
1924 3.618982e-05
1925 3.617116e-05
1926 3.615212e-05
1927 3.613270e-05
1928 3.611287e-05
1929 3.609265e-05
1930 3.607201e-05
1931 3.605097e-05
1932 3.602950e-05
1933 3.600761e-05
1934 3.598528e-05
1935 3.596252e-05
1936 3.593931e-05
1937 3.591565e-05
1938 3.589153e-05
1939 3.586695e-05
1940 3.584191e-05
1941 3.581639e-05
1942 3.579039e-05
1943 3.576390e-05
1944 3.573693e-05
1945 3.570946e-05
1946 3.568148e-05
1947 3.565300e-05
1948 3.562400e-05
1949 3.559449e-05
1950 3.556445e-05
1951 3.553389e-05
1952 3.550279e-05
1953 3.547115e-05
1954 3.543896e-05
1955 3.540623e-05
1956 3.537294e-05
1957 3.533909e-05
1958 3.530467e-05
1959 3.526969e-05
1960 3.523413e-05
1961 3.519799e-05
1962 3.516127e-05
1963 3.512396e-05
1964 3.508605e-05
1965 3.504755e-05
1966 3.500845e-05
1967 3.496874e-05
1968 3.492841e-05
1969 3.488747e-05
1970 3.484591e-05
1971 3.480373e-05
1972 3.476092e-05
1973 3.471747e-05
1974 3.467339e-05
1975 3.462867e-05
1976 3.458331e-05
1977 3.453729e-05
1978 3.449062e-05
1979 3.444330e-05
1980 3.439532e-05
1981 3.434667e-05
1982 3.429736e-05
1983 3.424738e-05
1984 3.419672e-05
1985 3.414539e-05
1986 3.409337e-05
1987 3.404068e-05
1988 3.398729e-05
1989 3.393322e-05
1990 3.387845e-05
1991 3.382298e-05
1992 3.376682e-05
1993 3.370995e-05
1994 3.365238e-05
1995 3.359411e-05
1996 3.353512e-05
1997 3.347542e-05
1998 3.341501e-05
1999 3.335387e-05
2000 3.329202e-05
2001 3.322945e-05
