0 1.138922e-06
1 1.138922e-06
2 1.138922e-06
3 2.109170e-06
4 3.117865e-06
5 4.158381e-06
6 5.224714e-06
7 6.311454e-06
8 7.413749e-06
9 8.527283e-06
10 9.648241e-06
11 1.077328e-05
12 1.189951e-05
13 1.302444e-05
14 1.414599e-05
15 1.526240e-05
16 1.637227e-05
17 1.747447e-05
18 1.856817e-05
19 1.965274e-05
20 2.072779e-05
21 2.179308e-05
22 2.284856e-05
23 2.389426e-05
24 2.493033e-05
25 2.595695e-05
26 2.697438e-05
27 2.798282e-05
28 2.898250e-05
29 2.997357e-05
30 3.095609e-05
31 3.193000e-05
32 3.289512e-05
33 3.385108e-05
34 3.479732e-05
35 3.573313e-05
36 3.665769e-05
37 3.757010e-05
38 3.846947e-05
39 3.935491e-05
40 4.022562e-05
41 4.108090e-05
42 4.192022e-05
43 4.274329e-05
44 4.355001e-05
45 4.434051e-05
46 4.511509e-05
47 4.587416e-05
48 4.661819e-05
49 4.734769e-05
50 4.806312e-05
51 4.876488e-05
52 4.945328e-05
53 5.012841e-05
54 5.079020e-05
55 5.143841e-05
56 5.207265e-05
57 5.269244e-05
58 5.329722e-05
59 5.388642e-05
60 5.445950e-05
61 5.501595e-05
62 5.555535e-05
63 5.607743e-05
64 5.658206e-05
65 5.706924e-05
66 5.753910e-05
67 5.799188e-05
68 5.842786e-05
69 5.884739e-05
70 5.925082e-05
71 5.963853e-05
72 6.001085e-05
73 6.036806e-05
74 6.071039e-05
75 6.103800e-05
76 6.135097e-05
77 6.164936e-05
78 6.193319e-05
79 6.220243e-05
80 6.245704e-05
81 6.269697e-05
82 6.292214e-05
83 6.313250e-05
84 6.332800e-05
85 6.350861e-05
86 6.367430e-05
87 6.382507e-05
88 6.396094e-05
89 6.408195e-05
90 6.418816e-05
91 6.427966e-05
92 6.435657e-05
93 6.441905e-05
94 6.446727e-05
95 6.450145e-05
96 6.452181e-05
97 6.452863e-05
98 6.452216e-05
99 6.450272e-05
100 6.447058e-05
101 6.442607e-05
102 6.436948e-05
103 6.430114e-05
104 6.422133e-05
105 6.413037e-05
106 6.402855e-05
107 6.391615e-05
108 6.379347e-05
109 6.366080e-05
110 6.351841e-05
111 6.336658e-05
112 6.320559e-05
113 6.303571e-05
114 6.285721e-05
115 6.267037e-05
116 6.247545e-05
117 6.227272e-05
118 6.206245e-05
119 6.184490e-05
120 6.162033e-05
121 6.138903e-05
122 6.115124e-05
123 6.090724e-05
124 6.065729e-05
125 6.040166e-05
126 6.014063e-05
127 5.987446e-05
128 5.960343e-05
129 5.932782e-05
130 5.904789e-05
131 5.876394e-05
132 5.847625e-05
133 5.818510e-05
134 5.789079e-05
135 5.759361e-05
136 5.729386e-05
137 5.699184e-05
138 5.668785e-05
139 5.638220e-05
140 5.607520e-05
141 5.576715e-05
142 5.545837e-05
143 5.514916e-05
144 5.483984e-05
145 5.453073e-05
146 5.422213e-05
147 5.391436e-05
148 5.360773e-05
149 5.330255e-05
150 5.299914e-05
151 5.269781e-05
152 5.239886e-05
153 5.210261e-05
154 5.180935e-05
155 5.151939e-05
156 5.123304e-05
157 5.095058e-05
158 5.067232e-05
159 5.039854e-05
160 5.012953e-05
161 4.986558e-05
162 4.960697e-05
163 4.935396e-05
164 4.910684e-05
165 4.886585e-05
166 4.863128e-05
167 4.840336e-05
168 4.818235e-05
169 4.796850e-05
170 4.776205e-05
171 4.756323e-05
172 4.737227e-05
173 4.718940e-05
174 4.701484e-05
175 4.684881e-05
176 4.669151e-05
177 4.654316e-05
178 4.640395e-05
179 4.627407e-05
180 4.615372e-05
181 4.604309e-05
182 4.594235e-05
183 4.585168e-05
184 4.577125e-05
185 4.570121e-05
186 4.564174e-05
187 4.559299e-05
188 4.555510e-05
189 4.552822e-05
190 4.551248e-05
191 4.550802e-05
192 4.551496e-05
193 4.553344e-05
194 4.556356e-05
195 4.560543e-05
196 4.565917e-05
197 4.572487e-05
198 4.580262e-05
199 4.589252e-05
200 4.599465e-05
201 4.610909e-05
202 4.623591e-05
203 4.637518e-05
204 4.652696e-05
205 4.669131e-05
206 4.686827e-05
207 4.705789e-05
208 4.726022e-05
209 4.747528e-05
210 4.770310e-05
211 4.794370e-05
212 4.819710e-05
213 4.846331e-05
214 4.874234e-05
215 4.903418e-05
216 4.933882e-05
217 4.965626e-05
218 4.998648e-05
219 5.032944e-05
220 5.068512e-05
221 5.105348e-05
222 5.143448e-05
223 5.182807e-05
224 5.223420e-05
225 5.265280e-05
226 5.308381e-05
227 5.352715e-05
228 5.398276e-05
229 5.445053e-05
230 5.493038e-05
231 5.542222e-05
232 5.592594e-05
233 5.644143e-05
234 5.696857e-05
235 5.750726e-05
236 5.805734e-05
237 5.861871e-05
238 5.919120e-05
239 5.977469e-05
240 6.036901e-05
241 6.097401e-05
242 6.158953e-05
243 6.221539e-05
244 6.285142e-05
245 6.349744e-05
246 6.415325e-05
247 6.481867e-05
248 6.549348e-05
249 6.617749e-05
250 6.687049e-05
251 6.757224e-05
252 6.828253e-05
253 6.900113e-05
254 6.972779e-05
255 7.046227e-05
256 7.120432e-05
257 7.195370e-05
258 7.271013e-05
259 7.347335e-05
260 7.424310e-05
261 7.501909e-05
262 7.580105e-05
263 7.658870e-05
264 7.738176e-05
265 7.817992e-05
266 7.898291e-05
267 7.979042e-05
268 8.060216e-05
269 8.141783e-05
270 8.223712e-05
271 8.305973e-05
272 8.388536e-05
273 8.471369e-05
274 8.554443e-05
275 8.637726e-05
276 8.721187e-05
277 8.804795e-05
278 8.888519e-05
279 8.972329e-05
280 9.056194e-05
281 9.140082e-05
282 9.223962e-05
283 9.307806e-05
284 9.391581e-05
285 9.475257e-05
286 9.558805e-05
287 9.642195e-05
288 9.725396e-05
289 9.808379e-05
290 9.891114e-05
291 9.973573e-05
292 1.005573e-04
293 1.013754e-04
294 1.021900e-04
295 1.030006e-04
296 1.038070e-04
297 1.046090e-04
298 1.054061e-04
299 1.061982e-04
300 1.069851e-04
301 1.077663e-04
302 1.085416e-04
303 1.093108e-04
304 1.100736e-04
305 1.108298e-04
306 1.115790e-04
307 1.123211e-04
308 1.130557e-04
309 1.137826e-04
310 1.145015e-04
311 1.152123e-04
312 1.159145e-04
313 1.166082e-04
314 1.172928e-04
315 1.179683e-04
316 1.186344e-04
317 1.192908e-04
318 1.199374e-04
319 1.205739e-04
320 1.212000e-04
321 1.218156e-04
322 1.224204e-04
323 1.230142e-04
324 1.235968e-04
325 1.241681e-04
326 1.247277e-04
327 1.252756e-04
328 1.258114e-04
329 1.263351e-04
330 1.268464e-04
331 1.273451e-04
332 1.278312e-04
333 1.283043e-04
334 1.287644e-04
335 1.292112e-04
336 1.296447e-04
337 1.300646e-04
338 1.304709e-04
339 1.308634e-04
340 1.312419e-04
341 1.316063e-04
342 1.319565e-04
343 1.322924e-04
344 1.326139e-04
345 1.329208e-04
346 1.332131e-04
347 1.334907e-04
348 1.337534e-04
349 1.340013e-04
350 1.342342e-04
351 1.344521e-04
352 1.346548e-04
353 1.348425e-04
354 1.350149e-04
355 1.351721e-04
356 1.353140e-04
357 1.354406e-04
358 1.355519e-04
359 1.356479e-04
360 1.357285e-04
361 1.357938e-04
362 1.358438e-04
363 1.358785e-04
364 1.358978e-04
365 1.359019e-04
366 1.358908e-04
367 1.358645e-04
368 1.358231e-04
369 1.357666e-04
370 1.356951e-04
371 1.356088e-04
372 1.355075e-04
373 1.353915e-04
374 1.352609e-04
375 1.351157e-04
376 1.349561e-04
377 1.347822e-04
378 1.345941e-04
379 1.343920e-04
380 1.341760e-04
381 1.339462e-04
382 1.337029e-04
383 1.334461e-04
384 1.331761e-04
385 1.328930e-04
386 1.325970e-04
387 1.322883e-04
388 1.319671e-04
389 1.316336e-04
390 1.312880e-04
391 1.309305e-04
392 1.305613e-04
393 1.301807e-04
394 1.297889e-04
395 1.293861e-04
396 1.289726e-04
397 1.285485e-04
398 1.281143e-04
399 1.276700e-04
400 1.272159e-04
401 1.267524e-04
402 1.262797e-04
403 1.257981e-04
404 1.253077e-04
405 1.248090e-04
406 1.243022e-04
407 1.237875e-04
408 1.232653e-04
409 1.227359e-04
410 1.221995e-04
411 1.216564e-04
412 1.211070e-04
413 1.205515e-04
414 1.199903e-04
415 1.194236e-04
416 1.188517e-04
417 1.182751e-04
418 1.176939e-04
419 1.171085e-04
420 1.165192e-04
421 1.159263e-04
422 1.153302e-04
423 1.147311e-04
424 1.141294e-04
425 1.135254e-04
426 1.129194e-04
427 1.123117e-04
428 1.117027e-04
429 1.110927e-04
430 1.104820e-04
431 1.098708e-04
432 1.092596e-04
433 1.086487e-04
434 1.080383e-04
435 1.074288e-04
436 1.068205e-04
437 1.062137e-04
438 1.056088e-04
439 1.050059e-04
440 1.044056e-04
441 1.038080e-04
442 1.032135e-04
443 1.026224e-04
444 1.020349e-04
445 1.014515e-04
446 1.008724e-04
447 1.002979e-04
448 9.972824e-05
449 9.916384e-05
450 9.860494e-05
451 9.805185e-05
452 9.750485e-05
453 9.696425e-05
454 9.643033e-05
455 9.590339e-05
456 9.538372e-05
457 9.487159e-05
458 9.436729e-05
459 9.387111e-05
460 9.338332e-05
461 9.290420e-05
462 9.243403e-05
463 9.197308e-05
464 9.152163e-05
465 9.107993e-05
466 9.064826e-05
467 9.022687e-05
468 8.981604e-05
469 8.941600e-05
470 8.902702e-05
471 8.864935e-05
472 8.828322e-05
473 8.792888e-05
474 8.758657e-05
475 8.725652e-05
476 8.693895e-05
477 8.663408e-05
478 8.634214e-05
479 8.606333e-05
480 8.579786e-05
481 8.554593e-05
482 8.530774e-05
483 8.508346e-05
484 8.487328e-05
485 8.467739e-05
486 8.449593e-05
487 8.432908e-05
488 8.417698e-05
489 8.403979e-05
490 8.391765e-05
491 8.381067e-05
492 8.371899e-05
493 8.364271e-05
494 8.358195e-05
495 8.353681e-05
496 8.350736e-05
497 8.349369e-05
498 8.349588e-05
499 8.351399e-05
500 8.354807e-05
501 8.359818e-05
502 8.366436e-05
503 8.374664e-05
504 8.384505e-05
505 8.395961e-05
506 8.409034e-05
507 8.423724e-05
508 8.440030e-05
509 8.457953e-05
510 8.477491e-05
511 8.498642e-05
512 8.521403e-05
513 8.545771e-05
514 8.571742e-05
515 8.599311e-05
516 8.628475e-05
517 8.659226e-05
518 8.691558e-05
519 8.725466e-05
520 8.760942e-05
521 8.797977e-05
522 8.836564e-05
523 8.876694e-05
524 8.918357e-05
525 8.961544e-05
526 9.006244e-05
527 9.052447e-05
528 9.100141e-05
529 9.149314e-05
530 9.199955e-05
531 9.252050e-05
532 9.305586e-05
533 9.360550e-05
534 9.416926e-05
535 9.474700e-05
536 9.533856e-05
537 9.594379e-05
538 9.656252e-05
539 9.719458e-05
540 9.783980e-05
541 9.849799e-05
542 9.916896e-05
543 9.985253e-05
544 1.005485e-04
545 1.012567e-04
546 1.019768e-04
547 1.027087e-04
548 1.034522e-04
549 1.042070e-04
550 1.049729e-04
551 1.057497e-04
552 1.065371e-04
553 1.073348e-04
554 1.081426e-04
555 1.089604e-04
556 1.097876e-04
557 1.106243e-04
558 1.114699e-04
559 1.123243e-04
560 1.131872e-04
561 1.140583e-04
562 1.149372e-04
563 1.158238e-04
564 1.167176e-04
565 1.176184e-04
566 1.185259e-04
567 1.194397e-04
568 1.203595e-04
569 1.212851e-04
570 1.222160e-04
571 1.231519e-04
572 1.240926e-04
573 1.250377e-04
574 1.259868e-04
575 1.269396e-04
576 1.278958e-04
577 1.288549e-04
578 1.298168e-04
579 1.307809e-04
580 1.317470e-04
581 1.327148e-04
582 1.336837e-04
583 1.346536e-04
584 1.356240e-04
585 1.365946e-04
586 1.375651e-04
587 1.385350e-04
588 1.395040e-04
589 1.404717e-04
590 1.414379e-04
591 1.424020e-04
592 1.433638e-04
593 1.443230e-04
594 1.452790e-04
595 1.462317e-04
596 1.471805e-04
597 1.481253e-04
598 1.490655e-04
599 1.500009e-04
600 1.509311e-04
601 1.518557e-04
602 1.527745e-04
603 1.536869e-04
604 1.545928e-04
605 1.554917e-04
606 1.563834e-04
607 1.572673e-04
608 1.581434e-04
609 1.590111e-04
610 1.598701e-04
611 1.607202e-04
612 1.615610e-04
613 1.623922e-04
614 1.632134e-04
615 1.640244e-04
616 1.648248e-04
617 1.656144e-04
618 1.663927e-04
619 1.671596e-04
620 1.679146e-04
621 1.686577e-04
622 1.693883e-04
623 1.701063e-04
624 1.708114e-04
625 1.715034e-04
626 1.721818e-04
627 1.728466e-04
628 1.734974e-04
629 1.741340e-04
630 1.747561e-04
631 1.753635e-04
632 1.759560e-04
633 1.765334e-04
634 1.770954e-04
635 1.776418e-04
636 1.781724e-04
637 1.786870e-04
638 1.791855e-04
639 1.796677e-04
640 1.801333e-04
641 1.805822e-04
642 1.810143e-04
643 1.814294e-04
644 1.818273e-04
645 1.822080e-04
646 1.825712e-04
647 1.829169e-04
648 1.832450e-04
649 1.835554e-04
650 1.838480e-04
651 1.841226e-04
652 1.843793e-04
653 1.846180e-04
654 1.848385e-04
655 1.850409e-04
656 1.852252e-04
657 1.853913e-04
658 1.855391e-04
659 1.856688e-04
660 1.857802e-04
661 1.858735e-04
662 1.859486e-04
663 1.860055e-04
664 1.860443e-04
665 1.860651e-04
666 1.860678e-04
667 1.860526e-04
668 1.860195e-04
669 1.859687e-04
670 1.859001e-04
671 1.858139e-04
672 1.857101e-04
673 1.855890e-04
674 1.854506e-04
675 1.852950e-04
676 1.851224e-04
677 1.849328e-04
678 1.847265e-04
679 1.845036e-04
680 1.842642e-04
681 1.840086e-04
682 1.837368e-04
683 1.834491e-04
684 1.831456e-04
685 1.828265e-04
686 1.824921e-04
687 1.821425e-04
688 1.817779e-04
689 1.813985e-04
690 1.810046e-04
691 1.805963e-04
692 1.801740e-04
693 1.797377e-04
694 1.792878e-04
695 1.788246e-04
696 1.783481e-04
697 1.778588e-04
698 1.773568e-04
699 1.768424e-04
700 1.763159e-04
701 1.757775e-04
702 1.752275e-04
703 1.746662e-04
704 1.740938e-04
705 1.735107e-04
706 1.729170e-04
707 1.723132e-04
708 1.716995e-04
709 1.710762e-04
710 1.704435e-04
711 1.698019e-04
712 1.691515e-04
713 1.684927e-04
714 1.678258e-04
715 1.671511e-04
716 1.664689e-04
717 1.657796e-04
718 1.650833e-04
719 1.643806e-04
720 1.636716e-04
721 1.629567e-04
722 1.622362e-04
723 1.615105e-04
724 1.607798e-04
725 1.600445e-04
726 1.593049e-04
727 1.585614e-04
728 1.578142e-04
729 1.570637e-04
730 1.563102e-04
731 1.555541e-04
732 1.547957e-04
733 1.540352e-04
734 1.532731e-04
735 1.525097e-04
736 1.517452e-04
737 1.509801e-04
738 1.502146e-04
739 1.494490e-04
740 1.486838e-04
741 1.479192e-04
742 1.471555e-04
743 1.463931e-04
744 1.456323e-04
745 1.448734e-04
746 1.441167e-04
747 1.433625e-04
748 1.426112e-04
749 1.418631e-04
750 1.411184e-04
751 1.403776e-04
752 1.396408e-04
753 1.389084e-04
754 1.381808e-04
755 1.374581e-04
756 1.367407e-04
757 1.360289e-04
758 1.353230e-04
759 1.346233e-04
760 1.339300e-04
761 1.332435e-04
762 1.325639e-04
763 1.318917e-04
764 1.312270e-04
765 1.305702e-04
766 1.299215e-04
767 1.292811e-04
768 1.286493e-04
769 1.280265e-04
770 1.274128e-04
771 1.268084e-04
772 1.262137e-04
773 1.256289e-04
774 1.250542e-04
775 1.244898e-04
776 1.239361e-04
777 1.233931e-04
778 1.228612e-04
779 1.223405e-04
780 1.218313e-04
781 1.213338e-04
782 1.208481e-04
783 1.203746e-04
784 1.199133e-04
785 1.194646e-04
786 1.190285e-04
787 1.186052e-04
788 1.181951e-04
789 1.177981e-04
790 1.174145e-04
791 1.170445e-04
792 1.166882e-04
793 1.163458e-04
794 1.160174e-04
795 1.157032e-04
796 1.154034e-04
797 1.151179e-04
798 1.148471e-04
799 1.145910e-04
800 1.143498e-04
801 1.141235e-04
802 1.139123e-04
803 1.137162e-04
804 1.135355e-04
805 1.133701e-04
806 1.132202e-04
807 1.130858e-04
808 1.129671e-04
809 1.128641e-04
810 1.127768e-04
811 1.127054e-04
812 1.126498e-04
813 1.126102e-04
814 1.125866e-04
815 1.125790e-04
816 1.125874e-04
817 1.126119e-04
818 1.126525e-04
819 1.127091e-04
820 1.127819e-04
821 1.128708e-04
822 1.129758e-04
823 1.130968e-04
824 1.132339e-04
825 1.133871e-04
826 1.135562e-04
827 1.137413e-04
828 1.139423e-04
829 1.141592e-04
830 1.143919e-04
831 1.146402e-04
832 1.149043e-04
833 1.151838e-04
834 1.154789e-04
835 1.157893e-04
836 1.161150e-04
837 1.164559e-04
838 1.168118e-04
839 1.171826e-04
840 1.175681e-04
841 1.179683e-04
842 1.183830e-04
843 1.188120e-04
844 1.192551e-04
845 1.197122e-04
846 1.201832e-04
847 1.206677e-04
848 1.211656e-04
849 1.216767e-04
850 1.222008e-04
851 1.227377e-04
852 1.232871e-04
853 1.238488e-04
854 1.244225e-04
855 1.250081e-04
856 1.256051e-04
857 1.262134e-04
858 1.268327e-04
859 1.274626e-04
860 1.281030e-04
861 1.287534e-04
862 1.294136e-04
863 1.300832e-04
864 1.307620e-04
865 1.314497e-04
866 1.321458e-04
867 1.328500e-04
868 1.335621e-04
869 1.342816e-04
870 1.350082e-04
871 1.357415e-04
872 1.364813e-04
873 1.372270e-04
874 1.379783e-04
875 1.387349e-04
876 1.394964e-04
877 1.402624e-04
878 1.410325e-04
879 1.418063e-04
880 1.425834e-04
881 1.433635e-04
882 1.441460e-04
883 1.449307e-04
884 1.457172e-04
885 1.465049e-04
886 1.472936e-04
887 1.480827e-04
888 1.488720e-04
889 1.496609e-04
890 1.504491e-04
891 1.512362e-04
892 1.520217e-04
893 1.528053e-04
894 1.535865e-04
895 1.543649e-04
896 1.551401e-04
897 1.559117e-04
898 1.566792e-04
899 1.574424e-04
900 1.582007e-04
901 1.589538e-04
902 1.597012e-04
903 1.604426e-04
904 1.611775e-04
905 1.619056e-04
906 1.626264e-04
907 1.633396e-04
908 1.640448e-04
909 1.647416e-04
910 1.654295e-04
911 1.661083e-04
912 1.667776e-04
913 1.674369e-04
914 1.680859e-04
915 1.687243e-04
916 1.693517e-04
917 1.699677e-04
918 1.705720e-04
919 1.711642e-04
920 1.717441e-04
921 1.723112e-04
922 1.728653e-04
923 1.734060e-04
924 1.739331e-04
925 1.744461e-04
926 1.749449e-04
927 1.754290e-04
928 1.758983e-04
929 1.763525e-04
930 1.767913e-04
931 1.772143e-04
932 1.776215e-04
933 1.780124e-04
934 1.783870e-04
935 1.787449e-04
936 1.790859e-04
937 1.794099e-04
938 1.797165e-04
939 1.800057e-04
940 1.802773e-04
941 1.805310e-04
942 1.807667e-04
943 1.809843e-04
944 1.811836e-04
945 1.813645e-04
946 1.815269e-04
947 1.816706e-04
948 1.817956e-04
949 1.819018e-04
950 1.819890e-04
951 1.820573e-04
952 1.821066e-04
953 1.821369e-04
954 1.821481e-04
955 1.821402e-04
956 1.821132e-04
957 1.820672e-04
958 1.820021e-04
959 1.819181e-04
960 1.818150e-04
961 1.816931e-04
962 1.815524e-04
963 1.813929e-04
964 1.812147e-04
965 1.810180e-04
966 1.808029e-04
967 1.805695e-04
968 1.803178e-04
969 1.800482e-04
970 1.797606e-04
971 1.794553e-04
972 1.791325e-04
973 1.787923e-04
974 1.784349e-04
975 1.780605e-04
976 1.776693e-04
977 1.772615e-04
978 1.768374e-04
979 1.763971e-04
980 1.759409e-04
981 1.754691e-04
982 1.749819e-04
983 1.744795e-04
984 1.739622e-04
985 1.734303e-04
986 1.728841e-04
987 1.723238e-04
988 1.717497e-04
989 1.711621e-04
990 1.705613e-04
991 1.699477e-04
992 1.693214e-04
993 1.686829e-04
994 1.680324e-04
995 1.673703e-04
996 1.666969e-04
997 1.660125e-04
998 1.653174e-04
999 1.646120e-04
1000 1.638967e-04
1001 1.631717e-04
1002 1.624375e-04
1003 1.616942e-04
1004 1.609424e-04
1005 1.601824e-04
1006 1.594145e-04
1007 1.586390e-04
1008 1.578564e-04
1009 1.570670e-04
1010 1.562711e-04
1011 1.554691e-04
1012 1.546614e-04
1013 1.538483e-04
1014 1.530302e-04
1015 1.522075e-04
1016 1.513805e-04
1017 1.505496e-04
1018 1.497151e-04
1019 1.488775e-04
1020 1.480370e-04
1021 1.471940e-04
1022 1.463490e-04
1023 1.455021e-04
1024 1.446539e-04
1025 1.438047e-04
1026 1.429547e-04
1027 1.421044e-04
1028 1.412541e-04
1029 1.404042e-04
1030 1.395549e-04
1031 1.387067e-04
1032 1.378598e-04
1033 1.370146e-04
1034 1.361715e-04
1035 1.353307e-04
1036 1.344925e-04
1037 1.336573e-04
1038 1.328255e-04
1039 1.319972e-04
1040 1.311728e-04
1041 1.303526e-04
1042 1.295369e-04
1043 1.287259e-04
1044 1.279200e-04
1045 1.271195e-04
1046 1.263245e-04
1047 1.255353e-04
1048 1.247523e-04
1049 1.239756e-04
1050 1.232055e-04
1051 1.224422e-04
1052 1.216859e-04
1053 1.209370e-04
1054 1.201955e-04
1055 1.194616e-04
1056 1.187357e-04
1057 1.180178e-04
1058 1.173081e-04
1059 1.166069e-04
1060 1.159142e-04
1061 1.152303e-04
1062 1.145552e-04
1063 1.138892e-04
1064 1.132323e-04
1065 1.125848e-04
1066 1.119466e-04
1067 1.113180e-04
1068 1.106990e-04
1069 1.100898e-04
1070 1.094904e-04
1071 1.089009e-04
1072 1.083215e-04
1073 1.077522e-04
1074 1.071930e-04
1075 1.066441e-04
1076 1.061054e-04
1077 1.055771e-04
1078 1.050592e-04
1079 1.045518e-04
1080 1.040548e-04
1081 1.035684e-04
1082 1.030925e-04
1083 1.026271e-04
1084 1.021724e-04
1085 1.017282e-04
1086 1.012946e-04
1087 1.008716e-04
1088 1.004593e-04
1089 1.000575e-04
1090 9.966627e-05
1091 9.928562e-05
1092 9.891551e-05
1093 9.855592e-05
1094 9.820681e-05
1095 9.786815e-05
1096 9.753991e-05
1097 9.722204e-05
1098 9.691450e-05
1099 9.661723e-05
1100 9.633018e-05
1101 9.605331e-05
1102 9.578654e-05
1103 9.552981e-05
1104 9.528306e-05
1105 9.504621e-05
1106 9.481919e-05
1107 9.460193e-05
1108 9.439435e-05
1109 9.419636e-05
1110 9.400787e-05
1111 9.382881e-05
1112 9.365907e-05
1113 9.349857e-05
1114 9.334721e-05
1115 9.320490e-05
1116 9.307152e-05
1117 9.294699e-05
1118 9.283118e-05
1119 9.272401e-05
1120 9.262536e-05
1121 9.253512e-05
1122 9.245318e-05
1123 9.237942e-05
1124 9.231373e-05
1125 9.225599e-05
1126 9.220608e-05
1127 9.216390e-05
1128 9.212930e-05
1129 9.210218e-05
1130 9.208241e-05
1131 9.206987e-05
1132 9.206443e-05
1133 9.206596e-05
1134 9.207435e-05
1135 9.208947e-05
1136 9.211118e-05
1137 9.213936e-05
1138 9.217389e-05
1139 9.221464e-05
1140 9.226147e-05
1141 9.231426e-05
1142 9.237289e-05
1143 9.243722e-05
1144 9.250713e-05
1145 9.258249e-05
1146 9.266318e-05
1147 9.274906e-05
1148 9.284001e-05
1149 9.293592e-05
1150 9.303665e-05
1151 9.314207e-05
1152 9.325208e-05
1153 9.336654e-05
1154 9.348535e-05
1155 9.360837e-05
1156 9.373549e-05
1157 9.386659e-05
1158 9.400157e-05
1159 9.414029e-05
1160 9.428266e-05
1161 9.442856e-05
1162 9.457787e-05
1163 9.473050e-05
1164 9.488632e-05
1165 9.504523e-05
1166 9.520713e-05
1167 9.537190e-05
1168 9.553945e-05
1169 9.570967e-05
1170 9.588246e-05
1171 9.605772e-05
1172 9.623534e-05
1173 9.641523e-05
1174 9.659729e-05
1175 9.678143e-05
1176 9.696753e-05
1177 9.715552e-05
1178 9.734530e-05
1179 9.753677e-05
1180 9.772985e-05
1181 9.792443e-05
1182 9.812044e-05
1183 9.831778e-05
1184 9.851637e-05
1185 9.871611e-05
1186 9.891692e-05
1187 9.911872e-05
1188 9.932143e-05
1189 9.952496e-05
1190 9.972922e-05
1191 9.993414e-05
1192 1.001396e-04
1193 1.003456e-04
1194 1.005521e-04
1195 1.007588e-04
1196 1.009658e-04
1197 1.011731e-04
1198 1.013804e-04
1199 1.015878e-04
1200 1.017952e-04
1201 1.020024e-04
1202 1.022095e-04
1203 1.024163e-04
1204 1.026229e-04
1205 1.028291e-04
1206 1.030348e-04
1207 1.032400e-04
1208 1.034446e-04
1209 1.036486e-04
1210 1.038519e-04
1211 1.040545e-04
1212 1.042562e-04
1213 1.044570e-04
1214 1.046569e-04
1215 1.048558e-04
1216 1.050536e-04
1217 1.052503e-04
1218 1.054458e-04
1219 1.056401e-04
1220 1.058332e-04
1221 1.060248e-04
1222 1.062151e-04
1223 1.064040e-04
1224 1.065913e-04
1225 1.067771e-04
1226 1.069613e-04
1227 1.071439e-04
1228 1.073248e-04
1229 1.075039e-04
1230 1.076813e-04
1231 1.078568e-04
1232 1.080304e-04
1233 1.082022e-04
1234 1.083719e-04
1235 1.085397e-04
1236 1.087054e-04
1237 1.088691e-04
1238 1.090306e-04
1239 1.091899e-04
1240 1.093471e-04
1241 1.095020e-04
1242 1.096546e-04
1243 1.098049e-04
1244 1.099528e-04
1245 1.100984e-04
1246 1.102416e-04
1247 1.103823e-04
1248 1.105205e-04
1249 1.106562e-04
1250 1.107893e-04
1251 1.109199e-04
1252 1.110479e-04
1253 1.111732e-04
1254 1.112959e-04
1255 1.114159e-04
1256 1.115331e-04
1257 1.116477e-04
1258 1.117594e-04
1259 1.118683e-04
1260 1.119745e-04
1261 1.120778e-04
1262 1.121782e-04
1263 1.122757e-04
1264 1.123703e-04
1265 1.124620e-04
1266 1.125508e-04
1267 1.126365e-04
1268 1.127193e-04
1269 1.127991e-04
1270 1.128758e-04
1271 1.129495e-04
1272 1.130202e-04
1273 1.130878e-04
1274 1.131522e-04
1275 1.132136e-04
1276 1.132719e-04
1277 1.133270e-04
1278 1.133790e-04
1279 1.134278e-04
1280 1.134735e-04
1281 1.135160e-04
1282 1.135553e-04
1283 1.135913e-04
1284 1.136242e-04
1285 1.136539e-04
1286 1.136803e-04
1287 1.137035e-04
1288 1.137235e-04
1289 1.137402e-04
1290 1.137537e-04
1291 1.137639e-04
1292 1.137708e-04
1293 1.137745e-04
1294 1.137749e-04
1295 1.137720e-04
1296 1.137659e-04
1297 1.137565e-04
1298 1.137437e-04
1299 1.137277e-04
1300 1.137085e-04
1301 1.136859e-04
1302 1.136600e-04
1303 1.136309e-04
1304 1.135985e-04
1305 1.135628e-04
1306 1.135238e-04
1307 1.134815e-04
1308 1.134360e-04
1309 1.133872e-04
1310 1.133351e-04
1311 1.132798e-04
1312 1.132212e-04
1313 1.131594e-04
1314 1.130943e-04
1315 1.130260e-04
1316 1.129544e-04
1317 1.128796e-04
1318 1.128016e-04
1319 1.127204e-04
1320 1.126360e-04
1321 1.125484e-04
1322 1.124576e-04
1323 1.123636e-04
1324 1.122664e-04
1325 1.121661e-04
1326 1.120627e-04
1327 1.119561e-04
1328 1.118464e-04
1329 1.117336e-04
1330 1.116176e-04
1331 1.114986e-04
1332 1.113765e-04
1333 1.112514e-04
1334 1.111232e-04
1335 1.109920e-04
1336 1.108577e-04
1337 1.107205e-04
1338 1.105802e-04
1339 1.104370e-04
1340 1.102908e-04
1341 1.101417e-04
1342 1.099896e-04
1343 1.098346e-04
1344 1.096768e-04
1345 1.095160e-04
1346 1.093524e-04
1347 1.091859e-04
1348 1.090167e-04
1349 1.088446e-04
1350 1.086697e-04
1351 1.084920e-04
1352 1.083116e-04
1353 1.081285e-04
1354 1.079426e-04
1355 1.077541e-04
1356 1.075629e-04
1357 1.073690e-04
1358 1.071725e-04
1359 1.069734e-04
1360 1.067717e-04
1361 1.065674e-04
1362 1.063606e-04
1363 1.061512e-04
1364 1.059393e-04
1365 1.057250e-04
1366 1.055082e-04
1367 1.052889e-04
1368 1.050673e-04
1369 1.048432e-04
1370 1.046168e-04
1371 1.043880e-04
1372 1.041569e-04
1373 1.039235e-04
1374 1.036878e-04
1375 1.034499e-04
1376 1.032098e-04
1377 1.029674e-04
1378 1.027229e-04
1379 1.024762e-04
1380 1.022273e-04
1381 1.019764e-04
1382 1.017234e-04
1383 1.014683e-04
1384 1.012112e-04
1385 1.009521e-04
1386 1.006910e-04
1387 1.004280e-04
1388 1.001630e-04
1389 9.989616e-05
1390 9.962741e-05
1391 9.935681e-05
1392 9.908439e-05
1393 9.881017e-05
1394 9.853417e-05
1395 9.825643e-05
1396 9.797697e-05
1397 9.769581e-05
1398 9.741299e-05
1399 9.712852e-05
1400 9.684245e-05
1401 9.655478e-05
1402 9.626556e-05
1403 9.597480e-05
1404 9.568254e-05
1405 9.538879e-05
1406 9.509360e-05
1407 9.479697e-05
1408 9.449895e-05
1409 9.419956e-05
1410 9.389882e-05
1411 9.359676e-05
1412 9.329341e-05
1413 9.298880e-05
1414 9.268295e-05
1415 9.237589e-05
1416 9.206764e-05
1417 9.175824e-05
1418 9.144771e-05
1419 9.113608e-05
1420 9.082337e-05
1421 9.050962e-05
1422 9.019484e-05
1423 8.987906e-05
1424 8.956232e-05
1425 8.924464e-05
1426 8.892604e-05
1427 8.860655e-05
1428 8.828620e-05
1429 8.796501e-05
1430 8.764301e-05
1431 8.732023e-05
1432 8.699669e-05
1433 8.667242e-05
1434 8.634745e-05
1435 8.602179e-05
1436 8.569548e-05
1437 8.536855e-05
1438 8.504101e-05
1439 8.471289e-05
1440 8.438422e-05
1441 8.405503e-05
1442 8.372533e-05
1443 8.339516e-05
1444 8.306453e-05
1445 8.273348e-05
1446 8.240203e-05
1447 8.207019e-05
1448 8.173801e-05
1449 8.140549e-05
1450 8.107266e-05
1451 8.073956e-05
1452 8.040619e-05
1453 8.007259e-05
1454 7.973878e-05
1455 7.940477e-05
1456 7.907060e-05
1457 7.873629e-05
1458 7.840186e-05
1459 7.806732e-05
1460 7.773271e-05
1461 7.739804e-05
1462 7.706334e-05
1463 7.672863e-05
1464 7.639393e-05
1465 7.605925e-05
1466 7.572463e-05
1467 7.539009e-05
1468 7.505563e-05
1469 7.472129e-05
1470 7.438709e-05
1471 7.405303e-05
1472 7.371916e-05
1473 7.338547e-05
1474 7.305200e-05
1475 7.271877e-05
1476 7.238579e-05
1477 7.205308e-05
1478 7.172066e-05
1479 7.138854e-05
1480 7.105676e-05
1481 7.072533e-05
1482 7.039426e-05
1483 7.006357e-05
1484 6.973329e-05
1485 6.940342e-05
1486 6.907399e-05
1487 6.874502e-05
1488 6.841651e-05
1489 6.808850e-05
1490 6.776099e-05
1491 6.743400e-05
1492 6.710756e-05
1493 6.678167e-05
1494 6.645635e-05
1495 6.613162e-05
1496 6.580749e-05
1497 6.548399e-05
1498 6.516112e-05
1499 6.483890e-05
1500 6.451735e-05
1501 6.419648e-05
1502 6.387631e-05
1503 6.355685e-05
1504 6.323812e-05
1505 6.292013e-05
1506 6.260289e-05
1507 6.228643e-05
1508 6.197075e-05
1509 6.165587e-05
1510 6.134180e-05
1511 6.102856e-05
1512 6.071616e-05
1513 6.040461e-05
1514 6.009392e-05
1515 5.978412e-05
1516 5.947521e-05
1517 5.916720e-05
1518 5.886011e-05
1519 5.855395e-05
1520 5.824873e-05
1521 5.794447e-05
1522 5.764118e-05
1523 5.733886e-05
1524 5.703754e-05
1525 5.673721e-05
1526 5.643790e-05
1527 5.613962e-05
1528 5.584237e-05
1529 5.554617e-05
1530 5.525102e-05
1531 5.495695e-05
1532 5.466395e-05
1533 5.437204e-05
1534 5.408124e-05
1535 5.379154e-05
1536 5.350297e-05
1537 5.321552e-05
1538 5.292921e-05
1539 5.264406e-05
1540 5.236006e-05
1541 5.207723e-05
1542 5.179558e-05
1543 5.151512e-05
1544 5.123585e-05
1545 5.095778e-05
1546 5.068093e-05
1547 5.040530e-05
1548 5.013090e-05
1549 4.985774e-05
1550 4.958583e-05
1551 4.931517e-05
1552 4.904577e-05
1553 4.877764e-05
1554 4.851079e-05
1555 4.824523e-05
1556 4.798096e-05
1557 4.771798e-05
1558 4.745632e-05
1559 4.719596e-05
1560 4.693693e-05
1561 4.667923e-05
1562 4.642286e-05
1563 4.616782e-05
1564 4.591414e-05
1565 4.566181e-05
1566 4.541084e-05
1567 4.516123e-05
1568 4.491299e-05
1569 4.466613e-05
1570 4.442065e-05
1571 4.417656e-05
1572 4.393386e-05
1573 4.369256e-05
1574 4.345266e-05
1575 4.321417e-05
1576 4.297709e-05
1577 4.274143e-05
1578 4.250719e-05
1579 4.227438e-05
1580 4.204300e-05
1581 4.181305e-05
1582 4.158455e-05
1583 4.135748e-05
1584 4.113187e-05
1585 4.090770e-05
1586 4.068499e-05
1587 4.046374e-05
1588 4.024395e-05
1589 4.002562e-05
1590 3.980876e-05
1591 3.959337e-05
1592 3.937946e-05
1593 3.916703e-05
1594 3.895607e-05
1595 3.874660e-05
1596 3.853861e-05
1597 3.833211e-05
1598 3.812710e-05
1599 3.792358e-05
1600 3.772155e-05
1601 3.752102e-05
1602 3.732199e-05
1603 3.712446e-05
1604 3.692843e-05
1605 3.673390e-05
1606 3.654088e-05
1607 3.634936e-05
1608 3.615935e-05
1609 3.597085e-05
1610 3.578386e-05
1611 3.559837e-05
1612 3.541440e-05
1613 3.523194e-05
1614 3.505100e-05
1615 3.487156e-05
1616 3.469364e-05
1617 3.451723e-05
1618 3.434234e-05
1619 3.416896e-05
1620 3.399709e-05
1621 3.382674e-05
1622 3.365790e-05
1623 3.349058e-05
1624 3.332477e-05
1625 3.316047e-05
1626 3.299768e-05
1627 3.283641e-05
1628 3.267665e-05
1629 3.251839e-05
1630 3.236165e-05
1631 3.220641e-05
1632 3.205268e-05
1633 3.190046e-05
1634 3.174974e-05
1635 3.160053e-05
1636 3.145281e-05
1637 3.130660e-05
1638 3.116188e-05
1639 3.101866e-05
1640 3.087694e-05
1641 3.073671e-05
1642 3.059797e-05
1643 3.046072e-05
1644 3.032495e-05
1645 3.019067e-05
1646 3.005787e-05
1647 2.992655e-05
1648 2.979671e-05
1649 2.966834e-05
1650 2.954145e-05
1651 2.941602e-05
1652 2.929206e-05
1653 2.916956e-05
1654 2.904853e-05
1655 2.892895e-05
1656 2.881082e-05
1657 2.869415e-05
1658 2.857892e-05
1659 2.846513e-05
1660 2.835279e-05
1661 2.824188e-05
1662 2.813241e-05
1663 2.802437e-05
1664 2.791775e-05
1665 2.781255e-05
1666 2.770877e-05
1667 2.760641e-05
1668 2.750545e-05
1669 2.740590e-05
1670 2.730775e-05
1671 2.721100e-05
1672 2.711564e-05
1673 2.702167e-05
1674 2.692908e-05
1675 2.683787e-05
1676 2.674803e-05
1677 2.665956e-05
1678 2.657246e-05
1679 2.648672e-05
1680 2.640233e-05
1681 2.631929e-05
1682 2.623760e-05
1683 2.615725e-05
1684 2.607823e-05
1685 2.600054e-05
1686 2.592417e-05
1687 2.584912e-05
1688 2.577538e-05
1689 2.570295e-05
1690 2.563182e-05
1691 2.556199e-05
1692 2.549344e-05
1693 2.542618e-05
1694 2.536020e-05
1695 2.529549e-05
1696 2.523205e-05
1697 2.516986e-05
1698 2.510893e-05
1699 2.504925e-05
1700 2.499081e-05
1701 2.493361e-05
1702 2.487763e-05
1703 2.482288e-05
1704 2.476934e-05
1705 2.471701e-05
1706 2.466589e-05
1707 2.461596e-05
1708 2.456722e-05
1709 2.451966e-05
1710 2.447328e-05
1711 2.442807e-05
1712 2.438402e-05
1713 2.434113e-05
1714 2.429938e-05
1715 2.425878e-05
1716 2.421930e-05
1717 2.418096e-05
1718 2.414374e-05
1719 2.410763e-05
1720 2.407262e-05
1721 2.403871e-05
1722 2.400589e-05
1723 2.397416e-05
1724 2.394350e-05
1725 2.391391e-05
1726 2.388537e-05
1727 2.385790e-05
1728 2.383146e-05
1729 2.380606e-05
1730 2.378170e-05
1731 2.375835e-05
1732 2.373602e-05
1733 2.371469e-05
1734 2.369436e-05
1735 2.367502e-05
1736 2.365666e-05
1737 2.363928e-05
1738 2.362286e-05
1739 2.360740e-05
1740 2.359289e-05
1741 2.357932e-05
1742 2.356668e-05
1743 2.355497e-05
1744 2.354417e-05
1745 2.353429e-05
1746 2.352530e-05
1747 2.351720e-05
1748 2.350998e-05
1749 2.350364e-05
1750 2.349816e-05
1751 2.349354e-05
1752 2.348977e-05
1753 2.348684e-05
1754 2.348473e-05
1755 2.348345e-05
1756 2.348299e-05
1757 2.348333e-05
1758 2.348446e-05
1759 2.348638e-05
1760 2.348908e-05
1761 2.349255e-05
1762 2.349677e-05
1763 2.350175e-05
1764 2.350748e-05
1765 2.351393e-05
1766 2.352111e-05
1767 2.352900e-05
1768 2.353760e-05
1769 2.354690e-05
1770 2.355689e-05
1771 2.356755e-05
1772 2.357888e-05
1773 2.359088e-05
1774 2.360352e-05
1775 2.361681e-05
1776 2.363073e-05
1777 2.364527e-05
1778 2.366043e-05
1779 2.367619e-05
1780 2.369254e-05
1781 2.370948e-05
1782 2.372700e-05
1783 2.374509e-05
1784 2.376373e-05
1785 2.378292e-05
1786 2.380266e-05
1787 2.382292e-05
1788 2.384370e-05
1789 2.386499e-05
1790 2.388678e-05
1791 2.390906e-05
1792 2.393182e-05
1793 2.395506e-05
1794 2.397876e-05
1795 2.400291e-05
1796 2.402751e-05
1797 2.405254e-05
1798 2.407799e-05
1799 2.410386e-05
1800 2.413013e-05
1801 2.415680e-05
1802 2.418386e-05
1803 2.421129e-05
1804 2.423909e-05
1805 2.426724e-05
1806 2.429574e-05
1807 2.432458e-05
1808 2.435375e-05
1809 2.438324e-05
1810 2.441303e-05
1811 2.444312e-05
1812 2.447350e-05
1813 2.450416e-05
1814 2.453509e-05
1815 2.456628e-05
1816 2.459772e-05
1817 2.462940e-05
1818 2.466131e-05
1819 2.469345e-05
1820 2.472579e-05
1821 2.475834e-05
1822 2.479107e-05
1823 2.482399e-05
1824 2.485708e-05
1825 2.489034e-05
1826 2.492374e-05
1827 2.495730e-05
1828 2.499098e-05
1829 2.502479e-05
1830 2.505871e-05
1831 2.509274e-05
1832 2.512686e-05
1833 2.516107e-05
1834 2.519535e-05
1835 2.522970e-05
1836 2.526411e-05
1837 2.529856e-05
1838 2.533305e-05
1839 2.536757e-05
1840 2.540211e-05
1841 2.543665e-05
1842 2.547119e-05
1843 2.550573e-05
1844 2.554024e-05
1845 2.557472e-05
1846 2.560916e-05
1847 2.564356e-05
1848 2.567789e-05
1849 2.571216e-05
1850 2.574635e-05
1851 2.578045e-05
1852 2.581446e-05
1853 2.584836e-05
1854 2.588215e-05
1855 2.591581e-05
1856 2.594934e-05
1857 2.598273e-05
1858 2.601596e-05
1859 2.604903e-05
1860 2.608193e-05
1861 2.611465e-05
1862 2.614718e-05
1863 2.617952e-05
1864 2.621164e-05
1865 2.624355e-05
1866 2.627523e-05
1867 2.630668e-05
1868 2.633788e-05
1869 2.636883e-05
1870 2.639951e-05
1871 2.642993e-05
1872 2.646006e-05
1873 2.648990e-05
1874 2.651945e-05
1875 2.654869e-05
1876 2.657761e-05
1877 2.660620e-05
1878 2.663447e-05
1879 2.666239e-05
1880 2.668996e-05
1881 2.671716e-05
1882 2.674400e-05
1883 2.677046e-05
1884 2.679654e-05
1885 2.682222e-05
1886 2.684750e-05
1887 2.687236e-05
1888 2.689681e-05
1889 2.692082e-05
1890 2.694440e-05
1891 2.696753e-05
1892 2.699021e-05
1893 2.701242e-05
1894 2.703417e-05
1895 2.705543e-05
1896 2.707621e-05
1897 2.709649e-05
1898 2.711627e-05
1899 2.713554e-05
1900 2.715429e-05
1901 2.717250e-05
1902 2.719019e-05
1903 2.720733e-05
1904 2.722392e-05
1905 2.723995e-05
1906 2.725541e-05
1907 2.727029e-05
1908 2.728460e-05
1909 2.729831e-05
1910 2.731143e-05
1911 2.732394e-05
1912 2.733583e-05
1913 2.734711e-05
1914 2.735776e-05
1915 2.736777e-05
1916 2.737714e-05
1917 2.738586e-05
1918 2.739392e-05
1919 2.740131e-05
1920 2.740804e-05
1921 2.741409e-05
1922 2.741945e-05
1923 2.742411e-05
1924 2.742808e-05
1925 2.743134e-05
1926 2.743389e-05
1927 2.743572e-05
1928 2.743682e-05
1929 2.743719e-05
1930 2.743681e-05
1931 2.743569e-05
1932 2.743382e-05
1933 2.743118e-05
1934 2.742778e-05
1935 2.742361e-05
1936 2.741866e-05
1937 2.741292e-05
1938 2.740639e-05
1939 2.739906e-05
1940 2.739093e-05
1941 2.738199e-05
1942 2.737224e-05
1943 2.736166e-05
1944 2.735026e-05
1945 2.733803e-05
1946 2.732495e-05
1947 2.731103e-05
1948 2.729627e-05
1949 2.728064e-05
1950 2.726416e-05
1951 2.724681e-05
1952 2.722859e-05
1953 2.720950e-05
1954 2.718952e-05
1955 2.716865e-05
1956 2.714690e-05
1957 2.712425e-05
1958 2.710069e-05
1959 2.707623e-05
1960 2.705086e-05
1961 2.702457e-05
1962 2.699737e-05
1963 2.696923e-05
1964 2.694017e-05
1965 2.691018e-05
1966 2.687925e-05
1967 2.684737e-05
1968 2.681455e-05
1969 2.678078e-05
1970 2.674605e-05
1971 2.671037e-05
1972 2.667373e-05
1973 2.663611e-05
1974 2.659753e-05
1975 2.655798e-05
1976 2.651744e-05
1977 2.647593e-05
1978 2.643344e-05
1979 2.638995e-05
1980 2.634548e-05
1981 2.630001e-05
1982 2.625355e-05
1983 2.620609e-05
1984 2.615762e-05
1985 2.610815e-05
1986 2.605768e-05
1987 2.600619e-05
1988 2.595368e-05
1989 2.590017e-05
1990 2.584563e-05
1991 2.579008e-05
1992 2.573350e-05
1993 2.567589e-05
1994 2.561726e-05
1995 2.555760e-05
1996 2.549691e-05
1997 2.543519e-05
1998 2.537243e-05
1999 2.530864e-05
2000 2.524381e-05
2001 2.517794e-05
