0 1.024917e-06
1 1.024917e-06
2 1.024917e-06
3 1.865229e-06
4 2.761775e-06
5 3.704485e-06
6 4.684322e-06
7 5.693232e-06
8 6.724093e-06
9 7.770665e-06
10 8.827542e-06
11 9.890096e-06
12 1.095443e-05
13 1.201734e-05
14 1.307624e-05
15 1.412912e-05
16 1.517451e-05
17 1.621142e-05
18 1.723930e-05
19 1.825796e-05
20 1.926754e-05
21 2.026848e-05
22 2.126142e-05
23 2.224721e-05
24 2.322681e-05
25 2.420125e-05
26 2.517161e-05
27 2.613894e-05
28 2.710419e-05
29 2.806824e-05
30 2.903175e-05
31 2.999518e-05
32 3.095872e-05
33 3.192221e-05
34 3.288517e-05
35 3.384682e-05
36 3.480615e-05
37 3.576198e-05
38 3.671307e-05
39 3.765817e-05
40 3.859611e-05
41 3.952584e-05
42 4.044653e-05
43 4.135765e-05
44 4.225900e-05
45 4.315069e-05
46 4.403308e-05
47 4.490673e-05
48 4.577237e-05
49 4.663079e-05
50 4.748286e-05
51 4.832942e-05
52 4.917123e-05
53 5.000897e-05
54 5.084314e-05
55 5.167407e-05
56 5.250198e-05
57 5.332695e-05
58 5.414894e-05
59 5.496782e-05
60 5.578339e-05
61 5.659536e-05
62 5.740342e-05
63 5.820720e-05
64 5.900631e-05
65 5.980037e-05
66 6.058900e-05
67 6.137182e-05
68 6.214850e-05
69 6.291876e-05
70 6.368235e-05
71 6.443911e-05
72 6.518897e-05
73 6.593193e-05
74 6.666812e-05
75 6.739772e-05
76 6.812102e-05
77 6.883831e-05
78 6.954992e-05
79 7.025618e-05
80 7.095739e-05
81 7.165380e-05
82 7.234560e-05
83 7.303288e-05
84 7.371563e-05
85 7.439375e-05
86 7.506707e-05
87 7.573537e-05
88 7.639839e-05
89 7.705589e-05
90 7.770761e-05
91 7.835334e-05
92 7.899295e-05
93 7.962634e-05
94 8.025355e-05
95 8.087466e-05
96 8.148986e-05
97 8.209936e-05
98 8.270345e-05
99 8.330241e-05
100 8.389657e-05
101 8.448623e-05
102 8.507171e-05
103 8.565327e-05
104 8.623114e-05
105 8.680554e-05
106 8.737661e-05
107 8.794448e-05
108 8.850924e-05
109 8.907095e-05
110 8.962965e-05
111 9.018535e-05
112 9.073802e-05
113 9.128763e-05
114 9.183412e-05
115 9.237742e-05
116 9.291743e-05
117 9.345406e-05
118 9.398719e-05
119 9.451670e-05
120 9.504246e-05
121 9.556435e-05
122 9.608223e-05
123 9.659596e-05
124 9.710543e-05
125 9.761050e-05
126 9.811106e-05
127 9.860701e-05
128 9.909824e-05
129 9.958468e-05
130 1.000663e-04
131 1.005429e-04
132 1.010147e-04
133 1.014815e-04
134 1.019434e-04
135 1.024005e-04
136 1.028527e-04
137 1.033003e-04
138 1.037432e-04
139 1.041817e-04
140 1.046158e-04
141 1.050457e-04
142 1.054716e-04
143 1.058937e-04
144 1.063122e-04
145 1.067272e-04
146 1.071389e-04
147 1.075476e-04
148 1.079535e-04
149 1.083568e-04
150 1.087577e-04
151 1.091564e-04
152 1.095532e-04
153 1.099482e-04
154 1.103416e-04
155 1.107337e-04
156 1.111246e-04
157 1.115146e-04
158 1.119037e-04
159 1.122921e-04
160 1.126800e-04
161 1.130675e-04
162 1.134547e-04
163 1.138417e-04
164 1.142285e-04
165 1.146152e-04
166 1.150018e-04
167 1.153883e-04
168 1.157748e-04
169 1.161611e-04
170 1.165474e-04
171 1.169334e-04
172 1.173192e-04
173 1.177047e-04
174 1.180898e-04
175 1.184745e-04
176 1.188586e-04
177 1.192421e-04
178 1.196249e-04
179 1.200068e-04
180 1.203877e-04
181 1.207677e-04
182 1.211465e-04
183 1.215241e-04
184 1.219004e-04
185 1.222752e-04
186 1.226486e-04
187 1.230204e-04
188 1.233906e-04
189 1.237592e-04
190 1.241260e-04
191 1.244911e-04
192 1.248544e-04
193 1.252160e-04
194 1.255758e-04
195 1.259339e-04
196 1.262904e-04
197 1.266452e-04
198 1.269986e-04
199 1.273504e-04
200 1.277009e-04
201 1.280501e-04
202 1.283982e-04
203 1.287453e-04
204 1.290914e-04
205 1.294367e-04
206 1.297814e-04
207 1.301256e-04
208 1.304694e-04
209 1.308129e-04
210 1.311563e-04
211 1.314997e-04
212 1.318433e-04
213 1.321871e-04
214 1.325314e-04
215 1.328762e-04
216 1.332216e-04
217 1.335678e-04
218 1.339148e-04
219 1.342627e-04
220 1.346117e-04
221 1.349617e-04
222 1.353129e-04
223 1.356652e-04
224 1.360188e-04
225 1.363735e-04
226 1.367294e-04
227 1.370866e-04
228 1.374449e-04
229 1.378043e-04
230 1.381649e-04
231 1.385265e-04
232 1.388890e-04
233 1.392525e-04
234 1.396168e-04
235 1.399819e-04
236 1.403476e-04
237 1.407139e-04
238 1.410807e-04
239 1.414480e-04
240 1.418155e-04
241 1.421832e-04
242 1.425510e-04
243 1.429188e-04
244 1.432866e-04
245 1.436542e-04
246 1.440216e-04
247 1.443886e-04
248 1.447552e-04
249 1.451213e-04
250 1.454869e-04
251 1.458518e-04
252 1.462161e-04
253 1.465798e-04
254 1.469427e-04
255 1.473049e-04
256 1.476663e-04
257 1.480270e-04
258 1.483869e-04
259 1.487462e-04
260 1.491047e-04
261 1.494625e-04
262 1.498197e-04
263 1.501763e-04
264 1.505323e-04
265 1.508877e-04
266 1.512427e-04
267 1.515973e-04
268 1.519515e-04
269 1.523054e-04
270 1.526590e-04
271 1.530125e-04
272 1.533658e-04
273 1.537190e-04
274 1.540721e-04
275 1.544253e-04
276 1.547786e-04
277 1.551319e-04
278 1.554854e-04
279 1.558392e-04
280 1.561931e-04
281 1.565474e-04
282 1.569019e-04
283 1.572567e-04
284 1.576119e-04
285 1.579674e-04
286 1.583232e-04
287 1.586793e-04
288 1.590357e-04
289 1.593924e-04
290 1.597494e-04
291 1.601066e-04
292 1.604640e-04
293 1.608215e-04
294 1.611792e-04
295 1.615370e-04
296 1.618948e-04
297 1.622526e-04
298 1.626103e-04
299 1.629679e-04
300 1.633253e-04
301 1.636825e-04
302 1.640393e-04
303 1.643959e-04
304 1.647520e-04
305 1.651076e-04
306 1.654627e-04
307 1.658173e-04
308 1.661711e-04
309 1.665243e-04
310 1.668767e-04
311 1.672283e-04
312 1.675790e-04
313 1.679288e-04
314 1.682776e-04
315 1.686254e-04
316 1.689722e-04
317 1.693179e-04
318 1.696624e-04
319 1.700058e-04
320 1.703480e-04
321 1.706890e-04
322 1.710287e-04
323 1.713672e-04
324 1.717043e-04
325 1.720402e-04
326 1.723747e-04
327 1.727078e-04
328 1.730396e-04
329 1.733700e-04
330 1.736990e-04
331 1.740266e-04
332 1.743527e-04
333 1.746775e-04
334 1.750008e-04
335 1.753227e-04
336 1.756431e-04
337 1.759622e-04
338 1.762797e-04
339 1.765959e-04
340 1.769106e-04
341 1.772239e-04
342 1.775357e-04
343 1.778461e-04
344 1.781551e-04
345 1.784627e-04
346 1.787689e-04
347 1.790737e-04
348 1.793771e-04
349 1.796791e-04
350 1.799797e-04
351 1.802789e-04
352 1.805768e-04
353 1.808733e-04
354 1.811685e-04
355 1.814623e-04
356 1.817547e-04
357 1.820458e-04
358 1.823356e-04
359 1.826240e-04
360 1.829110e-04
361 1.831967e-04
362 1.834810e-04
363 1.837640e-04
364 1.840456e-04
365 1.843258e-04
366 1.846045e-04
367 1.848819e-04
368 1.851578e-04
369 1.854322e-04
370 1.857051e-04
371 1.859765e-04
372 1.862463e-04
373 1.865146e-04
374 1.867811e-04
375 1.870460e-04
376 1.873092e-04
377 1.875706e-04
378 1.878301e-04
379 1.880878e-04
380 1.883435e-04
381 1.885971e-04
382 1.888488e-04
383 1.890983e-04
384 1.893456e-04
385 1.895908e-04
386 1.898336e-04
387 1.900740e-04
388 1.903121e-04
389 1.905477e-04
390 1.907809e-04
391 1.910114e-04
392 1.912394e-04
393 1.914648e-04
394 1.916875e-04
395 1.919075e-04
396 1.921247e-04
397 1.923392e-04
398 1.925510e-04
399 1.927599e-04
400 1.929661e-04
401 1.931695e-04
402 1.933701e-04
403 1.935679e-04
404 1.937630e-04
405 1.939554e-04
406 1.941451e-04
407 1.943322e-04
408 1.945167e-04
409 1.946986e-04
410 1.948781e-04
411 1.950551e-04
412 1.952298e-04
413 1.954022e-04
414 1.955724e-04
415 1.957405e-04
416 1.959065e-04
417 1.960705e-04
418 1.962326e-04
419 1.963929e-04
420 1.965514e-04
421 1.967083e-04
422 1.968635e-04
423 1.970173e-04
424 1.971696e-04
425 1.973206e-04
426 1.974703e-04
427 1.976187e-04
428 1.977660e-04
429 1.979122e-04
430 1.980573e-04
431 1.982014e-04
432 1.983446e-04
433 1.984868e-04
434 1.986282e-04
435 1.987687e-04
436 1.989084e-04
437 1.990472e-04
438 1.991853e-04
439 1.993225e-04
440 1.994589e-04
441 1.995945e-04
442 1.997293e-04
443 1.998633e-04
444 1.999964e-04
445 2.001287e-04
446 2.002601e-04
447 2.003905e-04
448 2.005201e-04
449 2.006487e-04
450 2.007764e-04
451 2.009030e-04
452 2.010286e-04
453 2.011532e-04
454 2.012767e-04
455 2.013991e-04
456 2.015203e-04
457 2.016404e-04
458 2.017593e-04
459 2.018771e-04
460 2.019936e-04
461 2.021089e-04
462 2.022229e-04
463 2.023357e-04
464 2.024472e-04
465 2.025575e-04
466 2.026665e-04
467 2.027742e-04
468 2.028807e-04
469 2.029859e-04
470 2.030899e-04
471 2.031927e-04
472 2.032943e-04
473 2.033947e-04
474 2.034939e-04
475 2.035920e-04
476 2.036890e-04
477 2.037850e-04
478 2.038799e-04
479 2.039738e-04
480 2.040667e-04
481 2.041587e-04
482 2.042498e-04
483 2.043401e-04
484 2.044296e-04
485 2.045182e-04
486 2.046062e-04
487 2.046935e-04
488 2.047802e-04
489 2.048664e-04
490 2.049520e-04
491 2.050371e-04
492 2.051218e-04
493 2.052062e-04
494 2.052902e-04
495 2.053740e-04
496 2.054576e-04
497 2.055411e-04
498 2.056244e-04
499 2.057078e-04
500 2.057911e-04
501 2.058745e-04
502 2.059581e-04
503 2.060418e-04
504 2.061258e-04
505 2.062100e-04
506 2.062946e-04
507 2.063795e-04
508 2.064649e-04
509 2.065508e-04
510 2.066372e-04
511 2.067241e-04
512 2.068117e-04
513 2.068999e-04
514 2.069888e-04
515 2.070784e-04
516 2.071687e-04
517 2.072599e-04
518 2.073518e-04
519 2.074446e-04
520 2.075383e-04
521 2.076328e-04
522 2.077282e-04
523 2.078246e-04
524 2.079218e-04
525 2.080200e-04
526 2.081191e-04
527 2.082191e-04
528 2.083200e-04
529 2.084218e-04
530 2.085246e-04
531 2.086282e-04
532 2.087328e-04
533 2.088382e-04
534 2.089444e-04
535 2.090515e-04
536 2.091594e-04
537 2.092680e-04
538 2.093774e-04
539 2.094876e-04
540 2.095985e-04
541 2.097100e-04
542 2.098222e-04
543 2.099349e-04
544 2.100483e-04
545 2.101622e-04
546 2.102767e-04
547 2.103916e-04
548 2.105069e-04
549 2.106227e-04
550 2.107389e-04
551 2.108554e-04
552 2.109722e-04
553 2.110893e-04
554 2.112066e-04
555 2.113241e-04
556 2.114418e-04
557 2.115597e-04
558 2.116777e-04
559 2.117957e-04
560 2.119138e-04
561 2.120319e-04
562 2.121501e-04
563 2.122681e-04
564 2.123862e-04
565 2.125041e-04
566 2.126219e-04
567 2.127395e-04
568 2.128570e-04
569 2.129742e-04
570 2.130912e-04
571 2.132080e-04
572 2.133245e-04
573 2.134406e-04
574 2.135565e-04
575 2.136719e-04
576 2.137870e-04
577 2.139017e-04
578 2.140159e-04
579 2.141296e-04
580 2.142429e-04
581 2.143557e-04
582 2.144679e-04
583 2.145796e-04
584 2.146908e-04
585 2.148013e-04
586 2.149112e-04
587 2.150204e-04
588 2.151290e-04
589 2.152369e-04
590 2.153442e-04
591 2.154506e-04
592 2.155564e-04
593 2.156614e-04
594 2.157656e-04
595 2.158690e-04
596 2.159715e-04
597 2.160733e-04
598 2.161741e-04
599 2.162741e-04
600 2.163732e-04
601 2.164714e-04
602 2.165686e-04
603 2.166649e-04
604 2.167602e-04
605 2.168545e-04
606 2.169478e-04
607 2.170401e-04
608 2.171314e-04
609 2.172216e-04
610 2.173107e-04
611 2.173987e-04
612 2.174856e-04
613 2.175714e-04
614 2.176561e-04
615 2.177396e-04
616 2.178219e-04
617 2.179030e-04
618 2.179829e-04
619 2.180616e-04
620 2.181391e-04
621 2.182153e-04
622 2.182903e-04
623 2.183639e-04
624 2.184363e-04
625 2.185073e-04
626 2.185770e-04
627 2.186454e-04
628 2.187124e-04
629 2.187780e-04
630 2.188422e-04
631 2.189050e-04
632 2.189664e-04
633 2.190263e-04
634 2.190848e-04
635 2.191419e-04
636 2.191974e-04
637 2.192514e-04
638 2.193039e-04
639 2.193549e-04
640 2.194044e-04
641 2.194522e-04
642 2.194985e-04
643 2.195432e-04
644 2.195863e-04
645 2.196278e-04
646 2.196676e-04
647 2.197058e-04
648 2.197423e-04
649 2.197771e-04
650 2.198102e-04
651 2.198416e-04
652 2.198712e-04
653 2.198991e-04
654 2.199252e-04
655 2.199495e-04
656 2.199721e-04
657 2.199928e-04
658 2.200116e-04
659 2.200286e-04
660 2.200438e-04
661 2.200570e-04
662 2.200684e-04
663 2.200778e-04
664 2.200853e-04
665 2.200908e-04
666 2.200943e-04
667 2.200959e-04
668 2.200954e-04
669 2.200929e-04
670 2.200884e-04
671 2.200818e-04
672 2.200732e-04
673 2.200624e-04
674 2.200495e-04
675 2.200346e-04
676 2.200174e-04
677 2.199981e-04
678 2.199766e-04
679 2.199530e-04
680 2.199271e-04
681 2.198990e-04
682 2.198686e-04
683 2.198360e-04
684 2.198011e-04
685 2.197640e-04
686 2.197245e-04
687 2.196827e-04
688 2.196386e-04
689 2.195921e-04
690 2.195433e-04
691 2.194921e-04
692 2.194384e-04
693 2.193824e-04
694 2.193240e-04
695 2.192631e-04
696 2.191998e-04
697 2.191341e-04
698 2.190658e-04
699 2.189951e-04
700 2.189219e-04
701 2.188462e-04
702 2.187679e-04
703 2.186872e-04
704 2.186039e-04
705 2.185180e-04
706 2.184296e-04
707 2.183386e-04
708 2.182451e-04
709 2.181489e-04
710 2.180502e-04
711 2.179489e-04
712 2.178449e-04
713 2.177384e-04
714 2.176292e-04
715 2.175174e-04
716 2.174030e-04
717 2.172859e-04
718 2.171662e-04
719 2.170438e-04
720 2.169188e-04
721 2.167911e-04
722 2.166608e-04
723 2.165278e-04
724 2.163922e-04
725 2.162539e-04
726 2.161129e-04
727 2.159693e-04
728 2.158230e-04
729 2.156740e-04
730 2.155224e-04
731 2.153682e-04
732 2.152112e-04
733 2.150517e-04
734 2.148895e-04
735 2.147246e-04
736 2.145571e-04
737 2.143870e-04
738 2.142143e-04
739 2.140389e-04
740 2.138609e-04
741 2.136804e-04
742 2.134972e-04
743 2.133115e-04
744 2.131232e-04
745 2.129323e-04
746 2.127389e-04
747 2.125430e-04
748 2.123446e-04
749 2.121436e-04
750 2.119402e-04
751 2.117343e-04
752 2.115259e-04
753 2.113151e-04
754 2.111019e-04
755 2.108863e-04
756 2.106683e-04
757 2.104480e-04
758 2.102253e-04
759 2.100003e-04
760 2.097730e-04
761 2.095435e-04
762 2.093117e-04
763 2.090777e-04
764 2.088415e-04
765 2.086031e-04
766 2.083626e-04
767 2.081200e-04
768 2.078753e-04
769 2.076285e-04
770 2.073797e-04
771 2.071289e-04
772 2.068762e-04
773 2.066215e-04
774 2.063649e-04
775 2.061065e-04
776 2.058462e-04
777 2.055841e-04
778 2.053202e-04
779 2.050546e-04
780 2.047873e-04
781 2.045183e-04
782 2.042476e-04
783 2.039754e-04
784 2.037016e-04
785 2.034262e-04
786 2.031494e-04
787 2.028710e-04
788 2.025913e-04
789 2.023102e-04
790 2.020277e-04
791 2.017439e-04
792 2.014588e-04
793 2.011725e-04
794 2.008850e-04
795 2.005963e-04
796 2.003064e-04
797 2.000155e-04
798 1.997235e-04
799 1.994306e-04
800 1.991366e-04
801 1.988417e-04
802 1.985458e-04
803 1.982492e-04
804 1.979516e-04
805 1.976533e-04
806 1.973543e-04
807 1.970545e-04
808 1.967540e-04
809 1.964529e-04
810 1.961512e-04
811 1.958490e-04
812 1.955462e-04
813 1.952429e-04
814 1.949392e-04
815 1.946350e-04
816 1.943305e-04
817 1.940256e-04
818 1.937204e-04
819 1.934149e-04
820 1.931092e-04
821 1.928033e-04
822 1.924972e-04
823 1.921910e-04
824 1.918847e-04
825 1.915783e-04
826 1.912719e-04
827 1.909655e-04
828 1.906591e-04
829 1.903528e-04
830 1.900466e-04
831 1.897405e-04
832 1.894345e-04
833 1.891288e-04
834 1.888233e-04
835 1.885180e-04
836 1.882130e-04
837 1.879083e-04
838 1.876039e-04
839 1.872999e-04
840 1.869963e-04
841 1.866931e-04
842 1.863903e-04
843 1.860880e-04
844 1.857862e-04
845 1.854848e-04
846 1.851841e-04
847 1.848838e-04
848 1.845842e-04
849 1.842851e-04
850 1.839866e-04
851 1.836888e-04
852 1.833916e-04
853 1.830951e-04
854 1.827993e-04
855 1.825042e-04
856 1.822098e-04
857 1.819161e-04
858 1.816231e-04
859 1.813309e-04
860 1.810395e-04
861 1.807489e-04
862 1.804590e-04
863 1.801699e-04
864 1.798816e-04
865 1.795942e-04
866 1.793075e-04
867 1.790217e-04
868 1.787367e-04
869 1.784526e-04
870 1.781692e-04
871 1.778868e-04
872 1.776051e-04
873 1.773244e-04
874 1.770444e-04
875 1.767654e-04
876 1.764872e-04
877 1.762098e-04
878 1.759333e-04
879 1.756576e-04
880 1.753828e-04
881 1.751089e-04
882 1.748358e-04
883 1.745635e-04
884 1.742921e-04
885 1.740215e-04
886 1.737518e-04
887 1.734829e-04
888 1.732148e-04
889 1.729476e-04
890 1.726811e-04
891 1.724155e-04
892 1.721506e-04
893 1.718866e-04
894 1.716234e-04
895 1.713609e-04
896 1.710992e-04
897 1.708383e-04
898 1.705781e-04
899 1.703187e-04
900 1.700600e-04
901 1.698020e-04
902 1.695448e-04
903 1.692882e-04
904 1.690324e-04
905 1.687773e-04
906 1.685228e-04
907 1.682690e-04
908 1.680159e-04
909 1.677634e-04
910 1.675115e-04
911 1.672603e-04
912 1.670097e-04
913 1.667596e-04
914 1.665102e-04
915 1.662613e-04
916 1.660130e-04
917 1.657653e-04
918 1.655181e-04
919 1.652714e-04
920 1.650253e-04
921 1.647796e-04
922 1.645345e-04
923 1.642898e-04
924 1.640456e-04
925 1.638018e-04
926 1.635585e-04
927 1.633156e-04
928 1.630731e-04
929 1.628311e-04
930 1.625894e-04
931 1.623481e-04
932 1.621072e-04
933 1.618667e-04
934 1.616265e-04
935 1.613866e-04
936 1.611471e-04
937 1.609079e-04
938 1.606689e-04
939 1.604303e-04
940 1.601920e-04
941 1.599539e-04
942 1.597161e-04
943 1.594785e-04
944 1.592412e-04
945 1.590041e-04
946 1.587673e-04
947 1.585306e-04
948 1.582942e-04
949 1.580580e-04
950 1.578219e-04
951 1.575861e-04
952 1.573504e-04
953 1.571149e-04
954 1.568796e-04
955 1.566444e-04
956 1.564093e-04
957 1.561745e-04
958 1.559397e-04
959 1.557051e-04
960 1.554706e-04
961 1.552363e-04
962 1.550021e-04
963 1.547680e-04
964 1.545340e-04
965 1.543001e-04
966 1.540664e-04
967 1.538327e-04
968 1.535992e-04
969 1.533658e-04
970 1.531324e-04
971 1.528992e-04
972 1.526661e-04
973 1.524331e-04
974 1.522002e-04
975 1.519674e-04
976 1.517347e-04
977 1.515022e-04
978 1.512697e-04
979 1.510373e-04
980 1.508050e-04
981 1.505729e-04
982 1.503408e-04
983 1.501089e-04
984 1.498771e-04
985 1.496454e-04
986 1.494138e-04
987 1.491824e-04
988 1.489510e-04
989 1.487198e-04
990 1.484888e-04
991 1.482578e-04
992 1.480270e-04
993 1.477964e-04
994 1.475659e-04
995 1.473355e-04
996 1.471053e-04
997 1.468752e-04
998 1.466454e-04
999 1.464156e-04
1000 1.461861e-04
1001 1.459567e-04
1002 1.457275e-04
1003 1.454985e-04
1004 1.452697e-04
1005 1.450411e-04
1006 1.448126e-04
1007 1.445844e-04
1008 1.443564e-04
1009 1.441286e-04
1010 1.439011e-04
1011 1.436737e-04
1012 1.434466e-04
1013 1.432198e-04
1014 1.429931e-04
1015 1.427668e-04
1016 1.425406e-04
1017 1.423148e-04
1018 1.420892e-04
1019 1.418639e-04
1020 1.416388e-04
1021 1.414141e-04
1022 1.411896e-04
1023 1.409655e-04
1024 1.407416e-04
1025 1.405180e-04
1026 1.402948e-04
1027 1.400719e-04
1028 1.398492e-04
1029 1.396270e-04
1030 1.394050e-04
1031 1.391834e-04
1032 1.389622e-04
1033 1.387413e-04
1034 1.385207e-04
1035 1.383005e-04
1036 1.380807e-04
1037 1.378613e-04
1038 1.376422e-04
1039 1.374235e-04
1040 1.372052e-04
1041 1.369873e-04
1042 1.367698e-04
1043 1.365527e-04
1044 1.363360e-04
1045 1.361197e-04
1046 1.359038e-04
1047 1.356883e-04
1048 1.354733e-04
1049 1.352586e-04
1050 1.350444e-04
1051 1.348307e-04
1052 1.346173e-04
1053 1.344044e-04
1054 1.341919e-04
1055 1.339799e-04
1056 1.337683e-04
1057 1.335572e-04
1058 1.333465e-04
1059 1.331363e-04
1060 1.329265e-04
1061 1.327172e-04
1062 1.325083e-04
1063 1.322999e-04
1064 1.320919e-04
1065 1.318844e-04
1066 1.316773e-04
1067 1.314707e-04
1068 1.312646e-04
1069 1.310589e-04
1070 1.308537e-04
1071 1.306490e-04
1072 1.304447e-04
1073 1.302408e-04
1074 1.300375e-04
1075 1.298345e-04
1076 1.296321e-04
1077 1.294301e-04
1078 1.292285e-04
1079 1.290274e-04
1080 1.288268e-04
1081 1.286266e-04
1082 1.284269e-04
1083 1.282276e-04
1084 1.280288e-04
1085 1.278304e-04
1086 1.276325e-04
1087 1.274350e-04
1088 1.272379e-04
1089 1.270413e-04
1090 1.268452e-04
1091 1.266494e-04
1092 1.264541e-04
1093 1.262592e-04
1094 1.260648e-04
1095 1.258708e-04
1096 1.256772e-04
1097 1.254840e-04
1098 1.252913e-04
1099 1.250989e-04
1100 1.249070e-04
1101 1.247155e-04
1102 1.245244e-04
1103 1.243337e-04
1104 1.241434e-04
1105 1.239535e-04
1106 1.237640e-04
1107 1.235748e-04
1108 1.233861e-04
1109 1.231977e-04
1110 1.230098e-04
1111 1.228222e-04
1112 1.226350e-04
1113 1.224481e-04
1114 1.222616e-04
1115 1.220755e-04
1116 1.218898e-04
1117 1.217043e-04
1118 1.215193e-04
1119 1.213346e-04
1120 1.211502e-04
1121 1.209662e-04
1122 1.207825e-04
1123 1.205992e-04
1124 1.204162e-04
1125 1.202335e-04
1126 1.200511e-04
1127 1.198691e-04
1128 1.196873e-04
1129 1.195059e-04
1130 1.193248e-04
1131 1.191440e-04
1132 1.189635e-04
1133 1.187833e-04
1134 1.186033e-04
1135 1.184237e-04
1136 1.182443e-04
1137 1.180653e-04
1138 1.178865e-04
1139 1.177080e-04
1140 1.175297e-04
1141 1.173518e-04
1142 1.171740e-04
1143 1.169966e-04
1144 1.168194e-04
1145 1.166425e-04
1146 1.164658e-04
1147 1.162893e-04
1148 1.161131e-04
1149 1.159372e-04
1150 1.157615e-04
1151 1.155860e-04
1152 1.154107e-04
1153 1.152357e-04
1154 1.150609e-04
1155 1.148863e-04
1156 1.147120e-04
1157 1.145379e-04
1158 1.143639e-04
1159 1.141902e-04
1160 1.140167e-04
1161 1.138434e-04
1162 1.136704e-04
1163 1.134975e-04
1164 1.133248e-04
1165 1.131523e-04
1166 1.129801e-04
1167 1.128080e-04
1168 1.126361e-04
1169 1.124644e-04
1170 1.122929e-04
1171 1.121216e-04
1172 1.119504e-04
1173 1.117795e-04
1174 1.116087e-04
1175 1.114381e-04
1176 1.112677e-04
1177 1.110975e-04
1178 1.109274e-04
1179 1.107575e-04
1180 1.105878e-04
1181 1.104183e-04
1182 1.102489e-04
1183 1.100798e-04
1184 1.099107e-04
1185 1.097419e-04
1186 1.095732e-04
1187 1.094047e-04
1188 1.092363e-04
1189 1.090681e-04
1190 1.089001e-04
1191 1.087323e-04
1192 1.085646e-04
1193 1.083971e-04
1194 1.082297e-04
1195 1.080625e-04
1196 1.078954e-04
1197 1.077285e-04
1198 1.075618e-04
1199 1.073953e-04
1200 1.072289e-04
1201 1.070626e-04
1202 1.068965e-04
1203 1.067306e-04
1204 1.065648e-04
1205 1.063992e-04
1206 1.062338e-04
1207 1.060685e-04
1208 1.059034e-04
1209 1.057384e-04
1210 1.055736e-04
1211 1.054090e-04
1212 1.052445e-04
1213 1.050802e-04
1214 1.049160e-04
1215 1.047520e-04
1216 1.045882e-04
1217 1.044245e-04
1218 1.042610e-04
1219 1.040977e-04
1220 1.039345e-04
1221 1.037715e-04
1222 1.036086e-04
1223 1.034460e-04
1224 1.032835e-04
1225 1.031211e-04
1226 1.029589e-04
1227 1.027970e-04
1228 1.026351e-04
1229 1.024735e-04
1230 1.023120e-04
1231 1.021507e-04
1232 1.019896e-04
1233 1.018286e-04
1234 1.016678e-04
1235 1.015073e-04
1236 1.013469e-04
1237 1.011866e-04
1238 1.010266e-04
1239 1.008667e-04
1240 1.007071e-04
1241 1.005476e-04
1242 1.003883e-04
1243 1.002292e-04
1244 1.000703e-04
1245 9.991157e-05
1246 9.975305e-05
1247 9.959473e-05
1248 9.943662e-05
1249 9.927870e-05
1250 9.912098e-05
1251 9.896347e-05
1252 9.880617e-05
1253 9.864907e-05
1254 9.849218e-05
1255 9.833551e-05
1256 9.817905e-05
1257 9.802281e-05
1258 9.786678e-05
1259 9.771097e-05
1260 9.755539e-05
1261 9.740003e-05
1262 9.724489e-05
1263 9.708998e-05
1264 9.693531e-05
1265 9.678086e-05
1266 9.662665e-05
1267 9.647268e-05
1268 9.631895e-05
1269 9.616545e-05
1270 9.601220e-05
1271 9.585920e-05
1272 9.570644e-05
1273 9.555394e-05
1274 9.540169e-05
1275 9.524969e-05
1276 9.509795e-05
1277 9.494647e-05
1278 9.479525e-05
1279 9.464430e-05
1280 9.449361e-05
1281 9.434320e-05
1282 9.419306e-05
1283 9.404319e-05
1284 9.389360e-05
1285 9.374429e-05
1286 9.359526e-05
1287 9.344652e-05
1288 9.329806e-05
1289 9.314990e-05
1290 9.300202e-05
1291 9.285445e-05
1292 9.270717e-05
1293 9.256020e-05
1294 9.241352e-05
1295 9.226716e-05
1296 9.212110e-05
1297 9.197536e-05
1298 9.182993e-05
1299 9.168482e-05
1300 9.154003e-05
1301 9.139556e-05
1302 9.125142e-05
1303 9.110760e-05
1304 9.096412e-05
1305 9.082098e-05
1306 9.067817e-05
1307 9.053570e-05
1308 9.039357e-05
1309 9.025179e-05
1310 9.011036e-05
1311 8.996928e-05
1312 8.982856e-05
1313 8.968819e-05
1314 8.954819e-05
1315 8.940854e-05
1316 8.926927e-05
1317 8.913036e-05
1318 8.899183e-05
1319 8.885367e-05
1320 8.871589e-05
1321 8.857849e-05
1322 8.844147e-05
1323 8.830484e-05
1324 8.816860e-05
1325 8.803276e-05
1326 8.789731e-05
1327 8.776226e-05
1328 8.762761e-05
1329 8.749336e-05
1330 8.735953e-05
1331 8.722610e-05
1332 8.709309e-05
1333 8.696050e-05
1334 8.682832e-05
1335 8.669657e-05
1336 8.656525e-05
1337 8.643435e-05
1338 8.630388e-05
1339 8.617385e-05
1340 8.604426e-05
1341 8.591511e-05
1342 8.578640e-05
1343 8.565813e-05
1344 8.553032e-05
1345 8.540296e-05
1346 8.527605e-05
1347 8.514961e-05
1348 8.502362e-05
1349 8.489810e-05
1350 8.477305e-05
1351 8.464846e-05
1352 8.452435e-05
1353 8.440072e-05
1354 8.427756e-05
1355 8.415488e-05
1356 8.403269e-05
1357 8.391099e-05
1358 8.378978e-05
1359 8.366906e-05
1360 8.354883e-05
1361 8.342911e-05
1362 8.330988e-05
1363 8.319117e-05
1364 8.307295e-05
1365 8.295525e-05
1366 8.283806e-05
1367 8.272139e-05
1368 8.260523e-05
1369 8.248960e-05
1370 8.237449e-05
1371 8.225990e-05
1372 8.214585e-05
1373 8.203232e-05
1374 8.191933e-05
1375 8.180688e-05
1376 8.169497e-05
1377 8.158360e-05
1378 8.147277e-05
1379 8.136249e-05
1380 8.125276e-05
1381 8.114359e-05
1382 8.103497e-05
1383 8.092691e-05
1384 8.081940e-05
1385 8.071246e-05
1386 8.060609e-05
1387 8.050028e-05
1388 8.039504e-05
1389 8.029038e-05
1390 8.018629e-05
1391 8.008277e-05
1392 7.997984e-05
1393 7.987748e-05
1394 7.977572e-05
1395 7.967453e-05
1396 7.957394e-05
1397 7.947393e-05
1398 7.937452e-05
1399 7.927571e-05
1400 7.917749e-05
1401 7.907987e-05
1402 7.898285e-05
1403 7.888643e-05
1404 7.879062e-05
1405 7.869542e-05
1406 7.860083e-05
1407 7.850685e-05
1408 7.841348e-05
1409 7.832072e-05
1410 7.822859e-05
1411 7.813707e-05
1412 7.804617e-05
1413 7.795590e-05
1414 7.786625e-05
1415 7.777723e-05
1416 7.768883e-05
1417 7.760106e-05
1418 7.751393e-05
1419 7.742742e-05
1420 7.734155e-05
1421 7.725632e-05
1422 7.717172e-05
1423 7.708777e-05
1424 7.700445e-05
1425 7.692177e-05
1426 7.683974e-05
1427 7.675835e-05
1428 7.667761e-05
1429 7.659751e-05
1430 7.651806e-05
1431 7.643926e-05
1432 7.636111e-05
1433 7.628361e-05
1434 7.620677e-05
1435 7.613058e-05
1436 7.605504e-05
1437 7.598016e-05
1438 7.590593e-05
1439 7.583236e-05
1440 7.575945e-05
1441 7.568720e-05
1442 7.561561e-05
1443 7.554468e-05
1444 7.547442e-05
1445 7.540481e-05
1446 7.533586e-05
1447 7.526758e-05
1448 7.519997e-05
1449 7.513301e-05
1450 7.506672e-05
1451 7.500110e-05
1452 7.493614e-05
1453 7.487185e-05
1454 7.480822e-05
1455 7.474526e-05
1456 7.468297e-05
1457 7.462134e-05
1458 7.456038e-05
1459 7.450008e-05
1460 7.444045e-05
1461 7.438149e-05
1462 7.432319e-05
1463 7.426556e-05
1464 7.420860e-05
1465 7.415230e-05
1466 7.409667e-05
1467 7.404171e-05
1468 7.398740e-05
1469 7.393377e-05
1470 7.388080e-05
1471 7.382849e-05
1472 7.377684e-05
1473 7.372586e-05
1474 7.367554e-05
1475 7.362588e-05
1476 7.357688e-05
1477 7.352854e-05
1478 7.348087e-05
1479 7.343385e-05
1480 7.338748e-05
1481 7.334178e-05
1482 7.329673e-05
1483 7.325234e-05
1484 7.320860e-05
1485 7.316551e-05
1486 7.312307e-05
1487 7.308129e-05
1488 7.304016e-05
1489 7.299967e-05
1490 7.295983e-05
1491 7.292064e-05
1492 7.288209e-05
1493 7.284419e-05
1494 7.280693e-05
1495 7.277031e-05
1496 7.273433e-05
1497 7.269899e-05
1498 7.266428e-05
1499 7.263021e-05
1500 7.259677e-05
1501 7.256396e-05
1502 7.253179e-05
1503 7.250024e-05
1504 7.246932e-05
1505 7.243902e-05
1506 7.240935e-05
1507 7.238030e-05
1508 7.235186e-05
1509 7.232405e-05
1510 7.229685e-05
1511 7.227026e-05
1512 7.224429e-05
1513 7.221893e-05
1514 7.219417e-05
1515 7.217002e-05
1516 7.214647e-05
1517 7.212353e-05
1518 7.210118e-05
1519 7.207943e-05
1520 7.205827e-05
1521 7.203771e-05
1522 7.201773e-05
1523 7.199835e-05
1524 7.197955e-05
1525 7.196133e-05
1526 7.194369e-05
1527 7.192663e-05
1528 7.191015e-05
1529 7.189424e-05
1530 7.187890e-05
1531 7.186413e-05
1532 7.184992e-05
1533 7.183627e-05
1534 7.182319e-05
1535 7.181066e-05
1536 7.179869e-05
1537 7.178727e-05
1538 7.177639e-05
1539 7.176607e-05
1540 7.175628e-05
1541 7.174704e-05
1542 7.173833e-05
1543 7.173016e-05
1544 7.172252e-05
1545 7.171541e-05
1546 7.170882e-05
1547 7.170276e-05
1548 7.169721e-05
1549 7.169218e-05
1550 7.168767e-05
1551 7.168366e-05
1552 7.168016e-05
1553 7.167717e-05
1554 7.167467e-05
1555 7.167268e-05
1556 7.167117e-05
1557 7.167016e-05
1558 7.166963e-05
1559 7.166959e-05
1560 7.167003e-05
1561 7.167094e-05
1562 7.167233e-05
1563 7.167419e-05
1564 7.167652e-05
1565 7.167931e-05
1566 7.168256e-05
1567 7.168626e-05
1568 7.169042e-05
1569 7.169502e-05
1570 7.170008e-05
1571 7.170557e-05
1572 7.171150e-05
1573 7.171787e-05
1574 7.172466e-05
1575 7.173189e-05
1576 7.173954e-05
1577 7.174760e-05
1578 7.175608e-05
1579 7.176498e-05
1580 7.177428e-05
1581 7.178399e-05
1582 7.179409e-05
1583 7.180460e-05
1584 7.181549e-05
1585 7.182678e-05
1586 7.183845e-05
1587 7.185049e-05
1588 7.186292e-05
1589 7.187572e-05
1590 7.188889e-05
1591 7.190242e-05
1592 7.191631e-05
1593 7.193056e-05
1594 7.194516e-05
1595 7.196011e-05
1596 7.197541e-05
1597 7.199104e-05
1598 7.200701e-05
1599 7.202331e-05
1600 7.203994e-05
1601 7.205689e-05
1602 7.207416e-05
1603 7.209175e-05
1604 7.210965e-05
1605 7.212785e-05
1606 7.214635e-05
1607 7.216515e-05
1608 7.218425e-05
1609 7.220363e-05
1610 7.222330e-05
1611 7.224325e-05
1612 7.226347e-05
1613 7.228397e-05
1614 7.230473e-05
1615 7.232575e-05
1616 7.234703e-05
1617 7.236857e-05
1618 7.239036e-05
1619 7.241238e-05
1620 7.243465e-05
1621 7.245716e-05
1622 7.247989e-05
1623 7.250286e-05
1624 7.252604e-05
1625 7.254944e-05
1626 7.257306e-05
1627 7.259688e-05
1628 7.262090e-05
1629 7.264513e-05
1630 7.266955e-05
1631 7.269416e-05
1632 7.271895e-05
1633 7.274392e-05
1634 7.276907e-05
1635 7.279439e-05
1636 7.281988e-05
1637 7.284553e-05
1638 7.287134e-05
1639 7.289729e-05
1640 7.292340e-05
1641 7.294965e-05
1642 7.297603e-05
1643 7.300255e-05
1644 7.302920e-05
1645 7.305597e-05
1646 7.308286e-05
1647 7.310986e-05
1648 7.313698e-05
1649 7.316419e-05
1650 7.319151e-05
1651 7.321892e-05
1652 7.324642e-05
1653 7.327401e-05
1654 7.330168e-05
1655 7.332942e-05
1656 7.335723e-05
1657 7.338511e-05
1658 7.341305e-05
1659 7.344105e-05
1660 7.346910e-05
1661 7.349719e-05
1662 7.352532e-05
1663 7.355350e-05
1664 7.358170e-05
1665 7.360993e-05
1666 7.363818e-05
1667 7.366645e-05
1668 7.369472e-05
1669 7.372301e-05
1670 7.375130e-05
1671 7.377959e-05
1672 7.380786e-05
1673 7.383613e-05
1674 7.386437e-05
1675 7.389260e-05
1676 7.392080e-05
1677 7.394896e-05
1678 7.397709e-05
1679 7.400517e-05
1680 7.403321e-05
1681 7.406119e-05
1682 7.408912e-05
1683 7.411698e-05
1684 7.414478e-05
1685 7.417251e-05
1686 7.420015e-05
1687 7.422772e-05
1688 7.425520e-05
1689 7.428258e-05
1690 7.430987e-05
1691 7.433706e-05
1692 7.436414e-05
1693 7.439111e-05
1694 7.441796e-05
1695 7.444469e-05
1696 7.447129e-05
1697 7.449776e-05
1698 7.452410e-05
1699 7.455029e-05
1700 7.457633e-05
1701 7.460223e-05
1702 7.462797e-05
1703 7.465354e-05
1704 7.467895e-05
1705 7.470419e-05
1706 7.472925e-05
1707 7.475413e-05
1708 7.477882e-05
1709 7.480332e-05
1710 7.482763e-05
1711 7.485173e-05
1712 7.487563e-05
1713 7.489932e-05
1714 7.492279e-05
1715 7.494604e-05
1716 7.496907e-05
1717 7.499187e-05
1718 7.501443e-05
1719 7.503675e-05
1720 7.505882e-05
1721 7.508064e-05
1722 7.510221e-05
1723 7.512352e-05
1724 7.514457e-05
1725 7.516534e-05
1726 7.518584e-05
1727 7.520606e-05
1728 7.522600e-05
1729 7.524565e-05
1730 7.526501e-05
1731 7.528406e-05
1732 7.530281e-05
1733 7.532126e-05
1734 7.533939e-05
1735 7.535721e-05
1736 7.537470e-05
1737 7.539186e-05
1738 7.540870e-05
1739 7.542519e-05
1740 7.544135e-05
1741 7.545716e-05
1742 7.547261e-05
1743 7.548772e-05
1744 7.550246e-05
1745 7.551683e-05
1746 7.553084e-05
1747 7.554448e-05
1748 7.555773e-05
1749 7.557060e-05
1750 7.558308e-05
1751 7.559517e-05
1752 7.560686e-05
1753 7.561815e-05
1754 7.562904e-05
1755 7.563951e-05
1756 7.564957e-05
1757 7.565920e-05
1758 7.566841e-05
1759 7.567720e-05
1760 7.568554e-05
1761 7.569345e-05
1762 7.570092e-05
1763 7.570794e-05
1764 7.571451e-05
1765 7.572062e-05
1766 7.572627e-05
1767 7.573146e-05
1768 7.573618e-05
1769 7.574042e-05
1770 7.574418e-05
1771 7.574747e-05
1772 7.575026e-05
1773 7.575257e-05
1774 7.575438e-05
1775 7.575568e-05
1776 7.575649e-05
1777 7.575679e-05
1778 7.575657e-05
1779 7.575584e-05
1780 7.575458e-05
1781 7.575281e-05
1782 7.575050e-05
1783 7.574766e-05
1784 7.574428e-05
1785 7.574035e-05
1786 7.573589e-05
1787 7.573087e-05
1788 7.572530e-05
1789 7.571917e-05
1790 7.571248e-05
1791 7.570522e-05
1792 7.569739e-05
1793 7.568899e-05
1794 7.568001e-05
1795 7.567045e-05
1796 7.566030e-05
1797 7.564957e-05
1798 7.563824e-05
1799 7.562631e-05
1800 7.561378e-05
1801 7.560064e-05
1802 7.558690e-05
1803 7.557254e-05
1804 7.555757e-05
1805 7.554198e-05
1806 7.552576e-05
1807 7.550892e-05
1808 7.549144e-05
1809 7.547333e-05
1810 7.545458e-05
1811 7.543519e-05
1812 7.541515e-05
1813 7.539446e-05
1814 7.537313e-05
1815 7.535113e-05
1816 7.532848e-05
1817 7.530516e-05
1818 7.528117e-05
1819 7.525652e-05
1820 7.523119e-05
1821 7.520518e-05
1822 7.517850e-05
1823 7.515113e-05
1824 7.512307e-05
1825 7.509433e-05
1826 7.506489e-05
1827 7.503476e-05
1828 7.500392e-05
1829 7.497238e-05
1830 7.494014e-05
1831 7.490719e-05
1832 7.487353e-05
1833 7.483915e-05
1834 7.480405e-05
1835 7.476823e-05
1836 7.473169e-05
1837 7.469442e-05
1838 7.465642e-05
1839 7.461769e-05
1840 7.457822e-05
1841 7.453801e-05
1842 7.449706e-05
1843 7.445537e-05
1844 7.441293e-05
1845 7.436975e-05
1846 7.432580e-05
1847 7.428111e-05
1848 7.423566e-05
1849 7.418944e-05
1850 7.414247e-05
1851 7.409473e-05
1852 7.404622e-05
1853 7.399694e-05
1854 7.394689e-05
1855 7.389606e-05
1856 7.384446e-05
1857 7.379207e-05
1858 7.373891e-05
1859 7.368496e-05
1860 7.363022e-05
1861 7.357469e-05
1862 7.351838e-05
1863 7.346127e-05
1864 7.340336e-05
1865 7.334466e-05
1866 7.328515e-05
1867 7.322485e-05
1868 7.316374e-05
1869 7.310183e-05
1870 7.303911e-05
1871 7.297558e-05
1872 7.291124e-05
1873 7.284608e-05
1874 7.278011e-05
1875 7.271333e-05
1876 7.264572e-05
1877 7.257730e-05
1878 7.250805e-05
1879 7.243798e-05
1880 7.236709e-05
1881 7.229537e-05
1882 7.222282e-05
1883 7.214944e-05
1884 7.207523e-05
1885 7.200019e-05
1886 7.192432e-05
1887 7.184761e-05
1888 7.177006e-05
1889 7.169168e-05
1890 7.161245e-05
1891 7.153239e-05
1892 7.145149e-05
1893 7.136975e-05
1894 7.128716e-05
1895 7.120372e-05
1896 7.111945e-05
1897 7.103432e-05
1898 7.094835e-05
1899 7.086153e-05
1900 7.077387e-05
1901 7.068535e-05
1902 7.059598e-05
1903 7.050576e-05
1904 7.041469e-05
1905 7.032277e-05
1906 7.023000e-05
1907 7.013637e-05
1908 7.004188e-05
1909 6.994655e-05
1910 6.985035e-05
1911 6.975331e-05
1912 6.965540e-05
1913 6.955665e-05
1914 6.945703e-05
1915 6.935656e-05
1916 6.925523e-05
1917 6.915305e-05
1918 6.905000e-05
1919 6.894611e-05
1920 6.884135e-05
1921 6.873574e-05
1922 6.862927e-05
1923 6.852194e-05
1924 6.841376e-05
1925 6.830472e-05
1926 6.819483e-05
1927 6.808408e-05
1928 6.797247e-05
1929 6.786001e-05
1930 6.774670e-05
1931 6.763253e-05
1932 6.751751e-05
1933 6.740163e-05
1934 6.728490e-05
1935 6.716732e-05
1936 6.704889e-05
1937 6.692961e-05
1938 6.680948e-05
1939 6.668850e-05
1940 6.656668e-05
1941 6.644401e-05
1942 6.632049e-05
1943 6.619612e-05
1944 6.607092e-05
1945 6.594487e-05
1946 6.581798e-05
1947 6.569025e-05
1948 6.556168e-05
1949 6.543227e-05
1950 6.530202e-05
1951 6.517095e-05
1952 6.503904e-05
1953 6.490629e-05
1954 6.477272e-05
1955 6.463832e-05
1956 6.450309e-05
1957 6.436704e-05
1958 6.423016e-05
1959 6.409246e-05
1960 6.395394e-05
1961 6.381461e-05
1962 6.367445e-05
1963 6.353349e-05
1964 6.339171e-05
1965 6.324912e-05
1966 6.310573e-05
1967 6.296153e-05
1968 6.281653e-05
1969 6.267073e-05
1970 6.252412e-05
1971 6.237673e-05
1972 6.222854e-05
1973 6.207956e-05
1974 6.192979e-05
1975 6.177923e-05
1976 6.162790e-05
1977 6.147578e-05
1978 6.132289e-05
1979 6.116922e-05
1980 6.101478e-05
1981 6.085957e-05
1982 6.070360e-05
1983 6.054686e-05
1984 6.038937e-05
1985 6.023112e-05
1986 6.007211e-05
1987 5.991236e-05
1988 5.975186e-05
1989 5.959062e-05
1990 5.942864e-05
1991 5.926592e-05
1992 5.910247e-05
1993 5.893830e-05
1994 5.877339e-05
1995 5.860777e-05
1996 5.844143e-05
1997 5.827438e-05
1998 5.810662e-05
1999 5.793815e-05
2000 5.776898e-05
2001 5.759911e-05
