0 3.970126e-07
1 3.970126e-07
2 3.970126e-07
3 7.336718e-07
4 1.086869e-06
5 1.453858e-06
6 1.832181e-06
7 2.219653e-06
8 2.614349e-06
9 3.014590e-06
10 3.418926e-06
11 3.826126e-06
12 4.235159e-06
13 4.645186e-06
14 5.055539e-06
15 5.465712e-06
16 5.875343e-06
17 6.284203e-06
18 6.692180e-06
19 7.099266e-06
20 7.505541e-06
21 7.911160e-06
22 8.316338e-06
23 8.721339e-06
24 9.126456e-06
25 9.532001e-06
26 9.938292e-06
27 1.034563e-05
28 1.075431e-05
29 1.116456e-05
30 1.157657e-05
31 1.199047e-05
32 1.240630e-05
33 1.282400e-05
34 1.324343e-05
35 1.366433e-05
36 1.408640e-05
37 1.450931e-05
38 1.493270e-05
39 1.535622e-05
40 1.577956e-05
41 1.620247e-05
42 1.662476e-05
43 1.704636e-05
44 1.746733e-05
45 1.788782e-05
46 1.830805e-05
47 1.872831e-05
48 1.914895e-05
49 1.957028e-05
50 1.999266e-05
51 2.041636e-05
52 2.084163e-05
53 2.126863e-05
54 2.169742e-05
55 2.212799e-05
56 2.256023e-05
57 2.299402e-05
58 2.342917e-05
59 2.386551e-05
60 2.430283e-05
61 2.474098e-05
62 2.517982e-05
63 2.561927e-05
64 2.605933e-05
65 2.650003e-05
66 2.694147e-05
67 2.738377e-05
68 2.782706e-05
69 2.827148e-05
70 2.871716e-05
71 2.916422e-05
72 2.961271e-05
73 3.006265e-05
74 3.051401e-05
75 3.096668e-05
76 3.142054e-05
77 3.187542e-05
78 3.233114e-05
79 3.278754e-05
80 3.324444e-05
81 3.370171e-05
82 3.415924e-05
83 3.461698e-05
84 3.507493e-05
85 3.553316e-05
86 3.599175e-05
87 3.645084e-05
88 3.691057e-05
89 3.737110e-05
90 3.783259e-05
91 3.829519e-05
92 3.875901e-05
93 3.922414e-05
94 3.969064e-05
95 4.015852e-05
96 4.062774e-05
97 4.109828e-05
98 4.157005e-05
99 4.204298e-05
100 4.251697e-05
101 4.299192e-05
102 4.346775e-05
103 4.394436e-05
104 4.442167e-05
105 4.489964e-05
106 4.537820e-05
107 4.585733e-05
108 4.633699e-05
109 4.681717e-05
110 4.729786e-05
111 4.777906e-05
112 4.826079e-05
113 4.874305e-05
114 4.922588e-05
115 4.970929e-05
116 5.019334e-05
117 5.067805e-05
118 5.116348e-05
119 5.164965e-05
120 5.213664e-05
121 5.262448e-05
122 5.311322e-05
123 5.360293e-05
124 5.409364e-05
125 5.458541e-05
126 5.507830e-05
127 5.557233e-05
128 5.606757e-05
129 5.656404e-05
130 5.706178e-05
131 5.756082e-05
132 5.806118e-05
133 5.856289e-05
134 5.906594e-05
135 5.957034e-05
136 6.007608e-05
137 6.058316e-05
138 6.109156e-05
139 6.160125e-05
140 6.211222e-05
141 6.262444e-05
142 6.313786e-05
143 6.365246e-05
144 6.416819e-05
145 6.468501e-05
146 6.520288e-05
147 6.572176e-05
148 6.624161e-05
149 6.676237e-05
150 6.728400e-05
151 6.780645e-05
152 6.832969e-05
153 6.885368e-05
154 6.937837e-05
155 6.990372e-05
156 7.042971e-05
157 7.095629e-05
158 7.148346e-05
159 7.201118e-05
160 7.253944e-05
161 7.306822e-05
162 7.359753e-05
163 7.412736e-05
164 7.465772e-05
165 7.518862e-05
166 7.572009e-05
167 7.625214e-05
168 7.678482e-05
169 7.731816e-05
170 7.785219e-05
171 7.838696e-05
172 7.892251e-05
173 7.945890e-05
174 7.999618e-05
175 8.053440e-05
176 8.107361e-05
177 8.161388e-05
178 8.215525e-05
179 8.269780e-05
180 8.324156e-05
181 8.378661e-05
182 8.433299e-05
183 8.488076e-05
184 8.542997e-05
185 8.598066e-05
186 8.653289e-05
187 8.708670e-05
188 8.764212e-05
189 8.819920e-05
190 8.875795e-05
191 8.931840e-05
192 8.988058e-05
193 9.044449e-05
194 9.101014e-05
195 9.157753e-05
196 9.214665e-05
197 9.271750e-05
198 9.329006e-05
199 9.386429e-05
200 9.444018e-05
201 9.501769e-05
202 9.559679e-05
203 9.617743e-05
204 9.675957e-05
205 9.734315e-05
206 9.792814e-05
207 9.851446e-05
208 9.910206e-05
209 9.969088e-05
210 1.002808e-04
211 1.008719e-04
212 1.014640e-04
213 1.020570e-04
214 1.026509e-04
215 1.032456e-04
216 1.038410e-04
217 1.044371e-04
218 1.050337e-04
219 1.056309e-04
220 1.062285e-04
221 1.068264e-04
222 1.074245e-04
223 1.080229e-04
224 1.086214e-04
225 1.092199e-04
226 1.098184e-04
227 1.104168e-04
228 1.110151e-04
229 1.116131e-04
230 1.122107e-04
231 1.128080e-04
232 1.134049e-04
233 1.140012e-04
234 1.145969e-04
235 1.151920e-04
236 1.157864e-04
237 1.163800e-04
238 1.169727e-04
239 1.175645e-04
240 1.181554e-04
241 1.187451e-04
242 1.193338e-04
243 1.199213e-04
244 1.205076e-04
245 1.210925e-04
246 1.216761e-04
247 1.222582e-04
248 1.228388e-04
249 1.234179e-04
250 1.239953e-04
251 1.245710e-04
252 1.251450e-04
253 1.257172e-04
254 1.262874e-04
255 1.268557e-04
256 1.274219e-04
257 1.279861e-04
258 1.285481e-04
259 1.291079e-04
260 1.296654e-04
261 1.302205e-04
262 1.307732e-04
263 1.313233e-04
264 1.318709e-04
265 1.324159e-04
266 1.329581e-04
267 1.334976e-04
268 1.340341e-04
269 1.345678e-04
270 1.350984e-04
271 1.356259e-04
272 1.361503e-04
273 1.366715e-04
274 1.371893e-04
275 1.377037e-04
276 1.382147e-04
277 1.387221e-04
278 1.392259e-04
279 1.397260e-04
280 1.402223e-04
281 1.407146e-04
282 1.412031e-04
283 1.416875e-04
284 1.421677e-04
285 1.426437e-04
286 1.431154e-04
287 1.435827e-04
288 1.440456e-04
289 1.445038e-04
290 1.449574e-04
291 1.454062e-04
292 1.458502e-04
293 1.462893e-04
294 1.467233e-04
295 1.471523e-04
296 1.475761e-04
297 1.479947e-04
298 1.484079e-04
299 1.488158e-04
300 1.492182e-04
301 1.496150e-04
302 1.500063e-04
303 1.503918e-04
304 1.507717e-04
305 1.511458e-04
306 1.515141e-04
307 1.518765e-04
308 1.522331e-04
309 1.525836e-04
310 1.529283e-04
311 1.532669e-04
312 1.535995e-04
313 1.539261e-04
314 1.542467e-04
315 1.545613e-04
316 1.548698e-04
317 1.551723e-04
318 1.554689e-04
319 1.557594e-04
320 1.560440e-04
321 1.563227e-04
322 1.565955e-04
323 1.568624e-04
324 1.571235e-04
325 1.573789e-04
326 1.576285e-04
327 1.578724e-04
328 1.581107e-04
329 1.583434e-04
330 1.585706e-04
331 1.587923e-04
332 1.590086e-04
333 1.592195e-04
334 1.594250e-04
335 1.596253e-04
336 1.598204e-04
337 1.600104e-04
338 1.601952e-04
339 1.603750e-04
340 1.605497e-04
341 1.607195e-04
342 1.608844e-04
343 1.610443e-04
344 1.611995e-04
345 1.613498e-04
346 1.614954e-04
347 1.616362e-04
348 1.617724e-04
349 1.619038e-04
350 1.620306e-04
351 1.621528e-04
352 1.622703e-04
353 1.623833e-04
354 1.624918e-04
355 1.625957e-04
356 1.626952e-04
357 1.627901e-04
358 1.628807e-04
359 1.629668e-04
360 1.630485e-04
361 1.631259e-04
362 1.631990e-04
363 1.632679e-04
364 1.633325e-04
365 1.633929e-04
366 1.634492e-04
367 1.635014e-04
368 1.635496e-04
369 1.635938e-04
370 1.636341e-04
371 1.636706e-04
372 1.637033e-04
373 1.637323e-04
374 1.637577e-04
375 1.637797e-04
376 1.637982e-04
377 1.638134e-04
378 1.638254e-04
379 1.638343e-04
380 1.638402e-04
381 1.638433e-04
382 1.638436e-04
383 1.638413e-04
384 1.638365e-04
385 1.638293e-04
386 1.638199e-04
387 1.638083e-04
388 1.637948e-04
389 1.637795e-04
390 1.637624e-04
391 1.637438e-04
392 1.637238e-04
393 1.637024e-04
394 1.636799e-04
395 1.636564e-04
396 1.636320e-04
397 1.636068e-04
398 1.635811e-04
399 1.635548e-04
400 1.635282e-04
401 1.635013e-04
402 1.634744e-04
403 1.634474e-04
404 1.634206e-04
405 1.633941e-04
406 1.633679e-04
407 1.633421e-04
408 1.633170e-04
409 1.632925e-04
410 1.632688e-04
411 1.632461e-04
412 1.632242e-04
413 1.632035e-04
414 1.631840e-04
415 1.631657e-04
416 1.631488e-04
417 1.631333e-04
418 1.631194e-04
419 1.631071e-04
420 1.630965e-04
421 1.630877e-04
422 1.630807e-04
423 1.630758e-04
424 1.630729e-04
425 1.630721e-04
426 1.630736e-04
427 1.630773e-04
428 1.630834e-04
429 1.630920e-04
430 1.631031e-04
431 1.631169e-04
432 1.631334e-04
433 1.631527e-04
434 1.631748e-04
435 1.632000e-04
436 1.632282e-04
437 1.632595e-04
438 1.632941e-04
439 1.633320e-04
440 1.633733e-04
441 1.634181e-04
442 1.634665e-04
443 1.635185e-04
444 1.635744e-04
445 1.636340e-04
446 1.636976e-04
447 1.637652e-04
448 1.638370e-04
449 1.639128e-04
450 1.639930e-04
451 1.640775e-04
452 1.641664e-04
453 1.642597e-04
454 1.643577e-04
455 1.644603e-04
456 1.645676e-04
457 1.646796e-04
458 1.647965e-04
459 1.649183e-04
460 1.650450e-04
461 1.651768e-04
462 1.653136e-04
463 1.654555e-04
464 1.656026e-04
465 1.657548e-04
466 1.659124e-04
467 1.660752e-04
468 1.662433e-04
469 1.664167e-04
470 1.665955e-04
471 1.667798e-04
472 1.669694e-04
473 1.671645e-04
474 1.673650e-04
475 1.675710e-04
476 1.677825e-04
477 1.679995e-04
478 1.682220e-04
479 1.684500e-04
480 1.686835e-04
481 1.689225e-04
482 1.691670e-04
483 1.694171e-04
484 1.696727e-04
485 1.699338e-04
486 1.702003e-04
487 1.704724e-04
488 1.707500e-04
489 1.710331e-04
490 1.713216e-04
491 1.716155e-04
492 1.719150e-04
493 1.722198e-04
494 1.725301e-04
495 1.728457e-04
496 1.731667e-04
497 1.734931e-04
498 1.738249e-04
499 1.741619e-04
500 1.745043e-04
501 1.748520e-04
502 1.752049e-04
503 1.755630e-04
504 1.759263e-04
505 1.762948e-04
506 1.766685e-04
507 1.770473e-04
508 1.774311e-04
509 1.778200e-04
510 1.782139e-04
511 1.786127e-04
512 1.790165e-04
513 1.794252e-04
514 1.798387e-04
515 1.802569e-04
516 1.806799e-04
517 1.811076e-04
518 1.815399e-04
519 1.819767e-04
520 1.824181e-04
521 1.828639e-04
522 1.833140e-04
523 1.837685e-04
524 1.842271e-04
525 1.846899e-04
526 1.851568e-04
527 1.856277e-04
528 1.861025e-04
529 1.865810e-04
530 1.870633e-04
531 1.875493e-04
532 1.880387e-04
533 1.885316e-04
534 1.890279e-04
535 1.895274e-04
536 1.900300e-04
537 1.905357e-04
538 1.910443e-04
539 1.915557e-04
540 1.920698e-04
541 1.925865e-04
542 1.931057e-04
543 1.936272e-04
544 1.941510e-04
545 1.946770e-04
546 1.952050e-04
547 1.957349e-04
548 1.962665e-04
549 1.967999e-04
550 1.973347e-04
551 1.978710e-04
552 1.984086e-04
553 1.989474e-04
554 1.994872e-04
555 2.000280e-04
556 2.005695e-04
557 2.011118e-04
558 2.016546e-04
559 2.021978e-04
560 2.027414e-04
561 2.032851e-04
562 2.038289e-04
563 2.043726e-04
564 2.049162e-04
565 2.054594e-04
566 2.060022e-04
567 2.065445e-04
568 2.070860e-04
569 2.076268e-04
570 2.081666e-04
571 2.087053e-04
572 2.092429e-04
573 2.097792e-04
574 2.103140e-04
575 2.108473e-04
576 2.113789e-04
577 2.119088e-04
578 2.124367e-04
579 2.129625e-04
580 2.134863e-04
581 2.140077e-04
582 2.145267e-04
583 2.150433e-04
584 2.155572e-04
585 2.160683e-04
586 2.165766e-04
587 2.170819e-04
588 2.175841e-04
589 2.180831e-04
590 2.185788e-04
591 2.190710e-04
592 2.195597e-04
593 2.200448e-04
594 2.205260e-04
595 2.210034e-04
596 2.214768e-04
597 2.219461e-04
598 2.224113e-04
599 2.228721e-04
600 2.233285e-04
601 2.237804e-04
602 2.242278e-04
603 2.246704e-04
604 2.251082e-04
605 2.255411e-04
606 2.259691e-04
607 2.263919e-04
608 2.268096e-04
609 2.272220e-04
610 2.276291e-04
611 2.280307e-04
612 2.284268e-04
613 2.288173e-04
614 2.292020e-04
615 2.295811e-04
616 2.299542e-04
617 2.303215e-04
618 2.306827e-04
619 2.310378e-04
620 2.313868e-04
621 2.317296e-04
622 2.320661e-04
623 2.323963e-04
624 2.327200e-04
625 2.330373e-04
626 2.333480e-04
627 2.336521e-04
628 2.339496e-04
629 2.342404e-04
630 2.345244e-04
631 2.348016e-04
632 2.350720e-04
633 2.353355e-04
634 2.355921e-04
635 2.358417e-04
636 2.360842e-04
637 2.363198e-04
638 2.365483e-04
639 2.367696e-04
640 2.369839e-04
641 2.371910e-04
642 2.373909e-04
643 2.375836e-04
644 2.377691e-04
645 2.379475e-04
646 2.381185e-04
647 2.382824e-04
648 2.384390e-04
649 2.385883e-04
650 2.387304e-04
651 2.388653e-04
652 2.389929e-04
653 2.391133e-04
654 2.392266e-04
655 2.393326e-04
656 2.394314e-04
657 2.395231e-04
658 2.396077e-04
659 2.396852e-04
660 2.397556e-04
661 2.398189e-04
662 2.398753e-04
663 2.399247e-04
664 2.399672e-04
665 2.400028e-04
666 2.400316e-04
667 2.400536e-04
668 2.400689e-04
669 2.400775e-04
670 2.400794e-04
671 2.400748e-04
672 2.400638e-04
673 2.400462e-04
674 2.400223e-04
675 2.399921e-04
676 2.399556e-04
677 2.399130e-04
678 2.398642e-04
679 2.398095e-04
680 2.397488e-04
681 2.396822e-04
682 2.396098e-04
683 2.395317e-04
684 2.394480e-04
685 2.393587e-04
686 2.392639e-04
687 2.391638e-04
688 2.390584e-04
689 2.389479e-04
690 2.388322e-04
691 2.387115e-04
692 2.385859e-04
693 2.384554e-04
694 2.383202e-04
695 2.381805e-04
696 2.380361e-04
697 2.378874e-04
698 2.377343e-04
699 2.375770e-04
700 2.374155e-04
701 2.372501e-04
702 2.370807e-04
703 2.369075e-04
704 2.367306e-04
705 2.365501e-04
706 2.363661e-04
707 2.361787e-04
708 2.359880e-04
709 2.357941e-04
710 2.355972e-04
711 2.353973e-04
712 2.351946e-04
713 2.349891e-04
714 2.347810e-04
715 2.345703e-04
716 2.343573e-04
717 2.341419e-04
718 2.339244e-04
719 2.337048e-04
720 2.334832e-04
721 2.332597e-04
722 2.330345e-04
723 2.328076e-04
724 2.325792e-04
725 2.323493e-04
726 2.321182e-04
727 2.318858e-04
728 2.316523e-04
729 2.314178e-04
730 2.311824e-04
731 2.309463e-04
732 2.307094e-04
733 2.304720e-04
734 2.302341e-04
735 2.299958e-04
736 2.297572e-04
737 2.295185e-04
738 2.292797e-04
739 2.290409e-04
740 2.288022e-04
741 2.285638e-04
742 2.283257e-04
743 2.280880e-04
744 2.278508e-04
745 2.276142e-04
746 2.273782e-04
747 2.271431e-04
748 2.269088e-04
749 2.266755e-04
750 2.264432e-04
751 2.262120e-04
752 2.259821e-04
753 2.257534e-04
754 2.255260e-04
755 2.253001e-04
756 2.250757e-04
757 2.248529e-04
758 2.246318e-04
759 2.244124e-04
760 2.241947e-04
761 2.239790e-04
762 2.237651e-04
763 2.235533e-04
764 2.233435e-04
765 2.231358e-04
766 2.229303e-04
767 2.227270e-04
768 2.225259e-04
769 2.223273e-04
770 2.221310e-04
771 2.219371e-04
772 2.217457e-04
773 2.215569e-04
774 2.213706e-04
775 2.211870e-04
776 2.210060e-04
777 2.208277e-04
778 2.206521e-04
779 2.204794e-04
780 2.203094e-04
781 2.201423e-04
782 2.199781e-04
783 2.198168e-04
784 2.196585e-04
785 2.195031e-04
786 2.193507e-04
787 2.192013e-04
788 2.190550e-04
789 2.189117e-04
790 2.187715e-04
791 2.186345e-04
792 2.185005e-04
793 2.183697e-04
794 2.182421e-04
795 2.181176e-04
796 2.179962e-04
797 2.178781e-04
798 2.177631e-04
799 2.176514e-04
800 2.175429e-04
801 2.174375e-04
802 2.173354e-04
803 2.172365e-04
804 2.171408e-04
805 2.170483e-04
806 2.169590e-04
807 2.168728e-04
808 2.167899e-04
809 2.167102e-04
810 2.166336e-04
811 2.165602e-04
812 2.164900e-04
813 2.164228e-04
814 2.163588e-04
815 2.162979e-04
816 2.162401e-04
817 2.161853e-04
818 2.161336e-04
819 2.160849e-04
820 2.160392e-04
821 2.159964e-04
822 2.159566e-04
823 2.159197e-04
824 2.158857e-04
825 2.158545e-04
826 2.158262e-04
827 2.158007e-04
828 2.157778e-04
829 2.157578e-04
830 2.157403e-04
831 2.157256e-04
832 2.157134e-04
833 2.157037e-04
834 2.156966e-04
835 2.156919e-04
836 2.156897e-04
837 2.156898e-04
838 2.156923e-04
839 2.156970e-04
840 2.157039e-04
841 2.157130e-04
842 2.157243e-04
843 2.157375e-04
844 2.157528e-04
845 2.157700e-04
846 2.157891e-04
847 2.158101e-04
848 2.158327e-04
849 2.158571e-04
850 2.158831e-04
851 2.159107e-04
852 2.159398e-04
853 2.159703e-04
854 2.160022e-04
855 2.160353e-04
856 2.160697e-04
857 2.161052e-04
858 2.161418e-04
859 2.161794e-04
860 2.162179e-04
861 2.162573e-04
862 2.162974e-04
863 2.163382e-04
864 2.163796e-04
865 2.164216e-04
866 2.164639e-04
867 2.165067e-04
868 2.165497e-04
869 2.165929e-04
870 2.166362e-04
871 2.166795e-04
872 2.167228e-04
873 2.167660e-04
874 2.168089e-04
875 2.168515e-04
876 2.168937e-04
877 2.169354e-04
878 2.169765e-04
879 2.170170e-04
880 2.170567e-04
881 2.170956e-04
882 2.171335e-04
883 2.171704e-04
884 2.172063e-04
885 2.172409e-04
886 2.172743e-04
887 2.173063e-04
888 2.173369e-04
889 2.173660e-04
890 2.173934e-04
891 2.174191e-04
892 2.174430e-04
893 2.174651e-04
894 2.174852e-04
895 2.175032e-04
896 2.175191e-04
897 2.175329e-04
898 2.175443e-04
899 2.175534e-04
900 2.175600e-04
901 2.175640e-04
902 2.175655e-04
903 2.175643e-04
904 2.175603e-04
905 2.175534e-04
906 2.175437e-04
907 2.175310e-04
908 2.175152e-04
909 2.174962e-04
910 2.174741e-04
911 2.174487e-04
912 2.174199e-04
913 2.173878e-04
914 2.173521e-04
915 2.173130e-04
916 2.172702e-04
917 2.172238e-04
918 2.171736e-04
919 2.171197e-04
920 2.170619e-04
921 2.170003e-04
922 2.169347e-04
923 2.168651e-04
924 2.167915e-04
925 2.167137e-04
926 2.166319e-04
927 2.165459e-04
928 2.164556e-04
929 2.163611e-04
930 2.162623e-04
931 2.161592e-04
932 2.160517e-04
933 2.159398e-04
934 2.158235e-04
935 2.157028e-04
936 2.155776e-04
937 2.154478e-04
938 2.153136e-04
939 2.151748e-04
940 2.150315e-04
941 2.148837e-04
942 2.147312e-04
943 2.145742e-04
944 2.144127e-04
945 2.142465e-04
946 2.140758e-04
947 2.139005e-04
948 2.137206e-04
949 2.135362e-04
950 2.133472e-04
951 2.131538e-04
952 2.129558e-04
953 2.127533e-04
954 2.125464e-04
955 2.123351e-04
956 2.121194e-04
957 2.118993e-04
958 2.116748e-04
959 2.114462e-04
960 2.112132e-04
961 2.109761e-04
962 2.107348e-04
963 2.104895e-04
964 2.102400e-04
965 2.099867e-04
966 2.097294e-04
967 2.094682e-04
968 2.092032e-04
969 2.089345e-04
970 2.086621e-04
971 2.083861e-04
972 2.081066e-04
973 2.078237e-04
974 2.075374e-04
975 2.072477e-04
976 2.069549e-04
977 2.066589e-04
978 2.063599e-04
979 2.060579e-04
980 2.057530e-04
981 2.054454e-04
982 2.051350e-04
983 2.048220e-04
984 2.045065e-04
985 2.041886e-04
986 2.038683e-04
987 2.035458e-04
988 2.032212e-04
989 2.028946e-04
990 2.025660e-04
991 2.022355e-04
992 2.019034e-04
993 2.015696e-04
994 2.012343e-04
995 2.008975e-04
996 2.005594e-04
997 2.002202e-04
998 1.998798e-04
999 1.995384e-04
1000 1.991961e-04
1001 1.988530e-04
1002 1.985093e-04
1003 1.981649e-04
1004 1.978202e-04
1005 1.974750e-04
1006 1.971297e-04
1007 1.967841e-04
1008 1.964386e-04
1009 1.960931e-04
1010 1.957479e-04
1011 1.954029e-04
1012 1.950583e-04
1013 1.947143e-04
1014 1.943709e-04
1015 1.940282e-04
1016 1.936863e-04
1017 1.933454e-04
1018 1.930056e-04
1019 1.926669e-04
1020 1.923294e-04
1021 1.919933e-04
1022 1.916587e-04
1023 1.913257e-04
1024 1.909943e-04
1025 1.906647e-04
1026 1.903370e-04
1027 1.900112e-04
1028 1.896875e-04
1029 1.893660e-04
1030 1.890467e-04
1031 1.887297e-04
1032 1.884152e-04
1033 1.881033e-04
1034 1.877939e-04
1035 1.874873e-04
1036 1.871834e-04
1037 1.868825e-04
1038 1.865844e-04
1039 1.862895e-04
1040 1.859976e-04
1041 1.857090e-04
1042 1.854236e-04
1043 1.851415e-04
1044 1.848629e-04
1045 1.845878e-04
1046 1.843162e-04
1047 1.840482e-04
1048 1.837839e-04
1049 1.835233e-04
1050 1.832665e-04
1051 1.830136e-04
1052 1.827646e-04
1053 1.825195e-04
1054 1.822785e-04
1055 1.820414e-04
1056 1.818085e-04
1057 1.815797e-04
1058 1.813550e-04
1059 1.811345e-04
1060 1.809183e-04
1061 1.807063e-04
1062 1.804986e-04
1063 1.802952e-04
1064 1.800962e-04
1065 1.799015e-04
1066 1.797112e-04
1067 1.795252e-04
1068 1.793437e-04
1069 1.791665e-04
1070 1.789938e-04
1071 1.788255e-04
1072 1.786617e-04
1073 1.785022e-04
1074 1.783473e-04
1075 1.781967e-04
1076 1.780506e-04
1077 1.779089e-04
1078 1.777716e-04
1079 1.776388e-04
1080 1.775103e-04
1081 1.773863e-04
1082 1.772666e-04
1083 1.771513e-04
1084 1.770403e-04
1085 1.769336e-04
1086 1.768313e-04
1087 1.767332e-04
1088 1.766394e-04
1089 1.765499e-04
1090 1.764645e-04
1091 1.763833e-04
1092 1.763063e-04
1093 1.762334e-04
1094 1.761646e-04
1095 1.760998e-04
1096 1.760391e-04
1097 1.759823e-04
1098 1.759295e-04
1099 1.758806e-04
1100 1.758355e-04
1101 1.757943e-04
1102 1.757569e-04
1103 1.757232e-04
1104 1.756932e-04
1105 1.756669e-04
1106 1.756441e-04
1107 1.756250e-04
1108 1.756093e-04
1109 1.755971e-04
1110 1.755883e-04
1111 1.755829e-04
1112 1.755808e-04
1113 1.755819e-04
1114 1.755863e-04
1115 1.755938e-04
1116 1.756044e-04
1117 1.756181e-04
1118 1.756347e-04
1119 1.756543e-04
1120 1.756768e-04
1121 1.757020e-04
1122 1.757301e-04
1123 1.757608e-04
1124 1.757942e-04
1125 1.758302e-04
1126 1.758687e-04
1127 1.759097e-04
1128 1.759531e-04
1129 1.759988e-04
1130 1.760469e-04
1131 1.760971e-04
1132 1.761496e-04
1133 1.762041e-04
1134 1.762607e-04
1135 1.763193e-04
1136 1.763798e-04
1137 1.764422e-04
1138 1.765064e-04
1139 1.765724e-04
1140 1.766400e-04
1141 1.767093e-04
1142 1.767801e-04
1143 1.768524e-04
1144 1.769262e-04
1145 1.770014e-04
1146 1.770779e-04
1147 1.771557e-04
1148 1.772347e-04
1149 1.773148e-04
1150 1.773961e-04
1151 1.774784e-04
1152 1.775616e-04
1153 1.776458e-04
1154 1.777309e-04
1155 1.778168e-04
1156 1.779035e-04
1157 1.779908e-04
1158 1.780788e-04
1159 1.781675e-04
1160 1.782567e-04
1161 1.783463e-04
1162 1.784365e-04
1163 1.785270e-04
1164 1.786179e-04
1165 1.787091e-04
1166 1.788005e-04
1167 1.788921e-04
1168 1.789839e-04
1169 1.790758e-04
1170 1.791678e-04
1171 1.792597e-04
1172 1.793517e-04
1173 1.794435e-04
1174 1.795353e-04
1175 1.796269e-04
1176 1.797182e-04
1177 1.798093e-04
1178 1.799002e-04
1179 1.799906e-04
1180 1.800808e-04
1181 1.801704e-04
1182 1.802597e-04
1183 1.803484e-04
1184 1.804366e-04
1185 1.805242e-04
1186 1.806111e-04
1187 1.806975e-04
1188 1.807831e-04
1189 1.808680e-04
1190 1.809521e-04
1191 1.810354e-04
1192 1.811179e-04
1193 1.811995e-04
1194 1.812802e-04
1195 1.813600e-04
1196 1.814387e-04
1197 1.815165e-04
1198 1.815932e-04
1199 1.816688e-04
1200 1.817433e-04
1201 1.818167e-04
1202 1.818889e-04
1203 1.819599e-04
1204 1.820297e-04
1205 1.820982e-04
1206 1.821654e-04
1207 1.822312e-04
1208 1.822958e-04
1209 1.823589e-04
1210 1.824206e-04
1211 1.824809e-04
1212 1.825398e-04
1213 1.825971e-04
1214 1.826529e-04
1215 1.827072e-04
1216 1.827600e-04
1217 1.828111e-04
1218 1.828606e-04
1219 1.829085e-04
1220 1.829547e-04
1221 1.829993e-04
1222 1.830421e-04
1223 1.830832e-04
1224 1.831225e-04
1225 1.831601e-04
1226 1.831959e-04
1227 1.832299e-04
1228 1.832620e-04
1229 1.832923e-04
1230 1.833207e-04
1231 1.833472e-04
1232 1.833718e-04
1233 1.833945e-04
1234 1.834152e-04
1235 1.834340e-04
1236 1.834507e-04
1237 1.834655e-04
1238 1.834783e-04
1239 1.834890e-04
1240 1.834977e-04
1241 1.835043e-04
1242 1.835088e-04
1243 1.835113e-04
1244 1.835116e-04
1245 1.835099e-04
1246 1.835060e-04
1247 1.834999e-04
1248 1.834917e-04
1249 1.834813e-04
1250 1.834687e-04
1251 1.834540e-04
1252 1.834370e-04
1253 1.834178e-04
1254 1.833964e-04
1255 1.833728e-04
1256 1.833469e-04
1257 1.833187e-04
1258 1.832883e-04
1259 1.832556e-04
1260 1.832206e-04
1261 1.831833e-04
1262 1.831438e-04
1263 1.831019e-04
1264 1.830577e-04
1265 1.830111e-04
1266 1.829623e-04
1267 1.829111e-04
1268 1.828576e-04
1269 1.828017e-04
1270 1.827435e-04
1271 1.826829e-04
1272 1.826199e-04
1273 1.825546e-04
1274 1.824869e-04
1275 1.824168e-04
1276 1.823444e-04
1277 1.822695e-04
1278 1.821923e-04
1279 1.821127e-04
1280 1.820307e-04
1281 1.819463e-04
1282 1.818595e-04
1283 1.817703e-04
1284 1.816787e-04
1285 1.815847e-04
1286 1.814884e-04
1287 1.813896e-04
1288 1.812884e-04
1289 1.811848e-04
1290 1.810788e-04
1291 1.809704e-04
1292 1.808596e-04
1293 1.807464e-04
1294 1.806308e-04
1295 1.805128e-04
1296 1.803924e-04
1297 1.802697e-04
1298 1.801445e-04
1299 1.800170e-04
1300 1.798870e-04
1301 1.797547e-04
1302 1.796200e-04
1303 1.794829e-04
1304 1.793435e-04
1305 1.792017e-04
1306 1.790575e-04
1307 1.789110e-04
1308 1.787621e-04
1309 1.786108e-04
1310 1.784572e-04
1311 1.783013e-04
1312 1.781431e-04
1313 1.779825e-04
1314 1.778196e-04
1315 1.776543e-04
1316 1.774868e-04
1317 1.773170e-04
1318 1.771448e-04
1319 1.769704e-04
1320 1.767937e-04
1321 1.766147e-04
1322 1.764335e-04
1323 1.762500e-04
1324 1.760642e-04
1325 1.758762e-04
1326 1.756860e-04
1327 1.754935e-04
1328 1.752989e-04
1329 1.751020e-04
1330 1.749029e-04
1331 1.747016e-04
1332 1.744982e-04
1333 1.742925e-04
1334 1.740847e-04
1335 1.738748e-04
1336 1.736627e-04
1337 1.734485e-04
1338 1.732322e-04
1339 1.730137e-04
1340 1.727932e-04
1341 1.725705e-04
1342 1.723458e-04
1343 1.721190e-04
1344 1.718902e-04
1345 1.716593e-04
1346 1.714264e-04
1347 1.711914e-04
1348 1.709545e-04
1349 1.707156e-04
1350 1.704746e-04
1351 1.702317e-04
1352 1.699869e-04
1353 1.697401e-04
1354 1.694913e-04
1355 1.692407e-04
1356 1.689881e-04
1357 1.687336e-04
1358 1.684773e-04
1359 1.682191e-04
1360 1.679590e-04
1361 1.676971e-04
1362 1.674334e-04
1363 1.671678e-04
1364 1.669004e-04
1365 1.666313e-04
1366 1.663604e-04
1367 1.660877e-04
1368 1.658133e-04
1369 1.655371e-04
1370 1.652593e-04
1371 1.649797e-04
1372 1.646984e-04
1373 1.644155e-04
1374 1.641309e-04
1375 1.638447e-04
1376 1.635568e-04
1377 1.632674e-04
1378 1.629763e-04
1379 1.626837e-04
1380 1.623895e-04
1381 1.620937e-04
1382 1.617964e-04
1383 1.614976e-04
1384 1.611973e-04
1385 1.608955e-04
1386 1.605922e-04
1387 1.602874e-04
1388 1.599812e-04
1389 1.596736e-04
1390 1.593646e-04
1391 1.590542e-04
1392 1.587424e-04
1393 1.584292e-04
1394 1.581147e-04
1395 1.577989e-04
1396 1.574818e-04
1397 1.571633e-04
1398 1.568436e-04
1399 1.565226e-04
1400 1.562003e-04
1401 1.558769e-04
1402 1.555522e-04
1403 1.552263e-04
1404 1.548992e-04
1405 1.545709e-04
1406 1.542415e-04
1407 1.539110e-04
1408 1.535793e-04
1409 1.532466e-04
1410 1.529127e-04
1411 1.525778e-04
1412 1.522419e-04
1413 1.519049e-04
1414 1.515668e-04
1415 1.512278e-04
1416 1.508878e-04
1417 1.505468e-04
1418 1.502049e-04
1419 1.498620e-04
1420 1.495182e-04
1421 1.491735e-04
1422 1.488279e-04
1423 1.484814e-04
1424 1.481341e-04
1425 1.477859e-04
1426 1.474369e-04
1427 1.470871e-04
1428 1.467366e-04
1429 1.463852e-04
1430 1.460331e-04
1431 1.456802e-04
1432 1.453266e-04
1433 1.449723e-04
1434 1.446173e-04
1435 1.442616e-04
1436 1.439053e-04
1437 1.435483e-04
1438 1.431906e-04
1439 1.428324e-04
1440 1.424735e-04
1441 1.421141e-04
1442 1.417541e-04
1443 1.413936e-04
1444 1.410325e-04
1445 1.406709e-04
1446 1.403087e-04
1447 1.399461e-04
1448 1.395830e-04
1449 1.392195e-04
1450 1.388555e-04
1451 1.384910e-04
1452 1.381262e-04
1453 1.377609e-04
1454 1.373952e-04
1455 1.370292e-04
1456 1.366628e-04
1457 1.362961e-04
1458 1.359290e-04
1459 1.355617e-04
1460 1.351940e-04
1461 1.348260e-04
1462 1.344578e-04
1463 1.340892e-04
1464 1.337205e-04
1465 1.333515e-04
1466 1.329823e-04
1467 1.326129e-04
1468 1.322433e-04
1469 1.318735e-04
1470 1.315035e-04
1471 1.311334e-04
1472 1.307631e-04
1473 1.303928e-04
1474 1.300223e-04
1475 1.296517e-04
1476 1.292810e-04
1477 1.289102e-04
1478 1.285394e-04
1479 1.281685e-04
1480 1.277976e-04
1481 1.274266e-04
1482 1.270557e-04
1483 1.266847e-04
1484 1.263138e-04
1485 1.259428e-04
1486 1.255719e-04
1487 1.252011e-04
1488 1.248303e-04
1489 1.244596e-04
1490 1.240889e-04
1491 1.237184e-04
1492 1.233479e-04
1493 1.229776e-04
1494 1.226074e-04
1495 1.222373e-04
1496 1.218674e-04
1497 1.214977e-04
1498 1.211281e-04
1499 1.207587e-04
1500 1.203894e-04
1501 1.200204e-04
1502 1.196516e-04
1503 1.192831e-04
1504 1.189147e-04
1505 1.185466e-04
1506 1.181788e-04
1507 1.178112e-04
1508 1.174440e-04
1509 1.170769e-04
1510 1.167102e-04
1511 1.163438e-04
1512 1.159778e-04
1513 1.156120e-04
1514 1.152466e-04
1515 1.148815e-04
1516 1.145168e-04
1517 1.141524e-04
1518 1.137884e-04
1519 1.134248e-04
1520 1.130616e-04
1521 1.126988e-04
1522 1.123365e-04
1523 1.119745e-04
1524 1.116129e-04
1525 1.112518e-04
1526 1.108912e-04
1527 1.105310e-04
1528 1.101713e-04
1529 1.098120e-04
1530 1.094532e-04
1531 1.090949e-04
1532 1.087372e-04
1533 1.083799e-04
1534 1.080231e-04
1535 1.076669e-04
1536 1.073112e-04
1537 1.069560e-04
1538 1.066014e-04
1539 1.062473e-04
1540 1.058938e-04
1541 1.055409e-04
1542 1.051886e-04
1543 1.048368e-04
1544 1.044857e-04
1545 1.041351e-04
1546 1.037852e-04
1547 1.034358e-04
1548 1.030871e-04
1549 1.027390e-04
1550 1.023916e-04
1551 1.020448e-04
1552 1.016987e-04
1553 1.013532e-04
1554 1.010084e-04
1555 1.006643e-04
1556 1.003208e-04
1557 9.997805e-05
1558 9.963598e-05
1559 9.929461e-05
1560 9.895395e-05
1561 9.861400e-05
1562 9.827478e-05
1563 9.793627e-05
1564 9.759851e-05
1565 9.726148e-05
1566 9.692519e-05
1567 9.658966e-05
1568 9.625488e-05
1569 9.592087e-05
1570 9.558763e-05
1571 9.525516e-05
1572 9.492347e-05
1573 9.459257e-05
1574 9.426246e-05
1575 9.393315e-05
1576 9.360464e-05
1577 9.327694e-05
1578 9.295005e-05
1579 9.262398e-05
1580 9.229874e-05
1581 9.197432e-05
1582 9.165074e-05
1583 9.132800e-05
1584 9.100611e-05
1585 9.068506e-05
1586 9.036487e-05
1587 9.004553e-05
1588 8.972706e-05
1589 8.940946e-05
1590 8.909274e-05
1591 8.877689e-05
1592 8.846192e-05
1593 8.814784e-05
1594 8.783465e-05
1595 8.752236e-05
1596 8.721096e-05
1597 8.690047e-05
1598 8.659089e-05
1599 8.628222e-05
1600 8.597447e-05
1601 8.566763e-05
1602 8.536172e-05
1603 8.505674e-05
1604 8.475269e-05
1605 8.444958e-05
1606 8.414741e-05
1607 8.384617e-05
1608 8.354589e-05
1609 8.324655e-05
1610 8.294817e-05
1611 8.265075e-05
1612 8.235428e-05
1613 8.205878e-05
1614 8.176425e-05
1615 8.147068e-05
1616 8.117809e-05
1617 8.088648e-05
1618 8.059584e-05
1619 8.030619e-05
1620 8.001752e-05
1621 7.972984e-05
1622 7.944315e-05
1623 7.915746e-05
1624 7.887276e-05
1625 7.858906e-05
1626 7.830636e-05
1627 7.802466e-05
1628 7.774397e-05
1629 7.746429e-05
1630 7.718562e-05
1631 7.690797e-05
1632 7.663133e-05
1633 7.635571e-05
1634 7.608111e-05
1635 7.580753e-05
1636 7.553498e-05
1637 7.526345e-05
1638 7.499295e-05
1639 7.472348e-05
1640 7.445505e-05
1641 7.418765e-05
1642 7.392128e-05
1643 7.365595e-05
1644 7.339166e-05
1645 7.312842e-05
1646 7.286621e-05
1647 7.260505e-05
1648 7.234493e-05
1649 7.208586e-05
1650 7.182784e-05
1651 7.157087e-05
1652 7.131495e-05
1653 7.106009e-05
1654 7.080627e-05
1655 7.055351e-05
1656 7.030181e-05
1657 7.005116e-05
1658 6.980157e-05
1659 6.955304e-05
1660 6.930557e-05
1661 6.905915e-05
1662 6.881380e-05
1663 6.856951e-05
1664 6.832629e-05
1665 6.808413e-05
1666 6.784303e-05
1667 6.760299e-05
1668 6.736402e-05
1669 6.712612e-05
1670 6.688928e-05
1671 6.665351e-05
1672 6.641881e-05
1673 6.618517e-05
1674 6.595260e-05
1675 6.572110e-05
1676 6.549067e-05
1677 6.526130e-05
1678 6.503300e-05
1679 6.480577e-05
1680 6.457961e-05
1681 6.435452e-05
1682 6.413049e-05
1683 6.390754e-05
1684 6.368565e-05
1685 6.346482e-05
1686 6.324507e-05
1687 6.302638e-05
1688 6.280876e-05
1689 6.259221e-05
1690 6.237672e-05
1691 6.216230e-05
1692 6.194894e-05
1693 6.173665e-05
1694 6.152542e-05
1695 6.131526e-05
1696 6.110615e-05
1697 6.089812e-05
1698 6.069114e-05
1699 6.048522e-05
1700 6.028036e-05
1701 6.007657e-05
1702 5.987383e-05
1703 5.967214e-05
1704 5.947152e-05
1705 5.927195e-05
1706 5.907343e-05
1707 5.887597e-05
1708 5.867956e-05
1709 5.848420e-05
1710 5.828989e-05
1711 5.809663e-05
1712 5.790442e-05
1713 5.771325e-05
1714 5.752313e-05
1715 5.733405e-05
1716 5.714602e-05
1717 5.695903e-05
1718 5.677307e-05
1719 5.658815e-05
1720 5.640427e-05
1721 5.622143e-05
1722 5.603962e-05
1723 5.585884e-05
1724 5.567909e-05
1725 5.550036e-05
1726 5.532267e-05
1727 5.514600e-05
1728 5.497035e-05
1729 5.479573e-05
1730 5.462212e-05
1731 5.444953e-05
1732 5.427796e-05
1733 5.410740e-05
1734 5.393785e-05
1735 5.376931e-05
1736 5.360178e-05
1737 5.343526e-05
1738 5.326974e-05
1739 5.310522e-05
1740 5.294170e-05
1741 5.277917e-05
1742 5.261764e-05
1743 5.245711e-05
1744 5.229756e-05
1745 5.213900e-05
1746 5.198143e-05
1747 5.182484e-05
1748 5.166923e-05
1749 5.151460e-05
1750 5.136095e-05
1751 5.120827e-05
1752 5.105656e-05
1753 5.090581e-05
1754 5.075604e-05
1755 5.060722e-05
1756 5.045937e-05
1757 5.031248e-05
1758 5.016654e-05
1759 5.002155e-05
1760 4.987751e-05
1761 4.973442e-05
1762 4.959228e-05
1763 4.945107e-05
1764 4.931081e-05
1765 4.917148e-05
1766 4.903308e-05
1767 4.889561e-05
1768 4.875907e-05
1769 4.862346e-05
1770 4.848876e-05
1771 4.835498e-05
1772 4.822212e-05
1773 4.809017e-05
1774 4.795912e-05
1775 4.782899e-05
1776 4.769975e-05
1777 4.757142e-05
1778 4.744398e-05
1779 4.731743e-05
1780 4.719178e-05
1781 4.706701e-05
1782 4.694312e-05
1783 4.682011e-05
1784 4.669798e-05
1785 4.657673e-05
1786 4.645634e-05
1787 4.633682e-05
1788 4.621816e-05
1789 4.610036e-05
1790 4.598342e-05
1791 4.586733e-05
1792 4.575209e-05
1793 4.563770e-05
1794 4.552415e-05
1795 4.541143e-05
1796 4.529956e-05
1797 4.518851e-05
1798 4.507829e-05
1799 4.496890e-05
1800 4.486032e-05
1801 4.475256e-05
1802 4.464562e-05
1803 4.453949e-05
1804 4.443416e-05
1805 4.432963e-05
1806 4.422591e-05
1807 4.412297e-05
1808 4.402083e-05
1809 4.391948e-05
1810 4.381890e-05
1811 4.371911e-05
1812 4.362009e-05
1813 4.352185e-05
1814 4.342437e-05
1815 4.332766e-05
1816 4.323170e-05
1817 4.313651e-05
1818 4.304206e-05
1819 4.294836e-05
1820 4.285541e-05
1821 4.276319e-05
1822 4.267172e-05
1823 4.258097e-05
1824 4.249095e-05
1825 4.240166e-05
1826 4.231309e-05
1827 4.222523e-05
1828 4.213809e-05
1829 4.205165e-05
1830 4.196591e-05
1831 4.188088e-05
1832 4.179654e-05
1833 4.171289e-05
1834 4.162993e-05
1835 4.154765e-05
1836 4.146605e-05
1837 4.138512e-05
1838 4.130487e-05
1839 4.122528e-05
1840 4.114635e-05
1841 4.106808e-05
1842 4.099046e-05
1843 4.091349e-05
1844 4.083717e-05
1845 4.076148e-05
1846 4.068644e-05
1847 4.061202e-05
1848 4.053823e-05
1849 4.046507e-05
1850 4.039252e-05
1851 4.032059e-05
1852 4.024927e-05
1853 4.017855e-05
1854 4.010844e-05
1855 4.003892e-05
1856 3.996999e-05
1857 3.990166e-05
1858 3.983390e-05
1859 3.976673e-05
1860 3.970013e-05
1861 3.963410e-05
1862 3.956864e-05
1863 3.950374e-05
1864 3.943940e-05
1865 3.937561e-05
1866 3.931237e-05
1867 3.924967e-05
1868 3.918751e-05
1869 3.912589e-05
1870 3.906480e-05
1871 3.900423e-05
1872 3.894419e-05
1873 3.888466e-05
1874 3.882564e-05
1875 3.876714e-05
1876 3.870913e-05
1877 3.865163e-05
1878 3.859462e-05
1879 3.853810e-05
1880 3.848206e-05
1881 3.842651e-05
1882 3.837143e-05
1883 3.831683e-05
1884 3.826269e-05
1885 3.820902e-05
1886 3.815580e-05
1887 3.810304e-05
1888 3.805073e-05
1889 3.799886e-05
1890 3.794744e-05
1891 3.789644e-05
1892 3.784588e-05
1893 3.779575e-05
1894 3.774604e-05
1895 3.769675e-05
1896 3.764787e-05
1897 3.759939e-05
1898 3.755133e-05
1899 3.750366e-05
1900 3.745639e-05
1901 3.740950e-05
1902 3.736301e-05
1903 3.731689e-05
1904 3.727115e-05
1905 3.722579e-05
1906 3.718079e-05
1907 3.713615e-05
1908 3.709188e-05
1909 3.704796e-05
1910 3.700438e-05
1911 3.696116e-05
1912 3.691827e-05
1913 3.687572e-05
1914 3.683350e-05
1915 3.679161e-05
1916 3.675004e-05
1917 3.670879e-05
1918 3.666786e-05
1919 3.662723e-05
1920 3.658691e-05
1921 3.654689e-05
1922 3.650716e-05
1923 3.646773e-05
1924 3.642858e-05
1925 3.638972e-05
1926 3.635113e-05
1927 3.631282e-05
1928 3.627477e-05
1929 3.623700e-05
1930 3.619948e-05
1931 3.616222e-05
1932 3.612520e-05
1933 3.608844e-05
1934 3.605192e-05
1935 3.601564e-05
1936 3.597959e-05
1937 3.594377e-05
1938 3.590818e-05
1939 3.587281e-05
1940 3.583765e-05
1941 3.580271e-05
1942 3.576797e-05
1943 3.573344e-05
1944 3.569911e-05
1945 3.566497e-05
1946 3.563103e-05
1947 3.559727e-05
1948 3.556369e-05
1949 3.553029e-05
1950 3.549707e-05
1951 3.546401e-05
1952 3.543112e-05
1953 3.539839e-05
1954 3.536582e-05
1955 3.533340e-05
1956 3.530113e-05
1957 3.526900e-05
1958 3.523702e-05
1959 3.520517e-05
1960 3.517345e-05
1961 3.514186e-05
1962 3.511039e-05
1963 3.507905e-05
1964 3.504782e-05
1965 3.501670e-05
1966 3.498569e-05
1967 3.495478e-05
1968 3.492397e-05
1969 3.489326e-05
1970 3.486264e-05
1971 3.483211e-05
1972 3.480166e-05
1973 3.477129e-05
1974 3.474100e-05
1975 3.471078e-05
1976 3.468062e-05
1977 3.465053e-05
1978 3.462050e-05
1979 3.459053e-05
1980 3.456061e-05
1981 3.453074e-05
1982 3.450091e-05
1983 3.447113e-05
1984 3.444138e-05
1985 3.441167e-05
1986 3.438198e-05
1987 3.435232e-05
1988 3.432269e-05
1989 3.429307e-05
1990 3.426347e-05
1991 3.423388e-05
1992 3.420430e-05
1993 3.417473e-05
1994 3.414515e-05
1995 3.411557e-05
1996 3.408599e-05
1997 3.405640e-05
1998 3.402679e-05
1999 3.399717e-05
2000 3.396752e-05
2001 3.393785e-05
