0 1.081141e-06
1 1.081141e-06
2 1.081141e-06
3 1.943451e-06
4 2.859501e-06
5 3.820553e-06
6 4.818677e-06
7 5.846715e-06
8 6.898245e-06
9 7.967544e-06
10 9.049557e-06
11 1.013985e-05
12 1.123460e-05
13 1.233051e-05
14 1.342483e-05
15 1.451528e-05
16 1.560004e-05
17 1.667769e-05
18 1.774721e-05
19 1.880789e-05
20 1.985934e-05
21 2.090146e-05
22 2.193434e-05
23 2.295830e-05
24 2.397382e-05
25 2.498150e-05
26 2.598201e-05
27 2.697611e-05
28 2.796456e-05
29 2.894809e-05
30 2.992741e-05
31 3.090310e-05
32 3.187564e-05
33 3.284534e-05
34 3.381235e-05
35 3.477660e-05
36 3.573791e-05
37 3.669595e-05
38 3.765032e-05
39 3.860050e-05
40 3.954594e-05
41 4.048605e-05
42 4.142025e-05
43 4.234795e-05
44 4.326861e-05
45 4.418174e-05
46 4.508691e-05
47 4.598376e-05
48 4.687203e-05
49 4.775152e-05
50 4.862215e-05
51 4.948397e-05
52 5.033713e-05
53 5.118191e-05
54 5.201876e-05
55 5.284820e-05
56 5.367083e-05
57 5.448729e-05
58 5.529820e-05
59 5.610414e-05
60 5.690559e-05
61 5.770294e-05
62 5.849638e-05
63 5.928592e-05
64 6.007135e-05
65 6.085227e-05
66 6.162817e-05
67 6.239843e-05
68 6.316242e-05
69 6.391954e-05
70 6.466927e-05
71 6.541122e-05
72 6.614519e-05
73 6.687123e-05
74 6.758963e-05
75 6.830096e-05
76 6.900592e-05
77 6.970534e-05
78 7.040010e-05
79 7.109107e-05
80 7.177905e-05
81 7.246471e-05
82 7.314851e-05
83 7.383069e-05
84 7.451118e-05
85 7.518964e-05
86 7.586556e-05
87 7.653822e-05
88 7.720685e-05
89 7.787059e-05
90 7.852859e-05
91 7.918007e-05
92 7.982435e-05
93 8.046090e-05
94 8.108939e-05
95 8.170968e-05
96 8.232179e-05
97 8.292588e-05
98 8.352221e-05
99 8.411116e-05
100 8.469313e-05
101 8.526860e-05
102 8.583804e-05
103 8.640192e-05
104 8.696066e-05
105 8.751467e-05
106 8.806432e-05
107 8.860993e-05
108 8.915183e-05
109 8.969027e-05
110 9.022551e-05
111 9.075776e-05
112 9.128723e-05
113 9.181407e-05
114 9.233844e-05
115 9.286046e-05
116 9.338024e-05
117 9.389786e-05
118 9.441339e-05
119 9.492688e-05
120 9.543837e-05
121 9.594787e-05
122 9.645540e-05
123 9.696096e-05
124 9.746454e-05
125 9.796610e-05
126 9.846563e-05
127 9.896309e-05
128 9.945845e-05
129 9.995165e-05
130 1.004427e-04
131 1.009314e-04
132 1.014179e-04
133 1.019020e-04
134 1.023838e-04
135 1.028632e-04
136 1.033401e-04
137 1.038145e-04
138 1.042864e-04
139 1.047558e-04
140 1.052226e-04
141 1.056868e-04
142 1.061485e-04
143 1.066075e-04
144 1.070639e-04
145 1.075177e-04
146 1.079688e-04
147 1.084174e-04
148 1.088633e-04
149 1.093066e-04
150 1.097472e-04
151 1.101853e-04
152 1.106208e-04
153 1.110538e-04
154 1.114843e-04
155 1.119122e-04
156 1.123377e-04
157 1.127608e-04
158 1.131815e-04
159 1.135999e-04
160 1.140161e-04
161 1.144300e-04
162 1.148417e-04
163 1.152513e-04
164 1.156590e-04
165 1.160646e-04
166 1.164684e-04
167 1.168705e-04
168 1.172707e-04
169 1.176694e-04
170 1.180665e-04
171 1.184622e-04
172 1.188566e-04
173 1.192496e-04
174 1.196415e-04
175 1.200324e-04
176 1.204222e-04
177 1.208112e-04
178 1.211994e-04
179 1.215870e-04
180 1.219739e-04
181 1.223604e-04
182 1.227465e-04
183 1.231322e-04
184 1.235178e-04
185 1.239032e-04
186 1.242886e-04
187 1.246740e-04
188 1.250596e-04
189 1.254454e-04
190 1.258314e-04
191 1.262178e-04
192 1.266045e-04
193 1.269917e-04
194 1.273795e-04
195 1.277678e-04
196 1.281567e-04
197 1.285462e-04
198 1.289364e-04
199 1.293273e-04
200 1.297190e-04
201 1.301114e-04
202 1.305045e-04
203 1.308985e-04
204 1.312932e-04
205 1.316887e-04
206 1.320850e-04
207 1.324821e-04
208 1.328800e-04
209 1.332786e-04
210 1.336780e-04
211 1.340781e-04
212 1.344790e-04
213 1.348805e-04
214 1.352827e-04
215 1.356855e-04
216 1.360890e-04
217 1.364930e-04
218 1.368975e-04
219 1.373026e-04
220 1.377081e-04
221 1.381140e-04
222 1.385202e-04
223 1.389268e-04
224 1.393336e-04
225 1.397407e-04
226 1.401479e-04
227 1.405553e-04
228 1.409626e-04
229 1.413700e-04
230 1.417773e-04
231 1.421846e-04
232 1.425916e-04
233 1.429984e-04
234 1.434050e-04
235 1.438112e-04
236 1.442170e-04
237 1.446224e-04
238 1.450273e-04
239 1.454316e-04
240 1.458354e-04
241 1.462385e-04
242 1.466409e-04
243 1.470426e-04
244 1.474436e-04
245 1.478437e-04
246 1.482431e-04
247 1.486415e-04
248 1.490391e-04
249 1.494358e-04
250 1.498315e-04
251 1.502263e-04
252 1.506201e-04
253 1.510130e-04
254 1.514050e-04
255 1.517959e-04
256 1.521860e-04
257 1.525751e-04
258 1.529632e-04
259 1.533505e-04
260 1.537369e-04
261 1.541224e-04
262 1.545071e-04
263 1.548910e-04
264 1.552741e-04
265 1.556564e-04
266 1.560380e-04
267 1.564189e-04
268 1.567991e-04
269 1.571787e-04
270 1.575576e-04
271 1.579359e-04
272 1.583136e-04
273 1.586907e-04
274 1.590673e-04
275 1.594433e-04
276 1.598187e-04
277 1.601936e-04
278 1.605679e-04
279 1.609416e-04
280 1.613148e-04
281 1.616873e-04
282 1.620593e-04
283 1.624305e-04
284 1.628011e-04
285 1.631708e-04
286 1.635398e-04
287 1.639079e-04
288 1.642751e-04
289 1.646412e-04
290 1.650063e-04
291 1.653702e-04
292 1.657328e-04
293 1.660941e-04
294 1.664540e-04
295 1.668123e-04
296 1.671691e-04
297 1.675241e-04
298 1.678773e-04
299 1.682286e-04
300 1.685779e-04
301 1.689251e-04
302 1.692701e-04
303 1.696127e-04
304 1.699530e-04
305 1.702907e-04
306 1.706259e-04
307 1.709583e-04
308 1.712880e-04
309 1.716148e-04
310 1.719387e-04
311 1.722595e-04
312 1.725772e-04
313 1.728918e-04
314 1.732031e-04
315 1.735111e-04
316 1.738158e-04
317 1.741170e-04
318 1.744148e-04
319 1.747091e-04
320 1.749999e-04
321 1.752871e-04
322 1.755708e-04
323 1.758508e-04
324 1.761272e-04
325 1.763999e-04
326 1.766689e-04
327 1.769342e-04
328 1.771959e-04
329 1.774538e-04
330 1.777080e-04
331 1.779585e-04
332 1.782052e-04
333 1.784482e-04
334 1.786874e-04
335 1.789229e-04
336 1.791547e-04
337 1.793828e-04
338 1.796071e-04
339 1.798276e-04
340 1.800445e-04
341 1.802576e-04
342 1.804670e-04
343 1.806726e-04
344 1.808745e-04
345 1.810727e-04
346 1.812672e-04
347 1.814579e-04
348 1.816449e-04
349 1.818282e-04
350 1.820077e-04
351 1.821835e-04
352 1.823556e-04
353 1.825239e-04
354 1.826884e-04
355 1.828491e-04
356 1.830061e-04
357 1.831594e-04
358 1.833088e-04
359 1.834544e-04
360 1.835963e-04
361 1.837343e-04
362 1.838685e-04
363 1.839989e-04
364 1.841254e-04
365 1.842481e-04
366 1.843669e-04
367 1.844818e-04
368 1.845929e-04
369 1.847001e-04
370 1.848033e-04
371 1.849027e-04
372 1.849981e-04
373 1.850896e-04
374 1.851771e-04
375 1.852606e-04
376 1.853402e-04
377 1.854157e-04
378 1.854873e-04
379 1.855548e-04
380 1.856183e-04
381 1.856778e-04
382 1.857332e-04
383 1.857845e-04
384 1.858318e-04
385 1.858749e-04
386 1.859140e-04
387 1.859489e-04
388 1.859798e-04
389 1.860064e-04
390 1.860290e-04
391 1.860474e-04
392 1.860616e-04
393 1.860717e-04
394 1.860776e-04
395 1.860794e-04
396 1.860770e-04
397 1.860704e-04
398 1.860596e-04
399 1.860447e-04
400 1.860256e-04
401 1.860023e-04
402 1.859748e-04
403 1.859432e-04
404 1.859075e-04
405 1.858676e-04
406 1.858236e-04
407 1.857755e-04
408 1.857232e-04
409 1.856669e-04
410 1.856065e-04
411 1.855420e-04
412 1.854735e-04
413 1.854011e-04
414 1.853246e-04
415 1.852442e-04
416 1.851598e-04
417 1.850716e-04
418 1.849796e-04
419 1.848837e-04
420 1.847840e-04
421 1.846806e-04
422 1.845736e-04
423 1.844629e-04
424 1.843486e-04
425 1.842308e-04
426 1.841096e-04
427 1.839849e-04
428 1.838569e-04
429 1.837256e-04
430 1.835912e-04
431 1.834536e-04
432 1.833129e-04
433 1.831693e-04
434 1.830229e-04
435 1.828736e-04
436 1.827216e-04
437 1.825671e-04
438 1.824100e-04
439 1.822505e-04
440 1.820887e-04
441 1.819247e-04
442 1.817586e-04
443 1.815905e-04
444 1.814206e-04
445 1.812488e-04
446 1.810753e-04
447 1.809002e-04
448 1.807237e-04
449 1.805457e-04
450 1.803665e-04
451 1.801860e-04
452 1.800044e-04
453 1.798218e-04
454 1.796383e-04
455 1.794539e-04
456 1.792687e-04
457 1.790829e-04
458 1.788963e-04
459 1.787092e-04
460 1.785216e-04
461 1.783335e-04
462 1.781449e-04
463 1.779560e-04
464 1.777667e-04
465 1.775771e-04
466 1.773872e-04
467 1.771969e-04
468 1.770064e-04
469 1.768155e-04
470 1.766244e-04
471 1.764329e-04
472 1.762412e-04
473 1.760491e-04
474 1.758566e-04
475 1.756638e-04
476 1.754707e-04
477 1.752771e-04
478 1.750831e-04
479 1.748886e-04
480 1.746937e-04
481 1.744982e-04
482 1.743023e-04
483 1.741058e-04
484 1.739087e-04
485 1.737111e-04
486 1.735129e-04
487 1.733140e-04
488 1.731145e-04
489 1.729144e-04
490 1.727136e-04
491 1.725123e-04
492 1.723102e-04
493 1.721076e-04
494 1.719043e-04
495 1.717005e-04
496 1.714961e-04
497 1.712912e-04
498 1.710858e-04
499 1.708799e-04
500 1.706736e-04
501 1.704670e-04
502 1.702600e-04
503 1.700528e-04
504 1.698454e-04
505 1.696378e-04
506 1.694301e-04
507 1.692224e-04
508 1.690147e-04
509 1.688071e-04
510 1.685997e-04
511 1.683925e-04
512 1.681856e-04
513 1.679790e-04
514 1.677728e-04
515 1.675671e-04
516 1.673619e-04
517 1.671573e-04
518 1.669534e-04
519 1.667502e-04
520 1.665477e-04
521 1.663461e-04
522 1.661453e-04
523 1.659455e-04
524 1.657465e-04
525 1.655486e-04
526 1.653517e-04
527 1.651559e-04
528 1.649611e-04
529 1.647675e-04
530 1.645750e-04
531 1.643836e-04
532 1.641934e-04
533 1.640044e-04
534 1.638166e-04
535 1.636300e-04
536 1.634447e-04
537 1.632605e-04
538 1.630776e-04
539 1.628960e-04
540 1.627155e-04
541 1.625363e-04
542 1.623584e-04
543 1.621816e-04
544 1.620061e-04
545 1.618318e-04
546 1.616587e-04
547 1.614868e-04
548 1.613161e-04
549 1.611466e-04
550 1.609782e-04
551 1.608110e-04
552 1.606449e-04
553 1.604800e-04
554 1.603162e-04
555 1.601536e-04
556 1.599920e-04
557 1.598315e-04
558 1.596721e-04
559 1.595137e-04
560 1.593564e-04
561 1.592001e-04
562 1.590448e-04
563 1.588906e-04
564 1.587373e-04
565 1.585850e-04
566 1.584337e-04
567 1.582833e-04
568 1.581338e-04
569 1.579853e-04
570 1.578377e-04
571 1.576909e-04
572 1.575451e-04
573 1.574001e-04
574 1.572559e-04
575 1.571126e-04
576 1.569701e-04
577 1.568283e-04
578 1.566874e-04
579 1.565472e-04
580 1.564078e-04
581 1.562691e-04
582 1.561312e-04
583 1.559939e-04
584 1.558573e-04
585 1.557214e-04
586 1.555862e-04
587 1.554516e-04
588 1.553176e-04
589 1.551842e-04
590 1.550514e-04
591 1.549192e-04
592 1.547875e-04
593 1.546564e-04
594 1.545259e-04
595 1.543958e-04
596 1.542662e-04
597 1.541371e-04
598 1.540085e-04
599 1.538803e-04
600 1.537525e-04
601 1.536252e-04
602 1.534982e-04
603 1.533717e-04
604 1.532455e-04
605 1.531196e-04
606 1.529941e-04
607 1.528689e-04
608 1.527441e-04
609 1.526195e-04
610 1.524952e-04
611 1.523711e-04
612 1.522473e-04
613 1.521237e-04
614 1.520003e-04
615 1.518772e-04
616 1.517542e-04
617 1.516314e-04
618 1.515087e-04
619 1.513862e-04
620 1.512638e-04
621 1.511415e-04
622 1.510194e-04
623 1.508973e-04
624 1.507753e-04
625 1.506533e-04
626 1.505314e-04
627 1.504095e-04
628 1.502877e-04
629 1.501659e-04
630 1.500440e-04
631 1.499222e-04
632 1.498003e-04
633 1.496784e-04
634 1.495564e-04
635 1.494343e-04
636 1.493122e-04
637 1.491901e-04
638 1.490678e-04
639 1.489454e-04
640 1.488229e-04
641 1.487003e-04
642 1.485775e-04
643 1.484546e-04
644 1.483316e-04
645 1.482083e-04
646 1.480850e-04
647 1.479614e-04
648 1.478377e-04
649 1.477138e-04
650 1.475896e-04
651 1.474653e-04
652 1.473407e-04
653 1.472160e-04
654 1.470910e-04
655 1.469658e-04
656 1.468403e-04
657 1.467146e-04
658 1.465887e-04
659 1.464625e-04
660 1.463361e-04
661 1.462094e-04
662 1.460824e-04
663 1.459552e-04
664 1.458278e-04
665 1.457000e-04
666 1.455720e-04
667 1.454437e-04
668 1.453151e-04
669 1.451863e-04
670 1.450572e-04
671 1.449278e-04
672 1.447981e-04
673 1.446682e-04
674 1.445380e-04
675 1.444075e-04
676 1.442767e-04
677 1.441457e-04
678 1.440143e-04
679 1.438827e-04
680 1.437509e-04
681 1.436187e-04
682 1.434863e-04
683 1.433537e-04
684 1.432207e-04
685 1.430875e-04
686 1.429541e-04
687 1.428204e-04
688 1.426864e-04
689 1.425522e-04
690 1.424178e-04
691 1.422831e-04
692 1.421482e-04
693 1.420131e-04
694 1.418777e-04
695 1.417421e-04
696 1.416063e-04
697 1.414703e-04
698 1.413341e-04
699 1.411977e-04
700 1.410611e-04
701 1.409243e-04
702 1.407873e-04
703 1.406502e-04
704 1.405128e-04
705 1.403754e-04
706 1.402378e-04
707 1.401000e-04
708 1.399621e-04
709 1.398240e-04
710 1.396859e-04
711 1.395476e-04
712 1.394092e-04
713 1.392707e-04
714 1.391322e-04
715 1.389935e-04
716 1.388548e-04
717 1.387160e-04
718 1.385771e-04
719 1.384382e-04
720 1.382993e-04
721 1.381603e-04
722 1.380214e-04
723 1.378824e-04
724 1.377434e-04
725 1.376044e-04
726 1.374654e-04
727 1.373264e-04
728 1.371875e-04
729 1.370487e-04
730 1.369099e-04
731 1.367711e-04
732 1.366325e-04
733 1.364939e-04
734 1.363554e-04
735 1.362171e-04
736 1.360789e-04
737 1.359407e-04
738 1.358028e-04
739 1.356650e-04
740 1.355273e-04
741 1.353899e-04
742 1.352526e-04
743 1.351155e-04
744 1.349786e-04
745 1.348419e-04
746 1.347055e-04
747 1.345693e-04
748 1.344334e-04
749 1.342977e-04
750 1.341623e-04
751 1.340272e-04
752 1.338924e-04
753 1.337579e-04
754 1.336237e-04
755 1.334898e-04
756 1.333563e-04
757 1.332232e-04
758 1.330904e-04
759 1.329580e-04
760 1.328260e-04
761 1.326944e-04
762 1.325632e-04
763 1.324325e-04
764 1.323021e-04
765 1.321722e-04
766 1.320428e-04
767 1.319139e-04
768 1.317854e-04
769 1.316574e-04
770 1.315300e-04
771 1.314030e-04
772 1.312766e-04
773 1.311507e-04
774 1.310253e-04
775 1.309006e-04
776 1.307763e-04
777 1.306527e-04
778 1.305296e-04
779 1.304072e-04
780 1.302854e-04
781 1.301642e-04
782 1.300436e-04
783 1.299236e-04
784 1.298043e-04
785 1.296857e-04
786 1.295677e-04
787 1.294504e-04
788 1.293338e-04
789 1.292179e-04
790 1.291027e-04
791 1.289882e-04
792 1.288745e-04
793 1.287614e-04
794 1.286491e-04
795 1.285376e-04
796 1.284268e-04
797 1.283167e-04
798 1.282074e-04
799 1.280989e-04
800 1.279912e-04
801 1.278843e-04
802 1.277781e-04
803 1.276728e-04
804 1.275682e-04
805 1.274645e-04
806 1.273615e-04
807 1.272594e-04
808 1.271582e-04
809 1.270577e-04
810 1.269581e-04
811 1.268593e-04
812 1.267614e-04
813 1.266643e-04
814 1.265680e-04
815 1.264726e-04
816 1.263780e-04
817 1.262843e-04
818 1.261915e-04
819 1.260995e-04
820 1.260083e-04
821 1.259180e-04
822 1.258286e-04
823 1.257400e-04
824 1.256523e-04
825 1.255654e-04
826 1.254794e-04
827 1.253943e-04
828 1.253100e-04
829 1.252265e-04
830 1.251439e-04
831 1.250621e-04
832 1.249811e-04
833 1.249010e-04
834 1.248217e-04
835 1.247433e-04
836 1.246656e-04
837 1.245888e-04
838 1.245128e-04
839 1.244376e-04
840 1.243632e-04
841 1.242895e-04
842 1.242166e-04
843 1.241445e-04
844 1.240732e-04
845 1.240026e-04
846 1.239328e-04
847 1.238637e-04
848 1.237953e-04
849 1.237276e-04
850 1.236606e-04
851 1.235943e-04
852 1.235287e-04
853 1.234637e-04
854 1.233993e-04
855 1.233356e-04
856 1.232725e-04
857 1.232101e-04
858 1.231482e-04
859 1.230868e-04
860 1.230260e-04
861 1.229658e-04
862 1.229060e-04
863 1.228468e-04
864 1.227880e-04
865 1.227297e-04
866 1.226718e-04
867 1.226144e-04
868 1.225574e-04
869 1.225007e-04
870 1.224444e-04
871 1.223884e-04
872 1.223328e-04
873 1.222775e-04
874 1.222224e-04
875 1.221676e-04
876 1.221130e-04
877 1.220586e-04
878 1.220044e-04
879 1.219504e-04
880 1.218965e-04
881 1.218428e-04
882 1.217891e-04
883 1.217355e-04
884 1.216820e-04
885 1.216284e-04
886 1.215749e-04
887 1.215214e-04
888 1.214678e-04
889 1.214141e-04
890 1.213604e-04
891 1.213065e-04
892 1.212525e-04
893 1.211983e-04
894 1.211439e-04
895 1.210893e-04
896 1.210345e-04
897 1.209794e-04
898 1.209241e-04
899 1.208684e-04
900 1.208123e-04
901 1.207560e-04
902 1.206992e-04
903 1.206420e-04
904 1.205845e-04
905 1.205264e-04
906 1.204679e-04
907 1.204089e-04
908 1.203494e-04
909 1.202893e-04
910 1.202286e-04
911 1.201674e-04
912 1.201056e-04
913 1.200431e-04
914 1.199800e-04
915 1.199163e-04
916 1.198518e-04
917 1.197866e-04
918 1.197207e-04
919 1.196540e-04
920 1.195866e-04
921 1.195184e-04
922 1.194494e-04
923 1.193795e-04
924 1.193088e-04
925 1.192372e-04
926 1.191648e-04
927 1.190915e-04
928 1.190172e-04
929 1.189421e-04
930 1.188660e-04
931 1.187889e-04
932 1.187109e-04
933 1.186319e-04
934 1.185519e-04
935 1.184709e-04
936 1.183888e-04
937 1.183058e-04
938 1.182217e-04
939 1.181365e-04
940 1.180503e-04
941 1.179630e-04
942 1.178746e-04
943 1.177852e-04
944 1.176946e-04
945 1.176030e-04
946 1.175103e-04
947 1.174164e-04
948 1.173215e-04
949 1.172254e-04
950 1.171282e-04
951 1.170299e-04
952 1.169304e-04
953 1.168299e-04
954 1.167282e-04
955 1.166254e-04
956 1.165215e-04
957 1.164164e-04
958 1.163103e-04
959 1.162030e-04
960 1.160947e-04
961 1.159852e-04
962 1.158747e-04
963 1.157631e-04
964 1.156504e-04
965 1.155366e-04
966 1.154218e-04
967 1.153059e-04
968 1.151890e-04
969 1.150711e-04
970 1.149522e-04
971 1.148323e-04
972 1.147113e-04
973 1.145894e-04
974 1.144666e-04
975 1.143428e-04
976 1.142180e-04
977 1.140924e-04
978 1.139658e-04
979 1.138384e-04
980 1.137101e-04
981 1.135809e-04
982 1.134510e-04
983 1.133202e-04
984 1.131886e-04
985 1.130562e-04
986 1.129231e-04
987 1.127893e-04
988 1.126547e-04
989 1.125195e-04
990 1.123835e-04
991 1.122470e-04
992 1.121097e-04
993 1.119719e-04
994 1.118335e-04
995 1.116946e-04
996 1.115551e-04
997 1.114151e-04
998 1.112746e-04
999 1.111336e-04
1000 1.109922e-04
1001 1.108504e-04
1002 1.107081e-04
1003 1.105655e-04
1004 1.104226e-04
1005 1.102793e-04
1006 1.101358e-04
1007 1.099919e-04
1008 1.098478e-04
1009 1.097035e-04
1010 1.095591e-04
1011 1.094144e-04
1012 1.092696e-04
1013 1.091247e-04
1014 1.089797e-04
1015 1.088346e-04
1016 1.086895e-04
1017 1.085443e-04
1018 1.083992e-04
1019 1.082542e-04
1020 1.081091e-04
1021 1.079642e-04
1022 1.078194e-04
1023 1.076748e-04
1024 1.075303e-04
1025 1.073860e-04
1026 1.072419e-04
1027 1.070981e-04
1028 1.069545e-04
1029 1.068113e-04
1030 1.066683e-04
1031 1.065257e-04
1032 1.063835e-04
1033 1.062417e-04
1034 1.061003e-04
1035 1.059593e-04
1036 1.058188e-04
1037 1.056788e-04
1038 1.055393e-04
1039 1.054004e-04
1040 1.052620e-04
1041 1.051242e-04
1042 1.049870e-04
1043 1.048504e-04
1044 1.047145e-04
1045 1.045793e-04
1046 1.044447e-04
1047 1.043109e-04
1048 1.041778e-04
1049 1.040455e-04
1050 1.039139e-04
1051 1.037831e-04
1052 1.036532e-04
1053 1.035241e-04
1054 1.033958e-04
1055 1.032684e-04
1056 1.031419e-04
1057 1.030162e-04
1058 1.028915e-04
1059 1.027678e-04
1060 1.026449e-04
1061 1.025231e-04
1062 1.024022e-04
1063 1.022823e-04
1064 1.021634e-04
1065 1.020455e-04
1066 1.019287e-04
1067 1.018129e-04
1068 1.016982e-04
1069 1.015845e-04
1070 1.014720e-04
1071 1.013605e-04
1072 1.012501e-04
1073 1.011408e-04
1074 1.010327e-04
1075 1.009257e-04
1076 1.008198e-04
1077 1.007151e-04
1078 1.006115e-04
1079 1.005092e-04
1080 1.004079e-04
1081 1.003079e-04
1082 1.002091e-04
1083 1.001115e-04
1084 1.000150e-04
1085 9.991980e-05
1086 9.982580e-05
1087 9.973302e-05
1088 9.964147e-05
1089 9.955116e-05
1090 9.946208e-05
1091 9.937425e-05
1092 9.928767e-05
1093 9.920234e-05
1094 9.911826e-05
1095 9.903544e-05
1096 9.895389e-05
1097 9.887360e-05
1098 9.879458e-05
1099 9.871683e-05
1100 9.864035e-05
1101 9.856515e-05
1102 9.849122e-05
1103 9.841857e-05
1104 9.834720e-05
1105 9.827711e-05
1106 9.820831e-05
1107 9.814078e-05
1108 9.807453e-05
1109 9.800956e-05
1110 9.794588e-05
1111 9.788348e-05
1112 9.782235e-05
1113 9.776251e-05
1114 9.770395e-05
1115 9.764666e-05
1116 9.759065e-05
1117 9.753592e-05
1118 9.748246e-05
1119 9.743027e-05
1120 9.737934e-05
1121 9.732969e-05
1122 9.728130e-05
1123 9.723417e-05
1124 9.718831e-05
1125 9.714370e-05
1126 9.710034e-05
1127 9.705823e-05
1128 9.701738e-05
1129 9.697776e-05
1130 9.693939e-05
1131 9.690225e-05
1132 9.686635e-05
1133 9.683167e-05
1134 9.679822e-05
1135 9.676599e-05
1136 9.673498e-05
1137 9.670519e-05
1138 9.667660e-05
1139 9.664921e-05
1140 9.662302e-05
1141 9.659803e-05
1142 9.657423e-05
1143 9.655161e-05
1144 9.653017e-05
1145 9.650991e-05
1146 9.649082e-05
1147 9.647289e-05
1148 9.645612e-05
1149 9.644051e-05
1150 9.642604e-05
1151 9.641272e-05
1152 9.640054e-05
1153 9.638949e-05
1154 9.637957e-05
1155 9.637077e-05
1156 9.636309e-05
1157 9.635652e-05
1158 9.635105e-05
1159 9.634669e-05
1160 9.634342e-05
1161 9.634124e-05
1162 9.634014e-05
1163 9.634012e-05
1164 9.634117e-05
1165 9.634329e-05
1166 9.634647e-05
1167 9.635070e-05
1168 9.635598e-05
1169 9.636230e-05
1170 9.636967e-05
1171 9.637806e-05
1172 9.638747e-05
1173 9.639791e-05
1174 9.640936e-05
1175 9.642181e-05
1176 9.643527e-05
1177 9.644972e-05
1178 9.646516e-05
1179 9.648158e-05
1180 9.649898e-05
1181 9.651735e-05
1182 9.653668e-05
1183 9.655698e-05
1184 9.657822e-05
1185 9.660040e-05
1186 9.662353e-05
1187 9.664759e-05
1188 9.667257e-05
1189 9.669848e-05
1190 9.672529e-05
1191 9.675302e-05
1192 9.678164e-05
1193 9.681116e-05
1194 9.684156e-05
1195 9.687285e-05
1196 9.690501e-05
1197 9.693804e-05
1198 9.697193e-05
1199 9.700667e-05
1200 9.704227e-05
1201 9.707870e-05
1202 9.711597e-05
1203 9.715406e-05
1204 9.719298e-05
1205 9.723271e-05
1206 9.727325e-05
1207 9.731459e-05
1208 9.735673e-05
1209 9.739965e-05
1210 9.744335e-05
1211 9.748783e-05
1212 9.753307e-05
1213 9.757907e-05
1214 9.762583e-05
1215 9.767333e-05
1216 9.772157e-05
1217 9.777055e-05
1218 9.782025e-05
1219 9.787067e-05
1220 9.792180e-05
1221 9.797363e-05
1222 9.802616e-05
1223 9.807938e-05
1224 9.813329e-05
1225 9.818787e-05
1226 9.824312e-05
1227 9.829904e-05
1228 9.835561e-05
1229 9.841283e-05
1230 9.847068e-05
1231 9.852918e-05
1232 9.858830e-05
1233 9.864803e-05
1234 9.870839e-05
1235 9.876934e-05
1236 9.883090e-05
1237 9.889304e-05
1238 9.895577e-05
1239 9.901908e-05
1240 9.908295e-05
1241 9.914739e-05
1242 9.921238e-05
1243 9.927792e-05
1244 9.934400e-05
1245 9.941062e-05
1246 9.947775e-05
1247 9.954541e-05
1248 9.961358e-05
1249 9.968225e-05
1250 9.975142e-05
1251 9.982108e-05
1252 9.989122e-05
1253 9.996184e-05
1254 1.000329e-04
1255 1.001045e-04
1256 1.001765e-04
1257 1.002489e-04
1258 1.003218e-04
1259 1.003951e-04
1260 1.004688e-04
1261 1.005430e-04
1262 1.006175e-04
1263 1.006925e-04
1264 1.007679e-04
1265 1.008436e-04
1266 1.009197e-04
1267 1.009962e-04
1268 1.010731e-04
1269 1.011503e-04
1270 1.012278e-04
1271 1.013057e-04
1272 1.013840e-04
1273 1.014626e-04
1274 1.015414e-04
1275 1.016207e-04
1276 1.017002e-04
1277 1.017800e-04
1278 1.018601e-04
1279 1.019404e-04
1280 1.020211e-04
1281 1.021020e-04
1282 1.021832e-04
1283 1.022646e-04
1284 1.023463e-04
1285 1.024283e-04
1286 1.025104e-04
1287 1.025928e-04
1288 1.026754e-04
1289 1.027582e-04
1290 1.028412e-04
1291 1.029244e-04
1292 1.030078e-04
1293 1.030914e-04
1294 1.031751e-04
1295 1.032591e-04
1296 1.033431e-04
1297 1.034274e-04
1298 1.035117e-04
1299 1.035962e-04
1300 1.036809e-04
1301 1.037656e-04
1302 1.038505e-04
1303 1.039355e-04
1304 1.040205e-04
1305 1.041057e-04
1306 1.041910e-04
1307 1.042763e-04
1308 1.043617e-04
1309 1.044472e-04
1310 1.045327e-04
1311 1.046183e-04
1312 1.047039e-04
1313 1.047896e-04
1314 1.048752e-04
1315 1.049609e-04
1316 1.050467e-04
1317 1.051324e-04
1318 1.052181e-04
1319 1.053038e-04
1320 1.053895e-04
1321 1.054752e-04
1322 1.055608e-04
1323 1.056465e-04
1324 1.057320e-04
1325 1.058176e-04
1326 1.059030e-04
1327 1.059884e-04
1328 1.060738e-04
1329 1.061590e-04
1330 1.062442e-04
1331 1.063292e-04
1332 1.064142e-04
1333 1.064991e-04
1334 1.065838e-04
1335 1.066685e-04
1336 1.067530e-04
1337 1.068374e-04
1338 1.069216e-04
1339 1.070057e-04
1340 1.070896e-04
1341 1.071734e-04
1342 1.072570e-04
1343 1.073405e-04
1344 1.074237e-04
1345 1.075068e-04
1346 1.075897e-04
1347 1.076723e-04
1348 1.077548e-04
1349 1.078371e-04
1350 1.079191e-04
1351 1.080009e-04
1352 1.080825e-04
1353 1.081638e-04
1354 1.082449e-04
1355 1.083257e-04
1356 1.084063e-04
1357 1.084866e-04
1358 1.085666e-04
1359 1.086464e-04
1360 1.087258e-04
1361 1.088050e-04
1362 1.088839e-04
1363 1.089624e-04
1364 1.090407e-04
1365 1.091186e-04
1366 1.091963e-04
1367 1.092736e-04
1368 1.093505e-04
1369 1.094271e-04
1370 1.095034e-04
1371 1.095793e-04
1372 1.096548e-04
1373 1.097300e-04
1374 1.098048e-04
1375 1.098793e-04
1376 1.099533e-04
1377 1.100270e-04
1378 1.101002e-04
1379 1.101731e-04
1380 1.102455e-04
1381 1.103176e-04
1382 1.103892e-04
1383 1.104604e-04
1384 1.105311e-04
1385 1.106014e-04
1386 1.106713e-04
1387 1.107408e-04
1388 1.108097e-04
1389 1.108782e-04
1390 1.109463e-04
1391 1.110139e-04
1392 1.110810e-04
1393 1.111476e-04
1394 1.112137e-04
1395 1.112794e-04
1396 1.113445e-04
1397 1.114091e-04
1398 1.114733e-04
1399 1.115369e-04
1400 1.116000e-04
1401 1.116626e-04
1402 1.117246e-04
1403 1.117861e-04
1404 1.118471e-04
1405 1.119075e-04
1406 1.119674e-04
1407 1.120267e-04
1408 1.120854e-04
1409 1.121436e-04
1410 1.122012e-04
1411 1.122583e-04
1412 1.123147e-04
1413 1.123706e-04
1414 1.124259e-04
1415 1.124806e-04
1416 1.125347e-04
1417 1.125882e-04
1418 1.126411e-04
1419 1.126934e-04
1420 1.127450e-04
1421 1.127960e-04
1422 1.128465e-04
1423 1.128962e-04
1424 1.129454e-04
1425 1.129939e-04
1426 1.130417e-04
1427 1.130890e-04
1428 1.131355e-04
1429 1.131814e-04
1430 1.132267e-04
1431 1.132712e-04
1432 1.133152e-04
1433 1.133584e-04
1434 1.134010e-04
1435 1.134428e-04
1436 1.134840e-04
1437 1.135246e-04
1438 1.135644e-04
1439 1.136035e-04
1440 1.136419e-04
1441 1.136796e-04
1442 1.137167e-04
1443 1.137530e-04
1444 1.137886e-04
1445 1.138234e-04
1446 1.138576e-04
1447 1.138910e-04
1448 1.139237e-04
1449 1.139557e-04
1450 1.139869e-04
1451 1.140174e-04
1452 1.140472e-04
1453 1.140762e-04
1454 1.141045e-04
1455 1.141320e-04
1456 1.141588e-04
1457 1.141848e-04
1458 1.142101e-04
1459 1.142346e-04
1460 1.142583e-04
1461 1.142813e-04
1462 1.143035e-04
1463 1.143250e-04
1464 1.143456e-04
1465 1.143655e-04
1466 1.143846e-04
1467 1.144029e-04
1468 1.144205e-04
1469 1.144372e-04
1470 1.144532e-04
1471 1.144684e-04
1472 1.144828e-04
1473 1.144963e-04
1474 1.145091e-04
1475 1.145211e-04
1476 1.145323e-04
1477 1.145427e-04
1478 1.145523e-04
1479 1.145611e-04
1480 1.145690e-04
1481 1.145762e-04
1482 1.145826e-04
1483 1.145881e-04
1484 1.145928e-04
1485 1.145967e-04
1486 1.145998e-04
1487 1.146020e-04
1488 1.146035e-04
1489 1.146041e-04
1490 1.146039e-04
1491 1.146029e-04
1492 1.146010e-04
1493 1.145983e-04
1494 1.145948e-04
1495 1.145905e-04
1496 1.145853e-04
1497 1.145793e-04
1498 1.145724e-04
1499 1.145647e-04
1500 1.145562e-04
1501 1.145468e-04
1502 1.145366e-04
1503 1.145256e-04
1504 1.145137e-04
1505 1.145010e-04
1506 1.144875e-04
1507 1.144731e-04
1508 1.144578e-04
1509 1.144417e-04
1510 1.144248e-04
1511 1.144070e-04
1512 1.143884e-04
1513 1.143690e-04
1514 1.143487e-04
1515 1.143275e-04
1516 1.143055e-04
1517 1.142827e-04
1518 1.142590e-04
1519 1.142344e-04
1520 1.142090e-04
1521 1.141828e-04
1522 1.141557e-04
1523 1.141278e-04
1524 1.140990e-04
1525 1.140694e-04
1526 1.140389e-04
1527 1.140076e-04
1528 1.139754e-04
1529 1.139424e-04
1530 1.139085e-04
1531 1.138738e-04
1532 1.138382e-04
1533 1.138018e-04
1534 1.137646e-04
1535 1.137265e-04
1536 1.136875e-04
1537 1.136477e-04
1538 1.136071e-04
1539 1.135656e-04
1540 1.135233e-04
1541 1.134801e-04
1542 1.134361e-04
1543 1.133913e-04
1544 1.133456e-04
1545 1.132991e-04
1546 1.132517e-04
1547 1.132035e-04
1548 1.131545e-04
1549 1.131046e-04
1550 1.130538e-04
1551 1.130023e-04
1552 1.129499e-04
1553 1.128967e-04
1554 1.128426e-04
1555 1.127877e-04
1556 1.127320e-04
1557 1.126755e-04
1558 1.126181e-04
1559 1.125599e-04
1560 1.125009e-04
1561 1.124410e-04
1562 1.123804e-04
1563 1.123189e-04
1564 1.122566e-04
1565 1.121934e-04
1566 1.121295e-04
1567 1.120647e-04
1568 1.119992e-04
1569 1.119328e-04
1570 1.118656e-04
1571 1.117975e-04
1572 1.117287e-04
1573 1.116591e-04
1574 1.115887e-04
1575 1.115174e-04
1576 1.114454e-04
1577 1.113725e-04
1578 1.112989e-04
1579 1.112245e-04
1580 1.111493e-04
1581 1.110732e-04
1582 1.109964e-04
1583 1.109188e-04
1584 1.108404e-04
1585 1.107613e-04
1586 1.106813e-04
1587 1.106006e-04
1588 1.105191e-04
1589 1.104368e-04
1590 1.103537e-04
1591 1.102699e-04
1592 1.101853e-04
1593 1.100999e-04
1594 1.100138e-04
1595 1.099269e-04
1596 1.098392e-04
1597 1.097508e-04
1598 1.096616e-04
1599 1.095717e-04
1600 1.094810e-04
1601 1.093895e-04
1602 1.092974e-04
1603 1.092044e-04
1604 1.091108e-04
1605 1.090163e-04
1606 1.089212e-04
1607 1.088253e-04
1608 1.087287e-04
1609 1.086314e-04
1610 1.085333e-04
1611 1.084345e-04
1612 1.083350e-04
1613 1.082348e-04
1614 1.081338e-04
1615 1.080322e-04
1616 1.079298e-04
1617 1.078267e-04
1618 1.077229e-04
1619 1.076185e-04
1620 1.075133e-04
1621 1.074074e-04
1622 1.073008e-04
1623 1.071936e-04
1624 1.070856e-04
1625 1.069770e-04
1626 1.068677e-04
1627 1.067577e-04
1628 1.066470e-04
1629 1.065357e-04
1630 1.064237e-04
1631 1.063110e-04
1632 1.061977e-04
1633 1.060837e-04
1634 1.059690e-04
1635 1.058537e-04
1636 1.057378e-04
1637 1.056212e-04
1638 1.055039e-04
1639 1.053861e-04
1640 1.052676e-04
1641 1.051484e-04
1642 1.050286e-04
1643 1.049082e-04
1644 1.047872e-04
1645 1.046656e-04
1646 1.045433e-04
1647 1.044204e-04
1648 1.042969e-04
1649 1.041728e-04
1650 1.040481e-04
1651 1.039229e-04
1652 1.037970e-04
1653 1.036705e-04
1654 1.035434e-04
1655 1.034158e-04
1656 1.032876e-04
1657 1.031587e-04
1658 1.030294e-04
1659 1.028994e-04
1660 1.027689e-04
1661 1.026378e-04
1662 1.025062e-04
1663 1.023740e-04
1664 1.022413e-04
1665 1.021080e-04
1666 1.019741e-04
1667 1.018398e-04
1668 1.017049e-04
1669 1.015694e-04
1670 1.014335e-04
1671 1.012970e-04
1672 1.011599e-04
1673 1.010224e-04
1674 1.008844e-04
1675 1.007458e-04
1676 1.006068e-04
1677 1.004672e-04
1678 1.003272e-04
1679 1.001866e-04
1680 1.000456e-04
1681 9.990408e-05
1682 9.976208e-05
1683 9.961961e-05
1684 9.947666e-05
1685 9.933325e-05
1686 9.918937e-05
1687 9.904503e-05
1688 9.890024e-05
1689 9.875499e-05
1690 9.860930e-05
1691 9.846316e-05
1692 9.831658e-05
1693 9.816957e-05
1694 9.802213e-05
1695 9.787426e-05
1696 9.772597e-05
1697 9.757725e-05
1698 9.742813e-05
1699 9.727859e-05
1700 9.712865e-05
1701 9.697831e-05
1702 9.682757e-05
1703 9.667644e-05
1704 9.652492e-05
1705 9.637302e-05
1706 9.622073e-05
1707 9.606807e-05
1708 9.591504e-05
1709 9.576165e-05
1710 9.560789e-05
1711 9.545377e-05
1712 9.529930e-05
1713 9.514448e-05
1714 9.498932e-05
1715 9.483381e-05
1716 9.467797e-05
1717 9.452180e-05
1718 9.436530e-05
1719 9.420848e-05
1720 9.405133e-05
1721 9.389388e-05
1722 9.373612e-05
1723 9.357805e-05
1724 9.341968e-05
1725 9.326102e-05
1726 9.310206e-05
1727 9.294282e-05
1728 9.278330e-05
1729 9.262350e-05
1730 9.246342e-05
1731 9.230308e-05
1732 9.214247e-05
1733 9.198161e-05
1734 9.182049e-05
1735 9.165912e-05
1736 9.149750e-05
1737 9.133564e-05
1738 9.117355e-05
1739 9.101122e-05
1740 9.084867e-05
1741 9.068589e-05
1742 9.052290e-05
1743 9.035969e-05
1744 9.019627e-05
1745 9.003265e-05
1746 8.986883e-05
1747 8.970481e-05
1748 8.954060e-05
1749 8.937621e-05
1750 8.921164e-05
1751 8.904689e-05
1752 8.888197e-05
1753 8.871688e-05
1754 8.855163e-05
1755 8.838622e-05
1756 8.822066e-05
1757 8.805494e-05
1758 8.788909e-05
1759 8.772310e-05
1760 8.755697e-05
1761 8.739071e-05
1762 8.722433e-05
1763 8.705782e-05
1764 8.689120e-05
1765 8.672447e-05
1766 8.655763e-05
1767 8.639070e-05
1768 8.622366e-05
1769 8.605653e-05
1770 8.588932e-05
1771 8.572202e-05
1772 8.555464e-05
1773 8.538719e-05
1774 8.521967e-05
1775 8.505208e-05
1776 8.488444e-05
1777 8.471674e-05
1778 8.454899e-05
1779 8.438120e-05
1780 8.421336e-05
1781 8.404549e-05
1782 8.387759e-05
1783 8.370966e-05
1784 8.354171e-05
1785 8.337374e-05
1786 8.320576e-05
1787 8.303777e-05
1788 8.286978e-05
1789 8.270179e-05
1790 8.253380e-05
1791 8.236583e-05
1792 8.219787e-05
1793 8.202993e-05
1794 8.186202e-05
1795 8.169413e-05
1796 8.152628e-05
1797 8.135847e-05
1798 8.119070e-05
1799 8.102298e-05
1800 8.085531e-05
1801 8.068770e-05
1802 8.052015e-05
1803 8.035267e-05
1804 8.018526e-05
1805 8.001792e-05
1806 7.985067e-05
1807 7.968350e-05
1808 7.951642e-05
1809 7.934943e-05
1810 7.918254e-05
1811 7.901576e-05
1812 7.884909e-05
1813 7.868252e-05
1814 7.851608e-05
1815 7.834975e-05
1816 7.818355e-05
1817 7.801749e-05
1818 7.785156e-05
1819 7.768576e-05
1820 7.752012e-05
1821 7.735462e-05
1822 7.718928e-05
1823 7.702409e-05
1824 7.685907e-05
1825 7.669421e-05
1826 7.652953e-05
1827 7.636502e-05
1828 7.620069e-05
1829 7.603655e-05
1830 7.587259e-05
1831 7.570883e-05
1832 7.554527e-05
1833 7.538191e-05
1834 7.521876e-05
1835 7.505582e-05
1836 7.489310e-05
1837 7.473060e-05
1838 7.456832e-05
1839 7.440627e-05
1840 7.424446e-05
1841 7.408288e-05
1842 7.392155e-05
1843 7.376046e-05
1844 7.359963e-05
1845 7.343905e-05
1846 7.327873e-05
1847 7.311867e-05
1848 7.295888e-05
1849 7.279937e-05
1850 7.264013e-05
1851 7.248117e-05
1852 7.232250e-05
1853 7.216412e-05
1854 7.200603e-05
1855 7.184824e-05
1856 7.169075e-05
1857 7.153357e-05
1858 7.137670e-05
1859 7.122015e-05
1860 7.106391e-05
1861 7.090800e-05
1862 7.075241e-05
1863 7.059716e-05
1864 7.044224e-05
1865 7.028766e-05
1866 7.013342e-05
1867 6.997953e-05
1868 6.982600e-05
1869 6.967281e-05
1870 6.951999e-05
1871 6.936754e-05
1872 6.921545e-05
1873 6.906373e-05
1874 6.891239e-05
1875 6.876143e-05
1876 6.861085e-05
1877 6.846066e-05
1878 6.831086e-05
1879 6.816145e-05
1880 6.801245e-05
1881 6.786385e-05
1882 6.771565e-05
1883 6.756787e-05
1884 6.742050e-05
1885 6.727354e-05
1886 6.712701e-05
1887 6.698091e-05
1888 6.683524e-05
1889 6.669000e-05
1890 6.654519e-05
1891 6.640083e-05
1892 6.625691e-05
1893 6.611344e-05
1894 6.597042e-05
1895 6.582786e-05
1896 6.568575e-05
1897 6.554411e-05
1898 6.540293e-05
1899 6.526222e-05
1900 6.512199e-05
1901 6.498223e-05
1902 6.484295e-05
1903 6.470416e-05
1904 6.456585e-05
1905 6.442804e-05
1906 6.429071e-05
1907 6.415389e-05
1908 6.401756e-05
1909 6.388174e-05
1910 6.374643e-05
1911 6.361162e-05
1912 6.347733e-05
1913 6.334356e-05
1914 6.321031e-05
1915 6.307758e-05
1916 6.294538e-05
1917 6.281371e-05
1918 6.268257e-05
1919 6.255197e-05
1920 6.242190e-05
1921 6.229238e-05
1922 6.216341e-05
1923 6.203498e-05
1924 6.190711e-05
1925 6.177979e-05
1926 6.165303e-05
1927 6.152682e-05
1928 6.140119e-05
1929 6.127612e-05
1930 6.115161e-05
1931 6.102768e-05
1932 6.090433e-05
1933 6.078155e-05
1934 6.065936e-05
1935 6.053775e-05
1936 6.041672e-05
1937 6.029628e-05
1938 6.017644e-05
1939 6.005719e-05
1940 5.993853e-05
1941 5.982048e-05
1942 5.970303e-05
1943 5.958618e-05
1944 5.946994e-05
1945 5.935431e-05
1946 5.923930e-05
1947 5.912490e-05
1948 5.901111e-05
1949 5.889795e-05
1950 5.878540e-05
1951 5.867349e-05
1952 5.856220e-05
1953 5.845154e-05
1954 5.834151e-05
1955 5.823211e-05
1956 5.812335e-05
1957 5.801523e-05
1958 5.790775e-05
1959 5.780091e-05
1960 5.769472e-05
1961 5.758917e-05
1962 5.748428e-05
1963 5.738003e-05
1964 5.727644e-05
1965 5.717350e-05
1966 5.707122e-05
1967 5.696960e-05
1968 5.686864e-05
1969 5.676834e-05
1970 5.666871e-05
1971 5.656974e-05
1972 5.647144e-05
1973 5.637381e-05
1974 5.627685e-05
1975 5.618057e-05
1976 5.608496e-05
1977 5.599003e-05
1978 5.589578e-05
1979 5.580220e-05
1980 5.570931e-05
1981 5.561710e-05
1982 5.552558e-05
1983 5.543474e-05
1984 5.534459e-05
1985 5.525513e-05
1986 5.516636e-05
1987 5.507828e-05
1988 5.499089e-05
1989 5.490420e-05
1990 5.481820e-05
1991 5.473290e-05
1992 5.464829e-05
1993 5.456439e-05
1994 5.448118e-05
1995 5.439868e-05
1996 5.431687e-05
1997 5.423577e-05
1998 5.415538e-05
1999 5.407569e-05
2000 5.399670e-05
2001 5.391843e-05
