2.544413848750200486e+03
2.690383601750869275e+03
2.180820346974218410e+03
1.579336724768140130e+03
1.204908989567500839e+03
1.005995992682617839e+03
1.226112994404735900e+03
1.236476642913632986e+03
1.205456518066894887e+03
9.089252597012339265e+02
7.731641034497229157e+02
7.329507520369586473e+02
7.760776336375381561e+02
8.055631189907933276e+02
7.526291904059853550e+02
6.274396045166652129e+02
4.863760484617625366e+02
4.064994755996062850e+02
3.963239586629221662e+02
3.971119158581770989e+02
3.772893307716036020e+02
3.550499757128580995e+02
2.688794629983940467e+02
2.316326685182143308e+02
2.366529858172727359e+02
2.258200457403861208e+02
1.709025899639238162e+02
1.237724540309246777e+02
1.162027200629550663e+02
9.267485754818625310e+01
7.214675119571677442e+01
6.461831423057576274e+01
5.413315302285244712e+01
4.277993225287676893e+01
3.608614350072870991e+01
1.024855951435591805e+02
4.267327601499879108e+01
-4.686143528268772940e+01
-7.287050511055217328e+01
-3.583882876308339860e+01
9.922447979878960211e+00
2.466111909459079499e+01
-6.377993647390098175e+01
-1.217926207328873431e+02
-1.211646591705699905e+02
-4.958061044720260924e+01
3.813767138410337765e+01
5.612850183886894229e+01
1.330680103303051887e+01
-5.201013699804462931e+01
-7.426180732611649660e+01
-5.423370638601064542e+01
-1.010198934661394432e+01
4.328500164469481604e+00
-1.595730477784439749e+01
-4.817453821063194397e+01
-6.216885108390111014e+01
-4.211306518978609859e+01
-1.203960100020775670e+01
9.086941930504032428e+00
-3.581277054402847160e-01
-1.487411371559352524e+01
-3.247747769219594716e+01
-2.494533245876353078e+01
-1.521786686578254333e+01
-9.459535239191051659e+00
-3.492040315632482628e+00
-1.131919816046552185e+01
-1.647880095493234265e+01
-1.421808380972553820e+01
-4.816745062146043033e+00
-5.668381819254746823e+00
-9.242921168611472282e+00
-3.571399140073604261e+00
-3.806811375867443559e+00
-3.484864056794788389e+00
-2.299605085700649365e+00
-5.253920150035894521e-01
-2.487791209597089104e+00
1.363794721205581872e+01
2.022907845059241794e+01
1.887823818667744291e+01
1.188955915047880296e+01
7.085967492597219142e+00
1.147172387778720015e+01
2.946434623742844394e+01
3.871087635179364383e+01
3.423848709859713324e+01
2.057726420123334776e+01
1.337623110485594147e+01
1.700752039108177271e+01
3.134249494358056154e+01
4.028998774120919535e+01
3.821188742866760180e+01
2.600148133514617399e+01
1.490821035601526212e+01
1.232318960295572374e+01
2.170831751756529471e+01
2.904914366122696734e+01
3.094731902473791862e+01
2.250121334894314629e+01
1.267686976612447047e+01
1.051940744099912450e+01
1.433070917098168451e+01
2.120645141540086698e+01
2.005635542943914018e+01
1.810512014584078599e+01
1.025793112976226062e+01
8.720286976867235751e+00
8.779367946285654867e+00
9.926714107318582947e+00
1.216453174688679795e+01
1.101649268111446922e+01
6.301785650331615862e+00
5.274009862879358579e+00
6.756854064090280332e+00
3.447941793969314883e+00
3.639729506910950985e+00
2.526974038625845242e+00
1.828944637258570038e+00
1.614919989484244311e+00
1.232523005978696462e+00
-3.158798116965993441e-01
