0 8.076874e-07
1 8.076874e-07
2 8.076874e-07
3 1.509880e-06
4 2.238089e-06
5 2.987899e-06
6 3.755319e-06
7 4.536756e-06
8 5.329002e-06
9 6.129209e-06
10 6.934870e-06
11 7.743799e-06
12 8.554112e-06
13 9.364203e-06
14 1.017273e-05
15 1.097858e-05
16 1.178088e-05
17 1.257893e-05
18 1.337223e-05
19 1.416044e-05
20 1.494334e-05
21 1.572085e-05
22 1.649296e-05
23 1.725976e-05
24 1.802141e-05
25 1.877807e-05
26 1.952995e-05
27 2.027723e-05
28 2.102010e-05
29 2.175867e-05
30 2.249301e-05
31 2.322310e-05
32 2.394881e-05
33 2.466990e-05
34 2.538597e-05
35 2.609655e-05
36 2.680105e-05
37 2.749886e-05
38 2.818933e-05
39 2.887187e-05
40 2.954590e-05
41 3.021095e-05
42 3.086665e-05
43 3.151280e-05
44 3.214936e-05
45 3.277641e-05
46 3.339420e-05
47 3.400302e-05
48 3.460323e-05
49 3.519520e-05
50 3.577929e-05
51 3.635581e-05
52 3.692498e-05
53 3.748692e-05
54 3.804160e-05
55 3.858887e-05
56 3.912849e-05
57 3.966016e-05
58 4.018350e-05
59 4.069814e-05
60 4.120372e-05
61 4.169989e-05
62 4.218637e-05
63 4.266297e-05
64 4.312959e-05
65 4.358624e-05
66 4.403297e-05
67 4.446991e-05
68 4.489725e-05
69 4.531517e-05
70 4.572386e-05
71 4.612351e-05
72 4.651427e-05
73 4.689626e-05
74 4.726951e-05
75 4.763402e-05
76 4.798974e-05
77 4.833659e-05
78 4.867446e-05
79 4.900324e-05
80 4.932282e-05
81 4.963307e-05
82 4.993393e-05
83 5.022534e-05
84 5.050729e-05
85 5.077980e-05
86 5.104293e-05
87 5.129675e-05
88 5.154139e-05
89 5.177695e-05
90 5.200355e-05
91 5.222134e-05
92 5.243044e-05
93 5.263096e-05
94 5.282303e-05
95 5.300673e-05
96 5.318215e-05
97 5.334939e-05
98 5.350850e-05
99 5.365958e-05
100 5.380268e-05
101 5.393790e-05
102 5.406531e-05
103 5.418499e-05
104 5.429704e-05
105 5.440157e-05
106 5.449869e-05
107 5.458851e-05
108 5.467116e-05
109 5.474677e-05
110 5.481548e-05
111 5.487745e-05
112 5.493282e-05
113 5.498175e-05
114 5.502441e-05
115 5.506097e-05
116 5.509159e-05
117 5.511647e-05
118 5.513578e-05
119 5.514971e-05
120 5.515846e-05
121 5.516223e-05
122 5.516120e-05
123 5.515559e-05
124 5.514559e-05
125 5.513143e-05
126 5.511329e-05
127 5.509141e-05
128 5.506599e-05
129 5.503725e-05
130 5.500539e-05
131 5.497065e-05
132 5.493323e-05
133 5.489335e-05
134 5.485124e-05
135 5.480710e-05
136 5.476115e-05
137 5.471361e-05
138 5.466470e-05
139 5.461463e-05
140 5.456362e-05
141 5.451188e-05
142 5.445963e-05
143 5.440708e-05
144 5.435444e-05
145 5.430194e-05
146 5.424978e-05
147 5.419817e-05
148 5.414733e-05
149 5.409747e-05
150 5.404879e-05
151 5.400152e-05
152 5.395585e-05
153 5.391199e-05
154 5.387016e-05
155 5.383056e-05
156 5.379339e-05
157 5.375887e-05
158 5.372718e-05
159 5.369855e-05
160 5.367316e-05
161 5.365122e-05
162 5.363293e-05
163 5.361849e-05
164 5.360810e-05
165 5.360195e-05
166 5.360023e-05
167 5.360315e-05
168 5.361088e-05
169 5.362363e-05
170 5.364157e-05
171 5.366490e-05
172 5.369380e-05
173 5.372844e-05
174 5.376901e-05
175 5.381568e-05
176 5.386862e-05
177 5.392799e-05
178 5.399398e-05
179 5.406673e-05
180 5.414642e-05
181 5.423318e-05
182 5.432717e-05
183 5.442855e-05
184 5.453745e-05
185 5.465401e-05
186 5.477836e-05
187 5.491064e-05
188 5.505097e-05
189 5.519946e-05
190 5.535624e-05
191 5.552141e-05
192 5.569508e-05
193 5.587734e-05
194 5.606829e-05
195 5.626802e-05
196 5.647660e-05
197 5.669411e-05
198 5.692062e-05
199 5.715621e-05
200 5.740091e-05
201 5.765481e-05
202 5.791793e-05
203 5.819032e-05
204 5.847204e-05
205 5.876309e-05
206 5.906353e-05
207 5.937336e-05
208 5.969262e-05
209 6.002131e-05
210 6.035944e-05
211 6.070702e-05
212 6.106404e-05
213 6.143051e-05
214 6.180641e-05
215 6.219173e-05
216 6.258646e-05
217 6.299056e-05
218 6.340401e-05
219 6.382679e-05
220 6.425885e-05
221 6.470015e-05
222 6.515066e-05
223 6.561033e-05
224 6.607910e-05
225 6.655691e-05
226 6.704371e-05
227 6.753944e-05
228 6.804402e-05
229 6.855738e-05
230 6.907945e-05
231 6.961013e-05
232 7.014935e-05
233 7.069702e-05
234 7.125303e-05
235 7.181728e-05
236 7.238966e-05
237 7.297007e-05
238 7.355839e-05
239 7.415449e-05
240 7.475824e-05
241 7.536950e-05
242 7.598814e-05
243 7.661402e-05
244 7.724697e-05
245 7.788684e-05
246 7.853346e-05
247 7.918667e-05
248 7.984629e-05
249 8.051212e-05
250 8.118399e-05
251 8.186169e-05
252 8.254502e-05
253 8.323377e-05
254 8.392772e-05
255 8.462665e-05
256 8.533032e-05
257 8.603850e-05
258 8.675095e-05
259 8.746741e-05
260 8.818765e-05
261 8.891139e-05
262 8.963839e-05
263 9.036837e-05
264 9.110108e-05
265 9.183623e-05
266 9.257356e-05
267 9.331279e-05
268 9.405365e-05
269 9.479586e-05
270 9.553914e-05
271 9.628321e-05
272 9.702779e-05
273 9.777260e-05
274 9.851737e-05
275 9.926181e-05
276 1.000057e-04
277 1.007486e-04
278 1.014905e-04
279 1.022309e-04
280 1.029696e-04
281 1.037064e-04
282 1.044409e-04
283 1.051730e-04
284 1.059024e-04
285 1.066288e-04
286 1.073520e-04
287 1.080718e-04
288 1.087879e-04
289 1.095000e-04
290 1.102081e-04
291 1.109117e-04
292 1.116108e-04
293 1.123050e-04
294 1.129943e-04
295 1.136783e-04
296 1.143569e-04
297 1.150298e-04
298 1.156969e-04
299 1.163580e-04
300 1.170128e-04
301 1.176613e-04
302 1.183031e-04
303 1.189381e-04
304 1.195662e-04
305 1.201872e-04
306 1.208008e-04
307 1.214069e-04
308 1.220053e-04
309 1.225959e-04
310 1.231786e-04
311 1.237530e-04
312 1.243191e-04
313 1.248768e-04
314 1.254257e-04
315 1.259659e-04
316 1.264972e-04
317 1.270193e-04
318 1.275322e-04
319 1.280357e-04
320 1.285296e-04
321 1.290139e-04
322 1.294883e-04
323 1.299528e-04
324 1.304073e-04
325 1.308515e-04
326 1.312853e-04
327 1.317087e-04
328 1.321216e-04
329 1.325237e-04
330 1.329150e-04
331 1.332955e-04
332 1.336649e-04
333 1.340232e-04
334 1.343703e-04
335 1.347061e-04
336 1.350305e-04
337 1.353435e-04
338 1.356449e-04
339 1.359347e-04
340 1.362128e-04
341 1.364791e-04
342 1.367337e-04
343 1.369764e-04
344 1.372072e-04
345 1.374260e-04
346 1.376328e-04
347 1.378276e-04
348 1.380104e-04
349 1.381811e-04
350 1.383396e-04
351 1.384861e-04
352 1.386205e-04
353 1.387427e-04
354 1.388529e-04
355 1.389509e-04
356 1.390368e-04
357 1.391107e-04
358 1.391725e-04
359 1.392224e-04
360 1.392602e-04
361 1.392861e-04
362 1.393001e-04
363 1.393023e-04
364 1.392927e-04
365 1.392714e-04
366 1.392385e-04
367 1.391940e-04
368 1.391380e-04
369 1.390706e-04
370 1.389919e-04
371 1.389020e-04
372 1.388010e-04
373 1.386890e-04
374 1.385661e-04
375 1.384324e-04
376 1.382882e-04
377 1.381334e-04
378 1.379683e-04
379 1.377929e-04
380 1.376075e-04
381 1.374122e-04
382 1.372071e-04
383 1.369924e-04
384 1.367683e-04
385 1.365350e-04
386 1.362925e-04
387 1.360411e-04
388 1.357810e-04
389 1.355124e-04
390 1.352354e-04
391 1.349502e-04
392 1.346571e-04
393 1.343562e-04
394 1.340477e-04
395 1.337319e-04
396 1.334089e-04
397 1.330790e-04
398 1.327424e-04
399 1.323992e-04
400 1.320497e-04
401 1.316941e-04
402 1.313326e-04
403 1.309655e-04
404 1.305929e-04
405 1.302152e-04
406 1.298324e-04
407 1.294449e-04
408 1.290528e-04
409 1.286565e-04
410 1.282560e-04
411 1.278517e-04
412 1.274438e-04
413 1.270325e-04
414 1.266181e-04
415 1.262007e-04
416 1.257806e-04
417 1.253581e-04
418 1.249334e-04
419 1.245066e-04
420 1.240782e-04
421 1.236482e-04
422 1.232170e-04
423 1.227847e-04
424 1.223517e-04
425 1.219181e-04
426 1.214842e-04
427 1.210503e-04
428 1.206165e-04
429 1.201832e-04
430 1.197505e-04
431 1.193188e-04
432 1.188882e-04
433 1.184590e-04
434 1.180315e-04
435 1.176059e-04
436 1.171824e-04
437 1.167613e-04
438 1.163428e-04
439 1.159272e-04
440 1.155148e-04
441 1.151057e-04
442 1.147002e-04
443 1.142986e-04
444 1.139010e-04
445 1.135078e-04
446 1.131192e-04
447 1.127354e-04
448 1.123567e-04
449 1.119832e-04
450 1.116153e-04
451 1.112532e-04
452 1.108970e-04
453 1.105471e-04
454 1.102037e-04
455 1.098669e-04
456 1.095371e-04
457 1.092143e-04
458 1.088990e-04
459 1.085912e-04
460 1.082912e-04
461 1.079992e-04
462 1.077154e-04
463 1.074401e-04
464 1.071734e-04
465 1.069155e-04
466 1.066667e-04
467 1.064270e-04
468 1.061969e-04
469 1.059763e-04
470 1.057655e-04
471 1.055647e-04
472 1.053741e-04
473 1.051938e-04
474 1.050240e-04
475 1.048649e-04
476 1.047166e-04
477 1.045793e-04
478 1.044531e-04
479 1.043383e-04
480 1.042349e-04
481 1.041430e-04
482 1.040629e-04
483 1.039946e-04
484 1.039383e-04
485 1.038940e-04
486 1.038620e-04
487 1.038422e-04
488 1.038348e-04
489 1.038399e-04
490 1.038576e-04
491 1.038880e-04
492 1.039311e-04
493 1.039870e-04
494 1.040558e-04
495 1.041376e-04
496 1.042323e-04
497 1.043400e-04
498 1.044608e-04
499 1.045947e-04
500 1.047417e-04
501 1.049019e-04
502 1.050752e-04
503 1.052617e-04
504 1.054613e-04
505 1.056741e-04
506 1.059001e-04
507 1.061392e-04
508 1.063914e-04
509 1.066567e-04
510 1.069350e-04
511 1.072264e-04
512 1.075308e-04
513 1.078480e-04
514 1.081782e-04
515 1.085212e-04
516 1.088769e-04
517 1.092453e-04
518 1.096263e-04
519 1.100198e-04
520 1.104258e-04
521 1.108442e-04
522 1.112748e-04
523 1.117176e-04
524 1.121724e-04
525 1.126392e-04
526 1.131179e-04
527 1.136083e-04
528 1.141103e-04
529 1.146237e-04
530 1.151486e-04
531 1.156846e-04
532 1.162318e-04
533 1.167899e-04
534 1.173587e-04
535 1.179383e-04
536 1.185283e-04
537 1.191286e-04
538 1.197391e-04
539 1.203596e-04
540 1.209899e-04
541 1.216299e-04
542 1.222793e-04
543 1.229380e-04
544 1.236058e-04
545 1.242825e-04
546 1.249679e-04
547 1.256618e-04
548 1.263640e-04
549 1.270743e-04
550 1.277924e-04
551 1.285182e-04
552 1.292515e-04
553 1.299920e-04
554 1.307394e-04
555 1.314936e-04
556 1.322543e-04
557 1.330213e-04
558 1.337943e-04
559 1.345731e-04
560 1.353575e-04
561 1.361471e-04
562 1.369418e-04
563 1.377413e-04
564 1.385453e-04
565 1.393535e-04
566 1.401657e-04
567 1.409817e-04
568 1.418011e-04
569 1.426237e-04
570 1.434492e-04
571 1.442773e-04
572 1.451078e-04
573 1.459404e-04
574 1.467748e-04
575 1.476107e-04
576 1.484478e-04
577 1.492859e-04
578 1.501247e-04
579 1.509638e-04
580 1.518031e-04
581 1.526422e-04
582 1.534807e-04
583 1.543186e-04
584 1.551554e-04
585 1.559908e-04
586 1.568246e-04
587 1.576565e-04
588 1.584862e-04
589 1.593134e-04
590 1.601378e-04
591 1.609592e-04
592 1.617772e-04
593 1.625916e-04
594 1.634021e-04
595 1.642083e-04
596 1.650101e-04
597 1.658071e-04
598 1.665990e-04
599 1.673857e-04
600 1.681667e-04
601 1.689418e-04
602 1.697108e-04
603 1.704734e-04
604 1.712293e-04
605 1.719782e-04
606 1.727199e-04
607 1.734541e-04
608 1.741806e-04
609 1.748991e-04
610 1.756093e-04
611 1.763110e-04
612 1.770039e-04
613 1.776878e-04
614 1.783625e-04
615 1.790277e-04
616 1.796832e-04
617 1.803287e-04
618 1.809641e-04
619 1.815890e-04
620 1.822033e-04
621 1.828068e-04
622 1.833992e-04
623 1.839803e-04
624 1.845500e-04
625 1.851079e-04
626 1.856541e-04
627 1.861881e-04
628 1.867100e-04
629 1.872194e-04
630 1.877162e-04
631 1.882002e-04
632 1.886713e-04
633 1.891294e-04
634 1.895741e-04
635 1.900055e-04
636 1.904234e-04
637 1.908276e-04
638 1.912179e-04
639 1.915944e-04
640 1.919568e-04
641 1.923050e-04
642 1.926390e-04
643 1.929586e-04
644 1.932638e-04
645 1.935544e-04
646 1.938305e-04
647 1.940918e-04
648 1.943384e-04
649 1.945701e-04
650 1.947871e-04
651 1.949891e-04
652 1.951762e-04
653 1.953483e-04
654 1.955054e-04
655 1.956476e-04
656 1.957748e-04
657 1.958869e-04
658 1.959841e-04
659 1.960664e-04
660 1.961337e-04
661 1.961861e-04
662 1.962237e-04
663 1.962465e-04
664 1.962545e-04
665 1.962478e-04
666 1.962265e-04
667 1.961906e-04
668 1.961403e-04
669 1.960756e-04
670 1.959966e-04
671 1.959034e-04
672 1.957961e-04
673 1.956749e-04
674 1.955398e-04
675 1.953910e-04
676 1.952285e-04
677 1.950526e-04
678 1.948633e-04
679 1.946609e-04
680 1.944454e-04
681 1.942170e-04
682 1.939759e-04
683 1.937222e-04
684 1.934561e-04
685 1.931778e-04
686 1.928875e-04
687 1.925853e-04
688 1.922713e-04
689 1.919459e-04
690 1.916092e-04
691 1.912614e-04
692 1.909027e-04
693 1.905333e-04
694 1.901534e-04
695 1.897633e-04
696 1.893631e-04
697 1.889530e-04
698 1.885333e-04
699 1.881043e-04
700 1.876660e-04
701 1.872189e-04
702 1.867630e-04
703 1.862987e-04
704 1.858261e-04
705 1.853456e-04
706 1.848573e-04
707 1.843615e-04
708 1.838585e-04
709 1.833484e-04
710 1.828317e-04
711 1.823084e-04
712 1.817789e-04
713 1.812434e-04
714 1.807022e-04
715 1.801556e-04
716 1.796037e-04
717 1.790469e-04
718 1.784854e-04
719 1.779195e-04
720 1.773494e-04
721 1.767754e-04
722 1.761979e-04
723 1.756169e-04
724 1.750329e-04
725 1.744461e-04
726 1.738567e-04
727 1.732650e-04
728 1.726713e-04
729 1.720759e-04
730 1.714789e-04
731 1.708808e-04
732 1.702816e-04
733 1.696818e-04
734 1.690816e-04
735 1.684812e-04
736 1.678809e-04
737 1.672809e-04
738 1.666816e-04
739 1.660831e-04
740 1.654858e-04
741 1.648899e-04
742 1.642956e-04
743 1.637033e-04
744 1.631131e-04
745 1.625252e-04
746 1.619401e-04
747 1.613578e-04
748 1.607787e-04
749 1.602029e-04
750 1.596308e-04
751 1.590625e-04
752 1.584983e-04
753 1.579384e-04
754 1.573830e-04
755 1.568325e-04
756 1.562869e-04
757 1.557465e-04
758 1.552115e-04
759 1.546822e-04
760 1.541588e-04
761 1.536413e-04
762 1.531302e-04
763 1.526255e-04
764 1.521274e-04
765 1.516362e-04
766 1.511521e-04
767 1.506751e-04
768 1.502056e-04
769 1.497437e-04
770 1.492895e-04
771 1.488433e-04
772 1.484052e-04
773 1.479754e-04
774 1.475541e-04
775 1.471413e-04
776 1.467373e-04
777 1.463423e-04
778 1.459563e-04
779 1.455796e-04
780 1.452122e-04
781 1.448543e-04
782 1.445060e-04
783 1.441675e-04
784 1.438389e-04
785 1.435204e-04
786 1.432119e-04
787 1.429138e-04
788 1.426260e-04
789 1.423487e-04
790 1.420820e-04
791 1.418260e-04
792 1.415807e-04
793 1.413464e-04
794 1.411230e-04
795 1.409107e-04
796 1.407095e-04
797 1.405195e-04
798 1.403409e-04
799 1.401736e-04
800 1.400177e-04
801 1.398733e-04
802 1.397404e-04
803 1.396191e-04
804 1.395095e-04
805 1.394116e-04
806 1.393254e-04
807 1.392509e-04
808 1.391883e-04
809 1.391374e-04
810 1.390984e-04
811 1.390712e-04
812 1.390560e-04
813 1.390525e-04
814 1.390610e-04
815 1.390814e-04
816 1.391136e-04
817 1.391577e-04
818 1.392136e-04
819 1.392813e-04
820 1.393609e-04
821 1.394522e-04
822 1.395553e-04
823 1.396700e-04
824 1.397964e-04
825 1.399345e-04
826 1.400840e-04
827 1.402451e-04
828 1.404176e-04
829 1.406014e-04
830 1.407966e-04
831 1.410029e-04
832 1.412204e-04
833 1.414489e-04
834 1.416883e-04
835 1.419386e-04
836 1.421996e-04
837 1.424712e-04
838 1.427533e-04
839 1.430459e-04
840 1.433486e-04
841 1.436616e-04
842 1.439845e-04
843 1.443172e-04
844 1.446597e-04
845 1.450117e-04
846 1.453731e-04
847 1.457437e-04
848 1.461234e-04
849 1.465120e-04
850 1.469092e-04
851 1.473150e-04
852 1.477291e-04
853 1.481513e-04
854 1.485815e-04
855 1.490193e-04
856 1.494647e-04
857 1.499173e-04
858 1.503770e-04
859 1.508435e-04
860 1.513165e-04
861 1.517960e-04
862 1.522815e-04
863 1.527728e-04
864 1.532698e-04
865 1.537721e-04
866 1.542795e-04
867 1.547917e-04
868 1.553085e-04
869 1.558295e-04
870 1.563546e-04
871 1.568833e-04
872 1.574155e-04
873 1.579509e-04
874 1.584891e-04
875 1.590300e-04
876 1.595731e-04
877 1.601182e-04
878 1.606651e-04
879 1.612133e-04
880 1.617627e-04
881 1.623129e-04
882 1.628635e-04
883 1.634144e-04
884 1.639652e-04
885 1.645156e-04
886 1.650653e-04
887 1.656140e-04
888 1.661613e-04
889 1.667071e-04
890 1.672509e-04
891 1.677924e-04
892 1.683315e-04
893 1.688676e-04
894 1.694006e-04
895 1.699302e-04
896 1.704559e-04
897 1.709776e-04
898 1.714950e-04
899 1.720076e-04
900 1.725153e-04
901 1.730177e-04
902 1.735145e-04
903 1.740055e-04
904 1.744903e-04
905 1.749687e-04
906 1.754403e-04
907 1.759049e-04
908 1.763622e-04
909 1.768119e-04
910 1.772538e-04
911 1.776875e-04
912 1.781128e-04
913 1.785295e-04
914 1.789372e-04
915 1.793357e-04
916 1.797248e-04
917 1.801041e-04
918 1.804735e-04
919 1.808328e-04
920 1.811815e-04
921 1.815197e-04
922 1.818469e-04
923 1.821630e-04
924 1.824677e-04
925 1.827609e-04
926 1.830424e-04
927 1.833119e-04
928 1.835692e-04
929 1.838142e-04
930 1.840466e-04
931 1.842663e-04
932 1.844732e-04
933 1.846670e-04
934 1.848475e-04
935 1.850147e-04
936 1.851684e-04
937 1.853085e-04
938 1.854348e-04
939 1.855472e-04
940 1.856455e-04
941 1.857298e-04
942 1.857998e-04
943 1.858555e-04
944 1.858968e-04
945 1.859237e-04
946 1.859360e-04
947 1.859337e-04
948 1.859168e-04
949 1.858852e-04
950 1.858389e-04
951 1.857778e-04
952 1.857020e-04
953 1.856115e-04
954 1.855062e-04
955 1.853862e-04
956 1.852515e-04
957 1.851022e-04
958 1.849382e-04
959 1.847597e-04
960 1.845667e-04
961 1.843593e-04
962 1.841375e-04
963 1.839015e-04
964 1.836514e-04
965 1.833872e-04
966 1.831090e-04
967 1.828171e-04
968 1.825115e-04
969 1.821923e-04
970 1.818597e-04
971 1.815139e-04
972 1.811549e-04
973 1.807831e-04
974 1.803984e-04
975 1.800012e-04
976 1.795916e-04
977 1.791697e-04
978 1.787359e-04
979 1.782902e-04
980 1.778329e-04
981 1.773642e-04
982 1.768843e-04
983 1.763934e-04
984 1.758919e-04
985 1.753798e-04
986 1.748574e-04
987 1.743250e-04
988 1.737828e-04
989 1.732311e-04
990 1.726701e-04
991 1.721000e-04
992 1.715212e-04
993 1.709339e-04
994 1.703383e-04
995 1.697348e-04
996 1.691236e-04
997 1.685049e-04
998 1.678791e-04
999 1.672465e-04
1000 1.666072e-04
1001 1.659617e-04
1002 1.653101e-04
1003 1.646528e-04
1004 1.639901e-04
1005 1.633223e-04
1006 1.626495e-04
1007 1.619723e-04
1008 1.612908e-04
1009 1.606053e-04
1010 1.599161e-04
1011 1.592236e-04
1012 1.585280e-04
1013 1.578296e-04
1014 1.571287e-04
1015 1.564256e-04
1016 1.557207e-04
1017 1.550141e-04
1018 1.543063e-04
1019 1.535974e-04
1020 1.528878e-04
1021 1.521779e-04
1022 1.514677e-04
1023 1.507578e-04
1024 1.500483e-04
1025 1.493395e-04
1026 1.486317e-04
1027 1.479252e-04
1028 1.472203e-04
1029 1.465173e-04
1030 1.458164e-04
1031 1.451178e-04
1032 1.444220e-04
1033 1.437291e-04
1034 1.430393e-04
1035 1.423530e-04
1036 1.416704e-04
1037 1.409918e-04
1038 1.403173e-04
1039 1.396473e-04
1040 1.389820e-04
1041 1.383216e-04
1042 1.376663e-04
1043 1.370164e-04
1044 1.363721e-04
1045 1.357336e-04
1046 1.351011e-04
1047 1.344748e-04
1048 1.338549e-04
1049 1.332416e-04
1050 1.326351e-04
1051 1.320355e-04
1052 1.314431e-04
1053 1.308580e-04
1054 1.302804e-04
1055 1.297103e-04
1056 1.291481e-04
1057 1.285937e-04
1058 1.280474e-04
1059 1.275092e-04
1060 1.269794e-04
1061 1.264579e-04
1062 1.259450e-04
1063 1.254407e-04
1064 1.249451e-04
1065 1.244583e-04
1066 1.239804e-04
1067 1.235115e-04
1068 1.230516e-04
1069 1.226009e-04
1070 1.221593e-04
1071 1.217270e-04
1072 1.213040e-04
1073 1.208904e-04
1074 1.204861e-04
1075 1.200913e-04
1076 1.197059e-04
1077 1.193301e-04
1078 1.189638e-04
1079 1.186070e-04
1080 1.182597e-04
1081 1.179221e-04
1082 1.175940e-04
1083 1.172754e-04
1084 1.169665e-04
1085 1.166671e-04
1086 1.163772e-04
1087 1.160969e-04
1088 1.158262e-04
1089 1.155649e-04
1090 1.153131e-04
1091 1.150707e-04
1092 1.148377e-04
1093 1.146141e-04
1094 1.143998e-04
1095 1.141948e-04
1096 1.139990e-04
1097 1.138124e-04
1098 1.136350e-04
1099 1.134666e-04
1100 1.133072e-04
1101 1.131567e-04
1102 1.130151e-04
1103 1.128823e-04
1104 1.127583e-04
1105 1.126429e-04
1106 1.125361e-04
1107 1.124378e-04
1108 1.123479e-04
1109 1.122663e-04
1110 1.121930e-04
1111 1.121278e-04
1112 1.120707e-04
1113 1.120215e-04
1114 1.119803e-04
1115 1.119468e-04
1116 1.119209e-04
1117 1.119027e-04
1118 1.118919e-04
1119 1.118884e-04
1120 1.118923e-04
1121 1.119032e-04
1122 1.119212e-04
1123 1.119462e-04
1124 1.119780e-04
1125 1.120164e-04
1126 1.120615e-04
1127 1.121130e-04
1128 1.121709e-04
1129 1.122351e-04
1130 1.123053e-04
1131 1.123816e-04
1132 1.124638e-04
1133 1.125517e-04
1134 1.126453e-04
1135 1.127444e-04
1136 1.128489e-04
1137 1.129588e-04
1138 1.130738e-04
1139 1.131938e-04
1140 1.133188e-04
1141 1.134486e-04
1142 1.135830e-04
1143 1.137221e-04
1144 1.138655e-04
1145 1.140134e-04
1146 1.141654e-04
1147 1.143215e-04
1148 1.144816e-04
1149 1.146455e-04
1150 1.148132e-04
1151 1.149845e-04
1152 1.151594e-04
1153 1.153376e-04
1154 1.155191e-04
1155 1.157038e-04
1156 1.158915e-04
1157 1.160822e-04
1158 1.162758e-04
1159 1.164721e-04
1160 1.166710e-04
1161 1.168724e-04
1162 1.170763e-04
1163 1.172825e-04
1164 1.174910e-04
1165 1.177015e-04
1166 1.179141e-04
1167 1.181286e-04
1168 1.183449e-04
1169 1.185630e-04
1170 1.187827e-04
1171 1.190039e-04
1172 1.192266e-04
1173 1.194506e-04
1174 1.196759e-04
1175 1.199024e-04
1176 1.201300e-04
1177 1.203585e-04
1178 1.205880e-04
1179 1.208183e-04
1180 1.210494e-04
1181 1.212811e-04
1182 1.215133e-04
1183 1.217461e-04
1184 1.219793e-04
1185 1.222127e-04
1186 1.224465e-04
1187 1.226804e-04
1188 1.229144e-04
1189 1.231484e-04
1190 1.233824e-04
1191 1.236162e-04
1192 1.238499e-04
1193 1.240832e-04
1194 1.243162e-04
1195 1.245488e-04
1196 1.247809e-04
1197 1.250124e-04
1198 1.252433e-04
1199 1.254735e-04
1200 1.257029e-04
1201 1.259315e-04
1202 1.261592e-04
1203 1.263860e-04
1204 1.266118e-04
1205 1.268364e-04
1206 1.270599e-04
1207 1.272823e-04
1208 1.275033e-04
1209 1.277231e-04
1210 1.279414e-04
1211 1.281584e-04
1212 1.283738e-04
1213 1.285877e-04
1214 1.288000e-04
1215 1.290107e-04
1216 1.292197e-04
1217 1.294269e-04
1218 1.296322e-04
1219 1.298358e-04
1220 1.300374e-04
1221 1.302371e-04
1222 1.304348e-04
1223 1.306304e-04
1224 1.308240e-04
1225 1.310154e-04
1226 1.312046e-04
1227 1.313916e-04
1228 1.315764e-04
1229 1.317588e-04
1230 1.319389e-04
1231 1.321166e-04
1232 1.322918e-04
1233 1.324646e-04
1234 1.326349e-04
1235 1.328026e-04
1236 1.329678e-04
1237 1.331303e-04
1238 1.332902e-04
1239 1.334474e-04
1240 1.336018e-04
1241 1.337536e-04
1242 1.339025e-04
1243 1.340486e-04
1244 1.341919e-04
1245 1.343323e-04
1246 1.344698e-04
1247 1.346043e-04
1248 1.347359e-04
1249 1.348645e-04
1250 1.349901e-04
1251 1.351126e-04
1252 1.352321e-04
1253 1.353485e-04
1254 1.354617e-04
1255 1.355718e-04
1256 1.356788e-04
1257 1.357826e-04
1258 1.358831e-04
1259 1.359805e-04
1260 1.360746e-04
1261 1.361654e-04
1262 1.362529e-04
1263 1.363372e-04
1264 1.364181e-04
1265 1.364957e-04
1266 1.365699e-04
1267 1.366408e-04
1268 1.367083e-04
1269 1.367724e-04
1270 1.368330e-04
1271 1.368903e-04
1272 1.369441e-04
1273 1.369945e-04
1274 1.370414e-04
1275 1.370848e-04
1276 1.371248e-04
1277 1.371613e-04
1278 1.371943e-04
1279 1.372237e-04
1280 1.372497e-04
1281 1.372721e-04
1282 1.372910e-04
1283 1.373064e-04
1284 1.373182e-04
1285 1.373265e-04
1286 1.373312e-04
1287 1.373324e-04
1288 1.373300e-04
1289 1.373241e-04
1290 1.373145e-04
1291 1.373015e-04
1292 1.372848e-04
1293 1.372646e-04
1294 1.372408e-04
1295 1.372135e-04
1296 1.371826e-04
1297 1.371481e-04
1298 1.371100e-04
1299 1.370684e-04
1300 1.370232e-04
1301 1.369745e-04
1302 1.369222e-04
1303 1.368664e-04
1304 1.368070e-04
1305 1.367441e-04
1306 1.366776e-04
1307 1.366076e-04
1308 1.365341e-04
1309 1.364570e-04
1310 1.363765e-04
1311 1.362924e-04
1312 1.362048e-04
1313 1.361138e-04
1314 1.360193e-04
1315 1.359213e-04
1316 1.358198e-04
1317 1.357149e-04
1318 1.356065e-04
1319 1.354948e-04
1320 1.353795e-04
1321 1.352609e-04
1322 1.351389e-04
1323 1.350135e-04
1324 1.348847e-04
1325 1.347526e-04
1326 1.346171e-04
1327 1.344783e-04
1328 1.343362e-04
1329 1.341908e-04
1330 1.340420e-04
1331 1.338900e-04
1332 1.337348e-04
1333 1.335763e-04
1334 1.334145e-04
1335 1.332496e-04
1336 1.330815e-04
1337 1.329101e-04
1338 1.327357e-04
1339 1.325580e-04
1340 1.323773e-04
1341 1.321934e-04
1342 1.320065e-04
1343 1.318165e-04
1344 1.316234e-04
1345 1.314273e-04
1346 1.312282e-04
1347 1.310261e-04
1348 1.308210e-04
1349 1.306130e-04
1350 1.304020e-04
1351 1.301882e-04
1352 1.299714e-04
1353 1.297518e-04
1354 1.295293e-04
1355 1.293040e-04
1356 1.290759e-04
1357 1.288450e-04
1358 1.286114e-04
1359 1.283750e-04
1360 1.281359e-04
1361 1.278942e-04
1362 1.276497e-04
1363 1.274026e-04
1364 1.271529e-04
1365 1.269006e-04
1366 1.266458e-04
1367 1.263884e-04
1368 1.261285e-04
1369 1.258660e-04
1370 1.256011e-04
1371 1.253338e-04
1372 1.250640e-04
1373 1.247919e-04
1374 1.245174e-04
1375 1.242405e-04
1376 1.239613e-04
1377 1.236798e-04
1378 1.233961e-04
1379 1.231101e-04
1380 1.228219e-04
1381 1.225315e-04
1382 1.222390e-04
1383 1.219443e-04
1384 1.216475e-04
1385 1.213487e-04
1386 1.210477e-04
1387 1.207448e-04
1388 1.204399e-04
1389 1.201330e-04
1390 1.198241e-04
1391 1.195134e-04
1392 1.192007e-04
1393 1.188862e-04
1394 1.185698e-04
1395 1.182517e-04
1396 1.179318e-04
1397 1.176101e-04
1398 1.172867e-04
1399 1.169616e-04
1400 1.166349e-04
1401 1.163065e-04
1402 1.159765e-04
1403 1.156449e-04
1404 1.153118e-04
1405 1.149772e-04
1406 1.146410e-04
1407 1.143034e-04
1408 1.139644e-04
1409 1.136239e-04
1410 1.132821e-04
1411 1.129389e-04
1412 1.125944e-04
1413 1.122486e-04
1414 1.119015e-04
1415 1.115532e-04
1416 1.112037e-04
1417 1.108530e-04
1418 1.105011e-04
1419 1.101481e-04
1420 1.097940e-04
1421 1.094388e-04
1422 1.090826e-04
1423 1.087254e-04
1424 1.083672e-04
1425 1.080081e-04
1426 1.076480e-04
1427 1.072870e-04
1428 1.069251e-04
1429 1.065624e-04
1430 1.061988e-04
1431 1.058345e-04
1432 1.054694e-04
1433 1.051035e-04
1434 1.047370e-04
1435 1.043697e-04
1436 1.040018e-04
1437 1.036333e-04
1438 1.032642e-04
1439 1.028945e-04
1440 1.025242e-04
1441 1.021534e-04
1442 1.017821e-04
1443 1.014104e-04
1444 1.010381e-04
1445 1.006655e-04
1446 1.002925e-04
1447 9.991908e-05
1448 9.954534e-05
1449 9.917127e-05
1450 9.879691e-05
1451 9.842227e-05
1452 9.804739e-05
1453 9.767229e-05
1454 9.729699e-05
1455 9.692151e-05
1456 9.654589e-05
1457 9.617014e-05
1458 9.579428e-05
1459 9.541834e-05
1460 9.504235e-05
1461 9.466632e-05
1462 9.429028e-05
1463 9.391425e-05
1464 9.353826e-05
1465 9.316232e-05
1466 9.278645e-05
1467 9.241069e-05
1468 9.203504e-05
1469 9.165954e-05
1470 9.128420e-05
1471 9.090905e-05
1472 9.053410e-05
1473 9.015937e-05
1474 8.978489e-05
1475 8.941068e-05
1476 8.903676e-05
1477 8.866314e-05
1478 8.828985e-05
1479 8.791690e-05
1480 8.754432e-05
1481 8.717213e-05
1482 8.680033e-05
1483 8.642897e-05
1484 8.605804e-05
1485 8.568757e-05
1486 8.531759e-05
1487 8.494809e-05
1488 8.457912e-05
1489 8.421068e-05
1490 8.384278e-05
1491 8.347546e-05
1492 8.310872e-05
1493 8.274259e-05
1494 8.237707e-05
1495 8.201219e-05
1496 8.164797e-05
1497 8.128441e-05
1498 8.092154e-05
1499 8.055938e-05
1500 8.019793e-05
1501 7.983722e-05
1502 7.947726e-05
1503 7.911807e-05
1504 7.875965e-05
1505 7.840204e-05
1506 7.804523e-05
1507 7.768926e-05
1508 7.733412e-05
1509 7.697984e-05
1510 7.662643e-05
1511 7.627391e-05
1512 7.592229e-05
1513 7.557158e-05
1514 7.522180e-05
1515 7.487295e-05
1516 7.452507e-05
1517 7.417815e-05
1518 7.383221e-05
1519 7.348726e-05
1520 7.314332e-05
1521 7.280041e-05
1522 7.245852e-05
1523 7.211768e-05
1524 7.177789e-05
1525 7.143918e-05
1526 7.110155e-05
1527 7.076501e-05
1528 7.042957e-05
1529 7.009525e-05
1530 6.976206e-05
1531 6.943001e-05
1532 6.909910e-05
1533 6.876936e-05
1534 6.844079e-05
1535 6.811341e-05
1536 6.778721e-05
1537 6.746222e-05
1538 6.713845e-05
1539 6.681589e-05
1540 6.649457e-05
1541 6.617450e-05
1542 6.585568e-05
1543 6.553812e-05
1544 6.522183e-05
1545 6.490682e-05
1546 6.459311e-05
1547 6.428069e-05
1548 6.396958e-05
1549 6.365979e-05
1550 6.335132e-05
1551 6.304419e-05
1552 6.273840e-05
1553 6.243396e-05
1554 6.213088e-05
1555 6.182916e-05
1556 6.152882e-05
1557 6.122986e-05
1558 6.093229e-05
1559 6.063612e-05
1560 6.034134e-05
1561 6.004798e-05
1562 5.975604e-05
1563 5.946552e-05
1564 5.917643e-05
1565 5.888878e-05
1566 5.860257e-05
1567 5.831781e-05
1568 5.803451e-05
1569 5.775267e-05
1570 5.747230e-05
1571 5.719340e-05
1572 5.691598e-05
1573 5.664004e-05
1574 5.636560e-05
1575 5.609265e-05
1576 5.582120e-05
1577 5.555126e-05
1578 5.528283e-05
1579 5.501591e-05
1580 5.475052e-05
1581 5.448665e-05
1582 5.422430e-05
1583 5.396349e-05
1584 5.370422e-05
1585 5.344649e-05
1586 5.319030e-05
1587 5.293566e-05
1588 5.268258e-05
1589 5.243105e-05
1590 5.218108e-05
1591 5.193267e-05
1592 5.168583e-05
1593 5.144056e-05
1594 5.119686e-05
1595 5.095474e-05
1596 5.071419e-05
1597 5.047522e-05
1598 5.023784e-05
1599 5.000204e-05
1600 4.976783e-05
1601 4.953521e-05
1602 4.930418e-05
1603 4.907475e-05
1604 4.884690e-05
1605 4.862066e-05
1606 4.839602e-05
1607 4.817297e-05
1608 4.795153e-05
1609 4.773169e-05
1610 4.751346e-05
1611 4.729683e-05
1612 4.708180e-05
1613 4.686839e-05
1614 4.665658e-05
1615 4.644638e-05
1616 4.623778e-05
1617 4.603080e-05
1618 4.582543e-05
1619 4.562167e-05
1620 4.541952e-05
1621 4.521898e-05
1622 4.502004e-05
1623 4.482272e-05
1624 4.462701e-05
1625 4.443291e-05
1626 4.424041e-05
1627 4.404953e-05
1628 4.386025e-05
1629 4.367258e-05
1630 4.348652e-05
1631 4.330206e-05
1632 4.311920e-05
1633 4.293795e-05
1634 4.275829e-05
1635 4.258024e-05
1636 4.240379e-05
1637 4.222894e-05
1638 4.205568e-05
1639 4.188401e-05
1640 4.171394e-05
1641 4.154545e-05
1642 4.137856e-05
1643 4.121325e-05
1644 4.104952e-05
1645 4.088738e-05
1646 4.072682e-05
1647 4.056783e-05
1648 4.041042e-05
1649 4.025458e-05
1650 4.010030e-05
1651 3.994760e-05
1652 3.979645e-05
1653 3.964687e-05
1654 3.949885e-05
1655 3.935238e-05
1656 3.920746e-05
1657 3.906409e-05
1658 3.892226e-05
1659 3.878197e-05
1660 3.864322e-05
1661 3.850601e-05
1662 3.837032e-05
1663 3.823616e-05
1664 3.810353e-05
1665 3.797241e-05
1666 3.784281e-05
1667 3.771471e-05
1668 3.758812e-05
1669 3.746304e-05
1670 3.733945e-05
1671 3.721736e-05
1672 3.709675e-05
1673 3.697763e-05
1674 3.685998e-05
1675 3.674381e-05
1676 3.662912e-05
1677 3.651588e-05
1678 3.640411e-05
1679 3.629379e-05
1680 3.618492e-05
1681 3.607750e-05
1682 3.597151e-05
1683 3.586696e-05
1684 3.576384e-05
1685 3.566215e-05
1686 3.556187e-05
1687 3.546300e-05
1688 3.536554e-05
1689 3.526948e-05
1690 3.517482e-05
1691 3.508154e-05
1692 3.498965e-05
1693 3.489914e-05
1694 3.481000e-05
1695 3.472222e-05
1696 3.463581e-05
1697 3.455075e-05
1698 3.446703e-05
1699 3.438465e-05
1700 3.430361e-05
1701 3.422390e-05
1702 3.414551e-05
1703 3.406843e-05
1704 3.399266e-05
1705 3.391819e-05
1706 3.384502e-05
1707 3.377313e-05
1708 3.370252e-05
1709 3.363319e-05
1710 3.356513e-05
1711 3.349832e-05
1712 3.343277e-05
1713 3.336846e-05
1714 3.330539e-05
1715 3.324355e-05
1716 3.318294e-05
1717 3.312354e-05
1718 3.306535e-05
1719 3.300836e-05
1720 3.295257e-05
1721 3.289796e-05
1722 3.284453e-05
1723 3.279227e-05
1724 3.274118e-05
1725 3.269124e-05
1726 3.264245e-05
1727 3.259480e-05
1728 3.254828e-05
1729 3.250288e-05
1730 3.245860e-05
1731 3.241543e-05
1732 3.237335e-05
1733 3.233237e-05
1734 3.229248e-05
1735 3.225365e-05
1736 3.221590e-05
1737 3.217920e-05
1738 3.214355e-05
1739 3.210895e-05
1740 3.207538e-05
1741 3.204283e-05
1742 3.201130e-05
1743 3.198078e-05
1744 3.195125e-05
1745 3.192272e-05
1746 3.189517e-05
1747 3.186859e-05
1748 3.184297e-05
1749 3.181832e-05
1750 3.179460e-05
1751 3.177183e-05
1752 3.174998e-05
1753 3.172906e-05
1754 3.170905e-05
1755 3.168993e-05
1756 3.167171e-05
1757 3.165438e-05
1758 3.163792e-05
1759 3.162232e-05
1760 3.160759e-05
1761 3.159370e-05
1762 3.158064e-05
1763 3.156842e-05
1764 3.155702e-05
1765 3.154642e-05
1766 3.153663e-05
1767 3.152763e-05
1768 3.151941e-05
1769 3.151196e-05
1770 3.150528e-05
1771 3.149935e-05
1772 3.149417e-05
1773 3.148972e-05
1774 3.148599e-05
1775 3.148298e-05
1776 3.148068e-05
1777 3.147908e-05
1778 3.147816e-05
1779 3.147792e-05
1780 3.147834e-05
1781 3.147943e-05
1782 3.148116e-05
1783 3.148353e-05
1784 3.148653e-05
1785 3.149015e-05
1786 3.149438e-05
1787 3.149920e-05
1788 3.150462e-05
1789 3.151062e-05
1790 3.151719e-05
1791 3.152431e-05
1792 3.153199e-05
1793 3.154021e-05
1794 3.154895e-05
1795 3.155822e-05
1796 3.156800e-05
1797 3.157828e-05
1798 3.158905e-05
1799 3.160030e-05
1800 3.161202e-05
1801 3.162421e-05
1802 3.163684e-05
1803 3.164991e-05
1804 3.166342e-05
1805 3.167734e-05
1806 3.169168e-05
1807 3.170642e-05
1808 3.172154e-05
1809 3.173705e-05
1810 3.175293e-05
1811 3.176917e-05
1812 3.178576e-05
1813 3.180269e-05
1814 3.181995e-05
1815 3.183753e-05
1816 3.185542e-05
1817 3.187361e-05
1818 3.189209e-05
1819 3.191085e-05
1820 3.192988e-05
1821 3.194917e-05
1822 3.196871e-05
1823 3.198849e-05
1824 3.200850e-05
1825 3.202873e-05
1826 3.204917e-05
1827 3.206980e-05
1828 3.209063e-05
1829 3.211164e-05
1830 3.213281e-05
1831 3.215415e-05
1832 3.217563e-05
1833 3.219725e-05
1834 3.221901e-05
1835 3.224088e-05
1836 3.226286e-05
1837 3.228494e-05
1838 3.230711e-05
1839 3.232935e-05
1840 3.235167e-05
1841 3.237405e-05
1842 3.239647e-05
1843 3.241894e-05
1844 3.244143e-05
1845 3.246395e-05
1846 3.248647e-05
1847 3.250899e-05
1848 3.253151e-05
1849 3.255400e-05
1850 3.257646e-05
1851 3.259889e-05
1852 3.262126e-05
1853 3.264358e-05
1854 3.266582e-05
1855 3.268799e-05
1856 3.271007e-05
1857 3.273205e-05
1858 3.275392e-05
1859 3.277568e-05
1860 3.279730e-05
1861 3.281880e-05
1862 3.284014e-05
1863 3.286133e-05
1864 3.288235e-05
1865 3.290320e-05
1866 3.292386e-05
1867 3.294433e-05
1868 3.296460e-05
1869 3.298465e-05
1870 3.300448e-05
1871 3.302407e-05
1872 3.304343e-05
1873 3.306253e-05
1874 3.308138e-05
1875 3.309996e-05
1876 3.311825e-05
1877 3.313626e-05
1878 3.315398e-05
1879 3.317138e-05
1880 3.318847e-05
1881 3.320524e-05
1882 3.322167e-05
1883 3.323776e-05
1884 3.325350e-05
1885 3.326888e-05
1886 3.328389e-05
1887 3.329852e-05
1888 3.331276e-05
1889 3.332661e-05
1890 3.334005e-05
1891 3.335308e-05
1892 3.336569e-05
1893 3.337786e-05
1894 3.338960e-05
1895 3.340088e-05
1896 3.341171e-05
1897 3.342208e-05
1898 3.343197e-05
1899 3.344137e-05
1900 3.345029e-05
1901 3.345871e-05
1902 3.346662e-05
1903 3.347401e-05
1904 3.348088e-05
1905 3.348722e-05
1906 3.349301e-05
1907 3.349826e-05
1908 3.350295e-05
1909 3.350708e-05
1910 3.351063e-05
1911 3.351360e-05
1912 3.351599e-05
1913 3.351777e-05
1914 3.351896e-05
1915 3.351953e-05
1916 3.351948e-05
1917 3.351880e-05
1918 3.351749e-05
1919 3.351554e-05
1920 3.351293e-05
1921 3.350967e-05
1922 3.350575e-05
1923 3.350115e-05
1924 3.349587e-05
1925 3.348991e-05
1926 3.348325e-05
1927 3.347589e-05
1928 3.346782e-05
1929 3.345904e-05
1930 3.344953e-05
1931 3.343930e-05
1932 3.342833e-05
1933 3.341662e-05
1934 3.340415e-05
1935 3.339094e-05
1936 3.337696e-05
1937 3.336221e-05
1938 3.334668e-05
1939 3.333037e-05
1940 3.331328e-05
1941 3.329539e-05
1942 3.327669e-05
1943 3.325720e-05
1944 3.323688e-05
1945 3.321575e-05
1946 3.319379e-05
1947 3.317101e-05
1948 3.314738e-05
1949 3.312291e-05
1950 3.309759e-05
1951 3.307142e-05
1952 3.304439e-05
1953 3.301649e-05
1954 3.298773e-05
1955 3.295808e-05
1956 3.292756e-05
1957 3.289614e-05
1958 3.286384e-05
1959 3.283063e-05
1960 3.279653e-05
1961 3.276152e-05
1962 3.272560e-05
1963 3.268875e-05
1964 3.265099e-05
1965 3.261230e-05
1966 3.257268e-05
1967 3.253213e-05
1968 3.249064e-05
1969 3.244820e-05
1970 3.240481e-05
1971 3.236047e-05
1972 3.231517e-05
1973 3.226891e-05
1974 3.222169e-05
1975 3.217350e-05
1976 3.212434e-05
1977 3.207419e-05
1978 3.202307e-05
1979 3.197097e-05
1980 3.191788e-05
1981 3.186380e-05
1982 3.180872e-05
1983 3.175265e-05
1984 3.169557e-05
1985 3.163750e-05
1986 3.157841e-05
1987 3.151832e-05
1988 3.145722e-05
1989 3.139510e-05
1990 3.133196e-05
1991 3.126781e-05
1992 3.120263e-05
1993 3.113642e-05
1994 3.106919e-05
1995 3.100093e-05
1996 3.093164e-05
1997 3.086131e-05
1998 3.078995e-05
1999 3.071755e-05
2000 3.064412e-05
2001 3.056964e-05
