0 2.548827e-07
1 2.548827e-07
2 2.548827e-07
3 2.747804e-07
4 3.766703e-07
5 5.437798e-07
6 7.612563e-07
7 1.016068e-06
8 1.296905e-06
9 1.594080e-06
10 1.899428e-06
11 2.206208e-06
12 2.509005e-06
13 2.803629e-06
14 3.087014e-06
15 3.357123e-06
16 3.612846e-06
17 3.853901e-06
18 4.080735e-06
19 4.294426e-06
20 4.496580e-06
21 4.689237e-06
22 4.874767e-06
23 5.055774e-06
24 5.234994e-06
25 5.415200e-06
26 5.599096e-06
27 5.789225e-06
28 5.987865e-06
29 6.196931e-06
30 6.417876e-06
31 6.651592e-06
32 6.898310e-06
33 7.157505e-06
34 7.427853e-06
35 7.707354e-06
36 7.993498e-06
37 8.283445e-06
38 8.574202e-06
39 8.862796e-06
40 9.146450e-06
41 9.422766e-06
42 9.689890e-06
43 9.946695e-06
44 1.019288e-05
45 1.042891e-05
46 1.065587e-05
47 1.087532e-05
48 1.108917e-05
49 1.129954e-05
50 1.150859e-05
51 1.171844e-05
52 1.193095e-05
53 1.214767e-05
54 1.236967e-05
55 1.259760e-05
56 1.283174e-05
57 1.307208e-05
58 1.331835e-05
59 1.357013e-05
60 1.382686e-05
61 1.408796e-05
62 1.435287e-05
63 1.462108e-05
64 1.489223e-05
65 1.516610e-05
66 1.544252e-05
67 1.572142e-05
68 1.600278e-05
69 1.628659e-05
70 1.657282e-05
71 1.686144e-05
72 1.715235e-05
73 1.744536e-05
74 1.774019e-05
75 1.803650e-05
76 1.833389e-05
77 1.863195e-05
78 1.893029e-05
79 1.922855e-05
80 1.952649e-05
81 1.982393e-05
82 2.012086e-05
83 2.041744e-05
84 2.071400e-05
85 2.101105e-05
86 2.130919e-05
87 2.160911e-05
88 2.191151e-05
89 2.221708e-05
90 2.252644e-05
91 2.284012e-05
92 2.315848e-05
93 2.348169e-05
94 2.380971e-05
95 2.414228e-05
96 2.447898e-05
97 2.481924e-05
98 2.516241e-05
99 2.550776e-05
100 2.585452e-05
101 2.620192e-05
102 2.654925e-05
103 2.689585e-05
104 2.724114e-05
105 2.758468e-05
106 2.792608e-05
107 2.826507e-05
108 2.860145e-05
109 2.893509e-05
110 2.926595e-05
111 2.959405e-05
112 2.991947e-05
113 3.024234e-05
114 3.056286e-05
115 3.088127e-05
116 3.119784e-05
117 3.151288e-05
118 3.182674e-05
119 3.213979e-05
120 3.245242e-05
121 3.276504e-05
122 3.307805e-05
123 3.339188e-05
124 3.370696e-05
125 3.402368e-05
126 3.434246e-05
127 3.466367e-05
128 3.498768e-05
129 3.531484e-05
130 3.564543e-05
131 3.597973e-05
132 3.631797e-05
133 3.666031e-05
134 3.700689e-05
135 3.735778e-05
136 3.771300e-05
137 3.807254e-05
138 3.843635e-05
139 3.880431e-05
140 3.917630e-05
141 3.955215e-05
142 3.993166e-05
143 4.031460e-05
144 4.070073e-05
145 4.108976e-05
146 4.148141e-05
147 4.187536e-05
148 4.227130e-05
149 4.266889e-05
150 4.306778e-05
151 4.346763e-05
152 4.386809e-05
153 4.426881e-05
154 4.466944e-05
155 4.506964e-05
156 4.546909e-05
157 4.586745e-05
158 4.626443e-05
159 4.665974e-05
160 4.705311e-05
161 4.744429e-05
162 4.783306e-05
163 4.821923e-05
164 4.860265e-05
165 4.898318e-05
166 4.936072e-05
167 4.973519e-05
168 5.010654e-05
169 5.047475e-05
170 5.083980e-05
171 5.120172e-05
172 5.156054e-05
173 5.191632e-05
174 5.226911e-05
175 5.261901e-05
176 5.296611e-05
177 5.331052e-05
178 5.365235e-05
179 5.399173e-05
180 5.432880e-05
181 5.466368e-05
182 5.499653e-05
183 5.532749e-05
184 5.565669e-05
185 5.598429e-05
186 5.631042e-05
187 5.663523e-05
188 5.695884e-05
189 5.728139e-05
190 5.760298e-05
191 5.792372e-05
192 5.824372e-05
193 5.856304e-05
194 5.888177e-05
195 5.919994e-05
196 5.951762e-05
197 5.983481e-05
198 6.015155e-05
199 6.046782e-05
200 6.078364e-05
201 6.109898e-05
202 6.141382e-05
203 6.172813e-05
204 6.204186e-05
205 6.235497e-05
206 6.266740e-05
207 6.297909e-05
208 6.328998e-05
209 6.359999e-05
210 6.390906e-05
211 6.421710e-05
212 6.452404e-05
213 6.482979e-05
214 6.513427e-05
215 6.543740e-05
216 6.573909e-05
217 6.603927e-05
218 6.633785e-05
219 6.663475e-05
220 6.692991e-05
221 6.722323e-05
222 6.751467e-05
223 6.780416e-05
224 6.809163e-05
225 6.837704e-05
226 6.866034e-05
227 6.894149e-05
228 6.922045e-05
229 6.949720e-05
230 6.977169e-05
231 7.004392e-05
232 7.031387e-05
233 7.058152e-05
234 7.084686e-05
235 7.110989e-05
236 7.137060e-05
237 7.162901e-05
238 7.188512e-05
239 7.213894e-05
240 7.239049e-05
241 7.263977e-05
242 7.288682e-05
243 7.313165e-05
244 7.337430e-05
245 7.361480e-05
246 7.385317e-05
247 7.408945e-05
248 7.432369e-05
249 7.455592e-05
250 7.478618e-05
251 7.501452e-05
252 7.524098e-05
253 7.546562e-05
254 7.568848e-05
255 7.590962e-05
256 7.612909e-05
257 7.634694e-05
258 7.656323e-05
259 7.677801e-05
260 7.699134e-05
261 7.720327e-05
262 7.741387e-05
263 7.762317e-05
264 7.783125e-05
265 7.803814e-05
266 7.824391e-05
267 7.844861e-05
268 7.865227e-05
269 7.885495e-05
270 7.905670e-05
271 7.925754e-05
272 7.945754e-05
273 7.965671e-05
274 7.985509e-05
275 8.005272e-05
276 8.024962e-05
277 8.044580e-05
278 8.064129e-05
279 8.083610e-05
280 8.103024e-05
281 8.122371e-05
282 8.141652e-05
283 8.160864e-05
284 8.180008e-05
285 8.199080e-05
286 8.218080e-05
287 8.237004e-05
288 8.255849e-05
289 8.274611e-05
290 8.293288e-05
291 8.311875e-05
292 8.330367e-05
293 8.348761e-05
294 8.367053e-05
295 8.385237e-05
296 8.403310e-05
297 8.421266e-05
298 8.439102e-05
299 8.456813e-05
300 8.474396e-05
301 8.491847e-05
302 8.509162e-05
303 8.526337e-05
304 8.543371e-05
305 8.560261e-05
306 8.577005e-05
307 8.593602e-05
308 8.610050e-05
309 8.626350e-05
310 8.642502e-05
311 8.658507e-05
312 8.674367e-05
313 8.690084e-05
314 8.705663e-05
315 8.721108e-05
316 8.736423e-05
317 8.751615e-05
318 8.766689e-05
319 8.781652e-05
320 8.796512e-05
321 8.811277e-05
322 8.825955e-05
323 8.840554e-05
324 8.855083e-05
325 8.869551e-05
326 8.883967e-05
327 8.898340e-05
328 8.912680e-05
329 8.926996e-05
330 8.941297e-05
331 8.955591e-05
332 8.969888e-05
333 8.984196e-05
334 8.998524e-05
335 9.012879e-05
336 9.027268e-05
337 9.041699e-05
338 9.056177e-05
339 9.070710e-05
340 9.085300e-05
341 9.099954e-05
342 9.114674e-05
343 9.129464e-05
344 9.144324e-05
345 9.159257e-05
346 9.174262e-05
347 9.189339e-05
348 9.204487e-05
349 9.219703e-05
350 9.234985e-05
351 9.250331e-05
352 9.265737e-05
353 9.281198e-05
354 9.296711e-05
355 9.312270e-05
356 9.327872e-05
357 9.343510e-05
358 9.359180e-05
359 9.374876e-05
360 9.390592e-05
361 9.406323e-05
362 9.422063e-05
363 9.437807e-05
364 9.453549e-05
365 9.469284e-05
366 9.485008e-05
367 9.500715e-05
368 9.516402e-05
369 9.532063e-05
370 9.547697e-05
371 9.563299e-05
372 9.578867e-05
373 9.594399e-05
374 9.609895e-05
375 9.625352e-05
376 9.640772e-05
377 9.656154e-05
378 9.671499e-05
379 9.686809e-05
380 9.702085e-05
381 9.717329e-05
382 9.732543e-05
383 9.747730e-05
384 9.762892e-05
385 9.778033e-05
386 9.793155e-05
387 9.808261e-05
388 9.823355e-05
389 9.838440e-05
390 9.853519e-05
391 9.868594e-05
392 9.883669e-05
393 9.898746e-05
394 9.913828e-05
395 9.928916e-05
396 9.944013e-05
397 9.959121e-05
398 9.974240e-05
399 9.989371e-05
400 1.000451e-04
401 1.001967e-04
402 1.003484e-04
403 1.005001e-04
404 1.006520e-04
405 1.008039e-04
406 1.009558e-04
407 1.011076e-04
408 1.012595e-04
409 1.014112e-04
410 1.015627e-04
411 1.017140e-04
412 1.018651e-04
413 1.020158e-04
414 1.021661e-04
415 1.023159e-04
416 1.024652e-04
417 1.026138e-04
418 1.027618e-04
419 1.029090e-04
420 1.030554e-04
421 1.032009e-04
422 1.033454e-04
423 1.034889e-04
424 1.036312e-04
425 1.037723e-04
426 1.039122e-04
427 1.040507e-04
428 1.041878e-04
429 1.043235e-04
430 1.044577e-04
431 1.045903e-04
432 1.047213e-04
433 1.048507e-04
434 1.049783e-04
435 1.051042e-04
436 1.052283e-04
437 1.053506e-04
438 1.054712e-04
439 1.055898e-04
440 1.057066e-04
441 1.058216e-04
442 1.059346e-04
443 1.060458e-04
444 1.061551e-04
445 1.062625e-04
446 1.063679e-04
447 1.064715e-04
448 1.065732e-04
449 1.066730e-04
450 1.067709e-04
451 1.068670e-04
452 1.069611e-04
453 1.070535e-04
454 1.071439e-04
455 1.072325e-04
456 1.073193e-04
457 1.074042e-04
458 1.074874e-04
459 1.075687e-04
460 1.076482e-04
461 1.077259e-04
462 1.078018e-04
463 1.078759e-04
464 1.079482e-04
465 1.080187e-04
466 1.080873e-04
467 1.081542e-04
468 1.082193e-04
469 1.082825e-04
470 1.083439e-04
471 1.084035e-04
472 1.084612e-04
473 1.085170e-04
474 1.085710e-04
475 1.086230e-04
476 1.086732e-04
477 1.087215e-04
478 1.087679e-04
479 1.088123e-04
480 1.088548e-04
481 1.088954e-04
482 1.089340e-04
483 1.089707e-04
484 1.090055e-04
485 1.090382e-04
486 1.090691e-04
487 1.090979e-04
488 1.091249e-04
489 1.091498e-04
490 1.091729e-04
491 1.091940e-04
492 1.092132e-04
493 1.092305e-04
494 1.092460e-04
495 1.092596e-04
496 1.092714e-04
497 1.092814e-04
498 1.092896e-04
499 1.092961e-04
500 1.093008e-04
501 1.093040e-04
502 1.093054e-04
503 1.093053e-04
504 1.093037e-04
505 1.093005e-04
506 1.092959e-04
507 1.092899e-04
508 1.092824e-04
509 1.092736e-04
510 1.092636e-04
511 1.092522e-04
512 1.092396e-04
513 1.092259e-04
514 1.092110e-04
515 1.091949e-04
516 1.091779e-04
517 1.091597e-04
518 1.091406e-04
519 1.091204e-04
520 1.090994e-04
521 1.090774e-04
522 1.090544e-04
523 1.090306e-04
524 1.090059e-04
525 1.089804e-04
526 1.089540e-04
527 1.089268e-04
528 1.088987e-04
529 1.088698e-04
530 1.088401e-04
531 1.088095e-04
532 1.087781e-04
533 1.087458e-04
534 1.087127e-04
535 1.086787e-04
536 1.086438e-04
537 1.086081e-04
538 1.085715e-04
539 1.085339e-04
540 1.084955e-04
541 1.084561e-04
542 1.084158e-04
543 1.083745e-04
544 1.083322e-04
545 1.082890e-04
546 1.082448e-04
547 1.081996e-04
548 1.081533e-04
549 1.081060e-04
550 1.080577e-04
551 1.080084e-04
552 1.079580e-04
553 1.079066e-04
554 1.078541e-04
555 1.078005e-04
556 1.077459e-04
557 1.076902e-04
558 1.076335e-04
559 1.075758e-04
560 1.075170e-04
561 1.074572e-04
562 1.073964e-04
563 1.073346e-04
564 1.072717e-04
565 1.072080e-04
566 1.071432e-04
567 1.070775e-04
568 1.070110e-04
569 1.069435e-04
570 1.068751e-04
571 1.068059e-04
572 1.067358e-04
573 1.066649e-04
574 1.065933e-04
575 1.065209e-04
576 1.064478e-04
577 1.063740e-04
578 1.062996e-04
579 1.062245e-04
580 1.061488e-04
581 1.060726e-04
582 1.059958e-04
583 1.059186e-04
584 1.058409e-04
585 1.057628e-04
586 1.056843e-04
587 1.056055e-04
588 1.055264e-04
589 1.054471e-04
590 1.053675e-04
591 1.052878e-04
592 1.052079e-04
593 1.051280e-04
594 1.050481e-04
595 1.049681e-04
596 1.048882e-04
597 1.048084e-04
598 1.047288e-04
599 1.046493e-04
600 1.045701e-04
601 1.044912e-04
602 1.044126e-04
603 1.043344e-04
604 1.042566e-04
605 1.041793e-04
606 1.041026e-04
607 1.040264e-04
608 1.039509e-04
609 1.038761e-04
610 1.038020e-04
611 1.037286e-04
612 1.036561e-04
613 1.035845e-04
614 1.035138e-04
615 1.034441e-04
616 1.033755e-04
617 1.033079e-04
618 1.032415e-04
619 1.031762e-04
620 1.031122e-04
621 1.030494e-04
622 1.029880e-04
623 1.029280e-04
624 1.028694e-04
625 1.028123e-04
626 1.027567e-04
627 1.027027e-04
628 1.026503e-04
629 1.025995e-04
630 1.025505e-04
631 1.025033e-04
632 1.024578e-04
633 1.024142e-04
634 1.023725e-04
635 1.023327e-04
636 1.022950e-04
637 1.022592e-04
638 1.022255e-04
639 1.021939e-04
640 1.021644e-04
641 1.021372e-04
642 1.021121e-04
643 1.020893e-04
644 1.020688e-04
645 1.020507e-04
646 1.020349e-04
647 1.020215e-04
648 1.020106e-04
649 1.020021e-04
650 1.019961e-04
651 1.019926e-04
652 1.019917e-04
653 1.019934e-04
654 1.019977e-04
655 1.020046e-04
656 1.020142e-04
657 1.020265e-04
658 1.020414e-04
659 1.020591e-04
660 1.020795e-04
661 1.021027e-04
662 1.021287e-04
663 1.021575e-04
664 1.021890e-04
665 1.022234e-04
666 1.022607e-04
667 1.023008e-04
668 1.023437e-04
669 1.023895e-04
670 1.024382e-04
671 1.024898e-04
672 1.025443e-04
673 1.026017e-04
674 1.026620e-04
675 1.027252e-04
676 1.027913e-04
677 1.028604e-04
678 1.029323e-04
679 1.030072e-04
680 1.030850e-04
681 1.031657e-04
682 1.032493e-04
683 1.033359e-04
684 1.034253e-04
685 1.035177e-04
686 1.036129e-04
687 1.037111e-04
688 1.038121e-04
689 1.039160e-04
690 1.040228e-04
691 1.041325e-04
692 1.042450e-04
693 1.043604e-04
694 1.044786e-04
695 1.045996e-04
696 1.047234e-04
697 1.048501e-04
698 1.049795e-04
699 1.051116e-04
700 1.052466e-04
701 1.053842e-04
702 1.055246e-04
703 1.056677e-04
704 1.058135e-04
705 1.059619e-04
706 1.061130e-04
707 1.062667e-04
708 1.064231e-04
709 1.065820e-04
710 1.067435e-04
711 1.069076e-04
712 1.070742e-04
713 1.072432e-04
714 1.074148e-04
715 1.075888e-04
716 1.077653e-04
717 1.079442e-04
718 1.081255e-04
719 1.083091e-04
720 1.084951e-04
721 1.086833e-04
722 1.088739e-04
723 1.090667e-04
724 1.092618e-04
725 1.094591e-04
726 1.096585e-04
727 1.098601e-04
728 1.100639e-04
729 1.102697e-04
730 1.104776e-04
731 1.106875e-04
732 1.108995e-04
733 1.111134e-04
734 1.113292e-04
735 1.115470e-04
736 1.117667e-04
737 1.119883e-04
738 1.122116e-04
739 1.124368e-04
740 1.126638e-04
741 1.128924e-04
742 1.131228e-04
743 1.133549e-04
744 1.135886e-04
745 1.138240e-04
746 1.140609e-04
747 1.142993e-04
748 1.145393e-04
749 1.147808e-04
750 1.150237e-04
751 1.152681e-04
752 1.155138e-04
753 1.157609e-04
754 1.160094e-04
755 1.162591e-04
756 1.165101e-04
757 1.167624e-04
758 1.170158e-04
759 1.172704e-04
760 1.175262e-04
761 1.177830e-04
762 1.180410e-04
763 1.183000e-04
764 1.185600e-04
765 1.188209e-04
766 1.190829e-04
767 1.193457e-04
768 1.196095e-04
769 1.198741e-04
770 1.201395e-04
771 1.204057e-04
772 1.206727e-04
773 1.209404e-04
774 1.212089e-04
775 1.214779e-04
776 1.217477e-04
777 1.220180e-04
778 1.222889e-04
779 1.225604e-04
780 1.228324e-04
781 1.231048e-04
782 1.233778e-04
783 1.236511e-04
784 1.239249e-04
785 1.241990e-04
786 1.244734e-04
787 1.247482e-04
788 1.250232e-04
789 1.252985e-04
790 1.255739e-04
791 1.258496e-04
792 1.261254e-04
793 1.264014e-04
794 1.266775e-04
795 1.269536e-04
796 1.272297e-04
797 1.275059e-04
798 1.277821e-04
799 1.280582e-04
800 1.283342e-04
801 1.286101e-04
802 1.288859e-04
803 1.291616e-04
804 1.294370e-04
805 1.297123e-04
806 1.299873e-04
807 1.302620e-04
808 1.305364e-04
809 1.308105e-04
810 1.310843e-04
811 1.313576e-04
812 1.316306e-04
813 1.319032e-04
814 1.321752e-04
815 1.324468e-04
816 1.327179e-04
817 1.329885e-04
818 1.332584e-04
819 1.335279e-04
820 1.337966e-04
821 1.340648e-04
822 1.343323e-04
823 1.345991e-04
824 1.348652e-04
825 1.351305e-04
826 1.353952e-04
827 1.356590e-04
828 1.359220e-04
829 1.361842e-04
830 1.364455e-04
831 1.367060e-04
832 1.369655e-04
833 1.372241e-04
834 1.374818e-04
835 1.377386e-04
836 1.379943e-04
837 1.382490e-04
838 1.385027e-04
839 1.387554e-04
840 1.390070e-04
841 1.392575e-04
842 1.395068e-04
843 1.397551e-04
844 1.400022e-04
845 1.402481e-04
846 1.404928e-04
847 1.407363e-04
848 1.409786e-04
849 1.412197e-04
850 1.414595e-04
851 1.416979e-04
852 1.419351e-04
853 1.421710e-04
854 1.424056e-04
855 1.426387e-04
856 1.428706e-04
857 1.431010e-04
858 1.433300e-04
859 1.435577e-04
860 1.437838e-04
861 1.440086e-04
862 1.442319e-04
863 1.444537e-04
864 1.446740e-04
865 1.448928e-04
866 1.451101e-04
867 1.453259e-04
868 1.455401e-04
869 1.457527e-04
870 1.459638e-04
871 1.461734e-04
872 1.463813e-04
873 1.465876e-04
874 1.467923e-04
875 1.469954e-04
876 1.471968e-04
877 1.473966e-04
878 1.475947e-04
879 1.477912e-04
880 1.479860e-04
881 1.481791e-04
882 1.483705e-04
883 1.485602e-04
884 1.487482e-04
885 1.489345e-04
886 1.491190e-04
887 1.493018e-04
888 1.494829e-04
889 1.496622e-04
890 1.498397e-04
891 1.500155e-04
892 1.501895e-04
893 1.503618e-04
894 1.505323e-04
895 1.507009e-04
896 1.508678e-04
897 1.510329e-04
898 1.511962e-04
899 1.513577e-04
900 1.515174e-04
901 1.516753e-04
902 1.518314e-04
903 1.519856e-04
904 1.521380e-04
905 1.522887e-04
906 1.524374e-04
907 1.525844e-04
908 1.527295e-04
909 1.528729e-04
910 1.530143e-04
911 1.531540e-04
912 1.532918e-04
913 1.534278e-04
914 1.535620e-04
915 1.536943e-04
916 1.538248e-04
917 1.539535e-04
918 1.540804e-04
919 1.542055e-04
920 1.543287e-04
921 1.544501e-04
922 1.545697e-04
923 1.546875e-04
924 1.548035e-04
925 1.549176e-04
926 1.550300e-04
927 1.551406e-04
928 1.552494e-04
929 1.553564e-04
930 1.554616e-04
931 1.555650e-04
932 1.556667e-04
933 1.557666e-04
934 1.558648e-04
935 1.559612e-04
936 1.560558e-04
937 1.561488e-04
938 1.562399e-04
939 1.563294e-04
940 1.564172e-04
941 1.565032e-04
942 1.565876e-04
943 1.566702e-04
944 1.567512e-04
945 1.568306e-04
946 1.569082e-04
947 1.569842e-04
948 1.570586e-04
949 1.571314e-04
950 1.572025e-04
951 1.572720e-04
952 1.573400e-04
953 1.574063e-04
954 1.574711e-04
955 1.575343e-04
956 1.575960e-04
957 1.576562e-04
958 1.577148e-04
959 1.577720e-04
960 1.578276e-04
961 1.578818e-04
962 1.579345e-04
963 1.579858e-04
964 1.580356e-04
965 1.580840e-04
966 1.581310e-04
967 1.581767e-04
968 1.582210e-04
969 1.582639e-04
970 1.583055e-04
971 1.583457e-04
972 1.583847e-04
973 1.584224e-04
974 1.584588e-04
975 1.584939e-04
976 1.585278e-04
977 1.585605e-04
978 1.585920e-04
979 1.586223e-04
980 1.586515e-04
981 1.586795e-04
982 1.587064e-04
983 1.587321e-04
984 1.587568e-04
985 1.587804e-04
986 1.588029e-04
987 1.588244e-04
988 1.588449e-04
989 1.588644e-04
990 1.588829e-04
991 1.589005e-04
992 1.589171e-04
993 1.589328e-04
994 1.589475e-04
995 1.589614e-04
996 1.589744e-04
997 1.589866e-04
998 1.589980e-04
999 1.590085e-04
1000 1.590182e-04
1001 1.590272e-04
1002 1.590354e-04
1003 1.590429e-04
1004 1.590497e-04
1005 1.590558e-04
1006 1.590612e-04
1007 1.590659e-04
1008 1.590700e-04
1009 1.590735e-04
1010 1.590764e-04
1011 1.590787e-04
1012 1.590805e-04
1013 1.590817e-04
1014 1.590823e-04
1015 1.590825e-04
1016 1.590822e-04
1017 1.590814e-04
1018 1.590801e-04
1019 1.590784e-04
1020 1.590763e-04
1021 1.590738e-04
1022 1.590710e-04
1023 1.590677e-04
1024 1.590641e-04
1025 1.590602e-04
1026 1.590559e-04
1027 1.590514e-04
1028 1.590466e-04
1029 1.590415e-04
1030 1.590362e-04
1031 1.590306e-04
1032 1.590248e-04
1033 1.590189e-04
1034 1.590127e-04
1035 1.590064e-04
1036 1.589999e-04
1037 1.589933e-04
1038 1.589865e-04
1039 1.589796e-04
1040 1.589727e-04
1041 1.589656e-04
1042 1.589585e-04
1043 1.589513e-04
1044 1.589441e-04
1045 1.589369e-04
1046 1.589296e-04
1047 1.589223e-04
1048 1.589150e-04
1049 1.589078e-04
1050 1.589005e-04
1051 1.588933e-04
1052 1.588862e-04
1053 1.588791e-04
1054 1.588721e-04
1055 1.588651e-04
1056 1.588583e-04
1057 1.588515e-04
1058 1.588448e-04
1059 1.588383e-04
1060 1.588318e-04
1061 1.588255e-04
1062 1.588194e-04
1063 1.588133e-04
1064 1.588074e-04
1065 1.588017e-04
1066 1.587961e-04
1067 1.587907e-04
1068 1.587854e-04
1069 1.587803e-04
1070 1.587754e-04
1071 1.587707e-04
1072 1.587662e-04
1073 1.587619e-04
1074 1.587577e-04
1075 1.587538e-04
1076 1.587500e-04
1077 1.587465e-04
1078 1.587431e-04
1079 1.587400e-04
1080 1.587371e-04
1081 1.587344e-04
1082 1.587319e-04
1083 1.587296e-04
1084 1.587276e-04
1085 1.587258e-04
1086 1.587241e-04
1087 1.587227e-04
1088 1.587216e-04
1089 1.587206e-04
1090 1.587199e-04
1091 1.587194e-04
1092 1.587191e-04
1093 1.587190e-04
1094 1.587191e-04
1095 1.587195e-04
1096 1.587201e-04
1097 1.587208e-04
1098 1.587219e-04
1099 1.587231e-04
1100 1.587245e-04
1101 1.587261e-04
1102 1.587280e-04
1103 1.587300e-04
1104 1.587322e-04
1105 1.587347e-04
1106 1.587373e-04
1107 1.587402e-04
1108 1.587432e-04
1109 1.587464e-04
1110 1.587498e-04
1111 1.587534e-04
1112 1.587571e-04
1113 1.587611e-04
1114 1.587652e-04
1115 1.587694e-04
1116 1.587739e-04
1117 1.587785e-04
1118 1.587832e-04
1119 1.587881e-04
1120 1.587931e-04
1121 1.587983e-04
1122 1.588037e-04
1123 1.588091e-04
1124 1.588147e-04
1125 1.588205e-04
1126 1.588263e-04
1127 1.588323e-04
1128 1.588383e-04
1129 1.588445e-04
1130 1.588508e-04
1131 1.588572e-04
1132 1.588637e-04
1133 1.588703e-04
1134 1.588769e-04
1135 1.588837e-04
1136 1.588905e-04
1137 1.588974e-04
1138 1.589043e-04
1139 1.589113e-04
1140 1.589184e-04
1141 1.589255e-04
1142 1.589327e-04
1143 1.589399e-04
1144 1.589472e-04
1145 1.589545e-04
1146 1.589618e-04
1147 1.589691e-04
1148 1.589765e-04
1149 1.589839e-04
1150 1.589913e-04
1151 1.589987e-04
1152 1.590061e-04
1153 1.590135e-04
1154 1.590209e-04
1155 1.590282e-04
1156 1.590356e-04
1157 1.590430e-04
1158 1.590503e-04
1159 1.590576e-04
1160 1.590649e-04
1161 1.590721e-04
1162 1.590794e-04
1163 1.590865e-04
1164 1.590937e-04
1165 1.591007e-04
1166 1.591078e-04
1167 1.591147e-04
1168 1.591217e-04
1169 1.591285e-04
1170 1.591353e-04
1171 1.591420e-04
1172 1.591487e-04
1173 1.591553e-04
1174 1.591618e-04
1175 1.591682e-04
1176 1.591746e-04
1177 1.591808e-04
1178 1.591870e-04
1179 1.591931e-04
1180 1.591991e-04
1181 1.592050e-04
1182 1.592108e-04
1183 1.592165e-04
1184 1.592221e-04
1185 1.592276e-04
1186 1.592330e-04
1187 1.592383e-04
1188 1.592434e-04
1189 1.592485e-04
1190 1.592534e-04
1191 1.592583e-04
1192 1.592630e-04
1193 1.592675e-04
1194 1.592720e-04
1195 1.592763e-04
1196 1.592806e-04
1197 1.592846e-04
1198 1.592886e-04
1199 1.592924e-04
1200 1.592961e-04
1201 1.592996e-04
1202 1.593031e-04
1203 1.593063e-04
1204 1.593095e-04
1205 1.593125e-04
1206 1.593153e-04
1207 1.593181e-04
1208 1.593206e-04
1209 1.593230e-04
1210 1.593253e-04
1211 1.593275e-04
1212 1.593294e-04
1213 1.593313e-04
1214 1.593330e-04
1215 1.593345e-04
1216 1.593359e-04
1217 1.593371e-04
1218 1.593382e-04
1219 1.593391e-04
1220 1.593399e-04
1221 1.593405e-04
1222 1.593410e-04
1223 1.593413e-04
1224 1.593414e-04
1225 1.593414e-04
1226 1.593412e-04
1227 1.593409e-04
1228 1.593404e-04
1229 1.593398e-04
1230 1.593390e-04
1231 1.593380e-04
1232 1.593369e-04
1233 1.593356e-04
1234 1.593342e-04
1235 1.593326e-04
1236 1.593309e-04
1237 1.593290e-04
1238 1.593269e-04
1239 1.593247e-04
1240 1.593223e-04
1241 1.593197e-04
1242 1.593170e-04
1243 1.593142e-04
1244 1.593111e-04
1245 1.593080e-04
1246 1.593046e-04
1247 1.593011e-04
1248 1.592975e-04
1249 1.592937e-04
1250 1.592897e-04
1251 1.592856e-04
1252 1.592813e-04
1253 1.592769e-04
1254 1.592724e-04
1255 1.592676e-04
1256 1.592628e-04
1257 1.592577e-04
1258 1.592526e-04
1259 1.592472e-04
1260 1.592418e-04
1261 1.592361e-04
1262 1.592304e-04
1263 1.592245e-04
1264 1.592184e-04
1265 1.592122e-04
1266 1.592058e-04
1267 1.591994e-04
1268 1.591927e-04
1269 1.591860e-04
1270 1.591791e-04
1271 1.591720e-04
1272 1.591648e-04
1273 1.591575e-04
1274 1.591501e-04
1275 1.591425e-04
1276 1.591348e-04
1277 1.591269e-04
1278 1.591190e-04
1279 1.591109e-04
1280 1.591026e-04
1281 1.590943e-04
1282 1.590858e-04
1283 1.590772e-04
1284 1.590685e-04
1285 1.590597e-04
1286 1.590507e-04
1287 1.590417e-04
1288 1.590325e-04
1289 1.590232e-04
1290 1.590138e-04
1291 1.590043e-04
1292 1.589946e-04
1293 1.589849e-04
1294 1.589751e-04
1295 1.589651e-04
1296 1.589551e-04
1297 1.589449e-04
1298 1.589347e-04
1299 1.589244e-04
1300 1.589139e-04
1301 1.589034e-04
1302 1.588928e-04
1303 1.588821e-04
1304 1.588713e-04
1305 1.588604e-04
1306 1.588494e-04
1307 1.588384e-04
1308 1.588273e-04
1309 1.588161e-04
1310 1.588048e-04
1311 1.587934e-04
1312 1.587820e-04
1313 1.587705e-04
1314 1.587589e-04
1315 1.587473e-04
1316 1.587356e-04
1317 1.587238e-04
1318 1.587120e-04
1319 1.587001e-04
1320 1.586882e-04
1321 1.586762e-04
1322 1.586642e-04
1323 1.586521e-04
1324 1.586399e-04
1325 1.586277e-04
1326 1.586155e-04
1327 1.586032e-04
1328 1.585909e-04
1329 1.585786e-04
1330 1.585662e-04
1331 1.585537e-04
1332 1.585413e-04
1333 1.585288e-04
1334 1.585163e-04
1335 1.585037e-04
1336 1.584912e-04
1337 1.584786e-04
1338 1.584660e-04
1339 1.584534e-04
1340 1.584407e-04
1341 1.584281e-04
1342 1.584154e-04
1343 1.584028e-04
1344 1.583901e-04
1345 1.583774e-04
1346 1.583647e-04
1347 1.583521e-04
1348 1.583394e-04
1349 1.583267e-04
1350 1.583141e-04
1351 1.583014e-04
1352 1.582888e-04
1353 1.582762e-04
1354 1.582635e-04
1355 1.582510e-04
1356 1.582384e-04
1357 1.582258e-04
1358 1.582133e-04
1359 1.582008e-04
1360 1.581883e-04
1361 1.581759e-04
1362 1.581635e-04
1363 1.581511e-04
1364 1.581388e-04
1365 1.581265e-04
1366 1.581143e-04
1367 1.581021e-04
1368 1.580899e-04
1369 1.580778e-04
1370 1.580657e-04
1371 1.580537e-04
1372 1.580418e-04
1373 1.580299e-04
1374 1.580180e-04
1375 1.580063e-04
1376 1.579946e-04
1377 1.579829e-04
1378 1.579713e-04
1379 1.579598e-04
1380 1.579484e-04
1381 1.579370e-04
1382 1.579257e-04
1383 1.579145e-04
1384 1.579034e-04
1385 1.578923e-04
1386 1.578814e-04
1387 1.578705e-04
1388 1.578597e-04
1389 1.578490e-04
1390 1.578384e-04
1391 1.578279e-04
1392 1.578174e-04
1393 1.578071e-04
1394 1.577969e-04
1395 1.577868e-04
1396 1.577767e-04
1397 1.577668e-04
1398 1.577570e-04
1399 1.577473e-04
1400 1.577377e-04
1401 1.577282e-04
1402 1.577189e-04
1403 1.577096e-04
1404 1.577005e-04
1405 1.576915e-04
1406 1.576826e-04
1407 1.576738e-04
1408 1.576652e-04
1409 1.576566e-04
1410 1.576482e-04
1411 1.576400e-04
1412 1.576319e-04
1413 1.576238e-04
1414 1.576160e-04
1415 1.576082e-04
1416 1.576007e-04
1417 1.575932e-04
1418 1.575859e-04
1419 1.575787e-04
1420 1.575717e-04
1421 1.575648e-04
1422 1.575580e-04
1423 1.575514e-04
1424 1.575450e-04
1425 1.575387e-04
1426 1.575325e-04
1427 1.575265e-04
1428 1.575207e-04
1429 1.575150e-04
1430 1.575095e-04
1431 1.575041e-04
1432 1.574989e-04
1433 1.574938e-04
1434 1.574889e-04
1435 1.574842e-04
1436 1.574796e-04
1437 1.574752e-04
1438 1.574710e-04
1439 1.574669e-04
1440 1.574630e-04
1441 1.574592e-04
1442 1.574556e-04
1443 1.574522e-04
1444 1.574490e-04
1445 1.574459e-04
1446 1.574430e-04
1447 1.574403e-04
1448 1.574377e-04
1449 1.574354e-04
1450 1.574332e-04
1451 1.574311e-04
1452 1.574293e-04
1453 1.574276e-04
1454 1.574261e-04
1455 1.574247e-04
1456 1.574236e-04
1457 1.574226e-04
1458 1.574218e-04
1459 1.574212e-04
1460 1.574207e-04
1461 1.574205e-04
1462 1.574204e-04
1463 1.574205e-04
1464 1.574208e-04
1465 1.574212e-04
1466 1.574219e-04
1467 1.574227e-04
1468 1.574237e-04
1469 1.574248e-04
1470 1.574262e-04
1471 1.574277e-04
1472 1.574294e-04
1473 1.574313e-04
1474 1.574334e-04
1475 1.574356e-04
1476 1.574381e-04
1477 1.574407e-04
1478 1.574434e-04
1479 1.574464e-04
1480 1.574495e-04
1481 1.574529e-04
1482 1.574564e-04
1483 1.574600e-04
1484 1.574639e-04
1485 1.574679e-04
1486 1.574721e-04
1487 1.574765e-04
1488 1.574810e-04
1489 1.574857e-04
1490 1.574906e-04
1491 1.574957e-04
1492 1.575009e-04
1493 1.575063e-04
1494 1.575119e-04
1495 1.575177e-04
1496 1.575236e-04
1497 1.575297e-04
1498 1.575359e-04
1499 1.575423e-04
1500 1.575489e-04
1501 1.575557e-04
1502 1.575626e-04
1503 1.575697e-04
1504 1.575769e-04
1505 1.575843e-04
1506 1.575919e-04
1507 1.575996e-04
1508 1.576074e-04
1509 1.576155e-04
1510 1.576237e-04
1511 1.576320e-04
1512 1.576405e-04
1513 1.576491e-04
1514 1.576579e-04
1515 1.576669e-04
1516 1.576760e-04
1517 1.576852e-04
1518 1.576946e-04
1519 1.577042e-04
1520 1.577138e-04
1521 1.577236e-04
1522 1.577336e-04
1523 1.577437e-04
1524 1.577539e-04
1525 1.577643e-04
1526 1.577748e-04
1527 1.577854e-04
1528 1.577962e-04
1529 1.578071e-04
1530 1.578181e-04
1531 1.578293e-04
1532 1.578406e-04
1533 1.578520e-04
1534 1.578635e-04
1535 1.578751e-04
1536 1.578869e-04
1537 1.578988e-04
1538 1.579108e-04
1539 1.579229e-04
1540 1.579351e-04
1541 1.579474e-04
1542 1.579598e-04
1543 1.579724e-04
1544 1.579850e-04
1545 1.579978e-04
1546 1.580106e-04
1547 1.580236e-04
1548 1.580366e-04
1549 1.580497e-04
1550 1.580630e-04
1551 1.580763e-04
1552 1.580897e-04
1553 1.581032e-04
1554 1.581167e-04
1555 1.581304e-04
1556 1.581441e-04
1557 1.581579e-04
1558 1.581718e-04
1559 1.581858e-04
1560 1.581998e-04
1561 1.582139e-04
1562 1.582281e-04
1563 1.582423e-04
1564 1.582566e-04
1565 1.582710e-04
1566 1.582854e-04
1567 1.582999e-04
1568 1.583144e-04
1569 1.583290e-04
1570 1.583436e-04
1571 1.583583e-04
1572 1.583730e-04
1573 1.583877e-04
1574 1.584025e-04
1575 1.584173e-04
1576 1.584322e-04
1577 1.584471e-04
1578 1.584620e-04
1579 1.584770e-04
1580 1.584920e-04
1581 1.585070e-04
1582 1.585220e-04
1583 1.585370e-04
1584 1.585521e-04
1585 1.585671e-04
1586 1.585822e-04
1587 1.585973e-04
1588 1.586124e-04
1589 1.586274e-04
1590 1.586425e-04
1591 1.586576e-04
1592 1.586727e-04
1593 1.586877e-04
1594 1.587028e-04
1595 1.587178e-04
1596 1.587328e-04
1597 1.587478e-04
1598 1.587628e-04
1599 1.587778e-04
1600 1.587927e-04
1601 1.588076e-04
1602 1.588224e-04
1603 1.588373e-04
1604 1.588520e-04
1605 1.588668e-04
1606 1.588815e-04
1607 1.588961e-04
1608 1.589107e-04
1609 1.589253e-04
1610 1.589398e-04
1611 1.589542e-04
1612 1.589686e-04
1613 1.589829e-04
1614 1.589971e-04
1615 1.590113e-04
1616 1.590254e-04
1617 1.590394e-04
1618 1.590533e-04
1619 1.590672e-04
1620 1.590809e-04
1621 1.590946e-04
1622 1.591082e-04
1623 1.591217e-04
1624 1.591351e-04
1625 1.591484e-04
1626 1.591616e-04
1627 1.591747e-04
1628 1.591877e-04
1629 1.592005e-04
1630 1.592133e-04
1631 1.592259e-04
1632 1.592385e-04
1633 1.592508e-04
1634 1.592631e-04
1635 1.592752e-04
1636 1.592872e-04
1637 1.592991e-04
1638 1.593108e-04
1639 1.593224e-04
1640 1.593339e-04
1641 1.593451e-04
1642 1.593563e-04
1643 1.593673e-04
1644 1.593781e-04
1645 1.593887e-04
1646 1.593992e-04
1647 1.594096e-04
1648 1.594197e-04
1649 1.594297e-04
1650 1.594395e-04
1651 1.594492e-04
1652 1.594586e-04
1653 1.594679e-04
1654 1.594770e-04
1655 1.594858e-04
1656 1.594945e-04
1657 1.595030e-04
1658 1.595113e-04
1659 1.595194e-04
1660 1.595273e-04
1661 1.595349e-04
1662 1.595424e-04
1663 1.595496e-04
1664 1.595566e-04
1665 1.595634e-04
1666 1.595699e-04
1667 1.595763e-04
1668 1.595824e-04
1669 1.595882e-04
1670 1.595938e-04
1671 1.595992e-04
1672 1.596043e-04
1673 1.596092e-04
1674 1.596138e-04
1675 1.596182e-04
1676 1.596223e-04
1677 1.596262e-04
1678 1.596298e-04
1679 1.596331e-04
1680 1.596361e-04
1681 1.596389e-04
1682 1.596414e-04
1683 1.596436e-04
1684 1.596455e-04
1685 1.596471e-04
1686 1.596485e-04
1687 1.596495e-04
1688 1.596503e-04
1689 1.596508e-04
1690 1.596509e-04
1691 1.596508e-04
1692 1.596503e-04
1693 1.596495e-04
1694 1.596484e-04
1695 1.596470e-04
1696 1.596453e-04
1697 1.596432e-04
1698 1.596408e-04
1699 1.596381e-04
1700 1.596350e-04
1701 1.596316e-04
1702 1.596279e-04
1703 1.596238e-04
1704 1.596194e-04
1705 1.596146e-04
1706 1.596095e-04
1707 1.596040e-04
1708 1.595981e-04
1709 1.595919e-04
1710 1.595853e-04
1711 1.595784e-04
1712 1.595711e-04
1713 1.595634e-04
1714 1.595553e-04
1715 1.595468e-04
1716 1.595380e-04
1717 1.595288e-04
1718 1.595191e-04
1719 1.595091e-04
1720 1.594987e-04
1721 1.594879e-04
1722 1.594767e-04
1723 1.594651e-04
1724 1.594530e-04
1725 1.594406e-04
1726 1.594277e-04
1727 1.594144e-04
1728 1.594007e-04
1729 1.593866e-04
1730 1.593721e-04
1731 1.593571e-04
1732 1.593417e-04
1733 1.593258e-04
1734 1.593095e-04
1735 1.592928e-04
1736 1.592756e-04
1737 1.592580e-04
1738 1.592399e-04
1739 1.592214e-04
1740 1.592024e-04
1741 1.591829e-04
1742 1.591630e-04
1743 1.591427e-04
1744 1.591218e-04
1745 1.591005e-04
1746 1.590787e-04
1747 1.590565e-04
1748 1.590337e-04
1749 1.590105e-04
1750 1.589868e-04
1751 1.589626e-04
1752 1.589379e-04
1753 1.589127e-04
1754 1.588870e-04
1755 1.588609e-04
1756 1.588342e-04
1757 1.588070e-04
1758 1.587793e-04
1759 1.587511e-04
1760 1.587224e-04
1761 1.586932e-04
1762 1.586634e-04
1763 1.586332e-04
1764 1.586024e-04
1765 1.585711e-04
1766 1.585392e-04
1767 1.585068e-04
1768 1.584739e-04
1769 1.584405e-04
1770 1.584065e-04
1771 1.583720e-04
1772 1.583369e-04
1773 1.583013e-04
1774 1.582651e-04
1775 1.582284e-04
1776 1.581912e-04
1777 1.581533e-04
1778 1.581150e-04
1779 1.580760e-04
1780 1.580365e-04
1781 1.579964e-04
1782 1.579558e-04
1783 1.579146e-04
1784 1.578728e-04
1785 1.578305e-04
1786 1.577875e-04
1787 1.577440e-04
1788 1.576999e-04
1789 1.576552e-04
1790 1.576100e-04
1791 1.575641e-04
1792 1.575177e-04
1793 1.574706e-04
1794 1.574230e-04
1795 1.573748e-04
1796 1.573259e-04
1797 1.572765e-04
1798 1.572264e-04
1799 1.571758e-04
1800 1.571246e-04
1801 1.570727e-04
1802 1.570202e-04
1803 1.569671e-04
1804 1.569134e-04
1805 1.568591e-04
1806 1.568041e-04
1807 1.567486e-04
1808 1.566924e-04
1809 1.566356e-04
1810 1.565781e-04
1811 1.565201e-04
1812 1.564614e-04
1813 1.564020e-04
1814 1.563420e-04
1815 1.562814e-04
1816 1.562202e-04
1817 1.561583e-04
1818 1.560957e-04
1819 1.560326e-04
1820 1.559687e-04
1821 1.559043e-04
1822 1.558392e-04
1823 1.557734e-04
1824 1.557070e-04
1825 1.556399e-04
1826 1.555722e-04
1827 1.555038e-04
1828 1.554347e-04
1829 1.553650e-04
1830 1.552946e-04
1831 1.552236e-04
1832 1.551519e-04
1833 1.550796e-04
1834 1.550065e-04
1835 1.549328e-04
1836 1.548585e-04
1837 1.547834e-04
1838 1.547077e-04
1839 1.546313e-04
1840 1.545543e-04
1841 1.544765e-04
1842 1.543981e-04
1843 1.543190e-04
1844 1.542393e-04
1845 1.541588e-04
1846 1.540777e-04
1847 1.539959e-04
1848 1.539134e-04
1849 1.538302e-04
1850 1.537463e-04
1851 1.536618e-04
1852 1.535765e-04
1853 1.534906e-04
1854 1.534040e-04
1855 1.533166e-04
1856 1.532286e-04
1857 1.531399e-04
1858 1.530506e-04
1859 1.529605e-04
1860 1.528697e-04
1861 1.527782e-04
1862 1.526861e-04
1863 1.525932e-04
1864 1.524996e-04
1865 1.524054e-04
1866 1.523104e-04
1867 1.522148e-04
1868 1.521184e-04
1869 1.520213e-04
1870 1.519236e-04
1871 1.518251e-04
1872 1.517260e-04
1873 1.516261e-04
1874 1.515256e-04
1875 1.514243e-04
1876 1.513223e-04
1877 1.512197e-04
1878 1.511163e-04
1879 1.510122e-04
1880 1.509074e-04
1881 1.508020e-04
1882 1.506958e-04
1883 1.505889e-04
1884 1.504813e-04
1885 1.503730e-04
1886 1.502640e-04
1887 1.501543e-04
1888 1.500439e-04
1889 1.499328e-04
1890 1.498210e-04
1891 1.497085e-04
1892 1.495953e-04
1893 1.494814e-04
1894 1.493667e-04
1895 1.492514e-04
1896 1.491354e-04
1897 1.490187e-04
1898 1.489012e-04
1899 1.487831e-04
1900 1.486643e-04
1901 1.485448e-04
1902 1.484245e-04
1903 1.483036e-04
1904 1.481820e-04
1905 1.480597e-04
1906 1.479367e-04
1907 1.478130e-04
1908 1.476886e-04
1909 1.475635e-04
1910 1.474377e-04
1911 1.473112e-04
1912 1.471840e-04
1913 1.470561e-04
1914 1.469276e-04
1915 1.467983e-04
1916 1.466684e-04
1917 1.465378e-04
1918 1.464065e-04
1919 1.462745e-04
1920 1.461418e-04
1921 1.460085e-04
1922 1.458744e-04
1923 1.457397e-04
1924 1.456043e-04
1925 1.454682e-04
1926 1.453315e-04
1927 1.451941e-04
1928 1.450560e-04
1929 1.449172e-04
1930 1.447778e-04
1931 1.446377e-04
1932 1.444969e-04
1933 1.443554e-04
1934 1.442133e-04
1935 1.440706e-04
1936 1.439272e-04
1937 1.437831e-04
1938 1.436383e-04
1939 1.434929e-04
1940 1.433469e-04
1941 1.432002e-04
1942 1.430529e-04
1943 1.429049e-04
1944 1.427562e-04
1945 1.426069e-04
1946 1.424570e-04
1947 1.423065e-04
1948 1.421553e-04
1949 1.420034e-04
1950 1.418510e-04
1951 1.416979e-04
1952 1.415442e-04
1953 1.413898e-04
1954 1.412348e-04
1955 1.410793e-04
1956 1.409231e-04
1957 1.407662e-04
1958 1.406088e-04
1959 1.404508e-04
1960 1.402921e-04
1961 1.401329e-04
1962 1.399730e-04
1963 1.398126e-04
1964 1.396515e-04
1965 1.394899e-04
1966 1.393277e-04
1967 1.391649e-04
1968 1.390015e-04
1969 1.388375e-04
1970 1.386729e-04
1971 1.385078e-04
1972 1.383421e-04
1973 1.381759e-04
1974 1.380090e-04
1975 1.378416e-04
1976 1.376737e-04
1977 1.375052e-04
1978 1.373361e-04
1979 1.371665e-04
1980 1.369964e-04
1981 1.368257e-04
1982 1.366545e-04
1983 1.364827e-04
1984 1.363104e-04
1985 1.361376e-04
1986 1.359643e-04
1987 1.357904e-04
1988 1.356161e-04
1989 1.354412e-04
1990 1.352658e-04
1991 1.350900e-04
1992 1.349136e-04
1993 1.347367e-04
1994 1.345594e-04
1995 1.343815e-04
1996 1.342032e-04
1997 1.340244e-04
1998 1.338451e-04
1999 1.336654e-04
2000 1.334852e-04
2001 1.333045e-04
