0 1.006105e-06
1 1.006105e-06
2 1.006105e-06
3 1.874036e-06
4 2.773574e-06
5 3.699545e-06
6 4.647236e-06
7 5.612369e-06
8 6.591081e-06
9 7.579905e-06
10 8.575751e-06
11 9.575881e-06
12 1.057789e-05
13 1.157969e-05
14 1.257948e-05
15 1.357574e-05
16 1.456718e-05
17 1.555278e-05
18 1.653169e-05
19 1.750327e-05
20 1.846705e-05
21 1.942270e-05
22 2.037002e-05
23 2.130893e-05
24 2.223941e-05
25 2.316154e-05
26 2.407543e-05
27 2.498119e-05
28 2.587898e-05
29 2.676892e-05
30 2.765109e-05
31 2.852553e-05
32 2.939218e-05
33 3.025089e-05
34 3.110142e-05
35 3.194341e-05
36 3.277644e-05
37 3.360002e-05
38 3.441367e-05
39 3.521686e-05
40 3.600911e-05
41 3.678997e-05
42 3.755904e-05
43 3.831602e-05
44 3.906070e-05
45 3.979298e-05
46 4.051280e-05
47 4.122018e-05
48 4.191518e-05
49 4.259788e-05
50 4.326836e-05
51 4.392671e-05
52 4.457298e-05
53 4.520716e-05
54 4.582923e-05
55 4.643907e-05
56 4.703656e-05
57 4.762152e-05
58 4.819376e-05
59 4.875309e-05
60 4.929929e-05
61 4.983216e-05
62 5.035153e-05
63 5.085723e-05
64 5.134915e-05
65 5.182718e-05
66 5.229127e-05
67 5.274140e-05
68 5.317757e-05
69 5.359980e-05
70 5.400816e-05
71 5.440272e-05
72 5.478361e-05
73 5.515094e-05
74 5.550486e-05
75 5.584555e-05
76 5.617318e-05
77 5.648792e-05
78 5.678995e-05
79 5.707942e-05
80 5.735649e-05
81 5.762127e-05
82 5.787385e-05
83 5.811428e-05
84 5.834259e-05
85 5.855876e-05
86 5.876274e-05
87 5.895447e-05
88 5.913389e-05
89 5.930095e-05
90 5.945558e-05
91 5.959777e-05
92 5.972750e-05
93 5.984484e-05
94 5.994985e-05
95 6.004268e-05
96 6.012348e-05
97 6.019245e-05
98 6.024982e-05
99 6.029583e-05
100 6.033074e-05
101 6.035483e-05
102 6.036837e-05
103 6.037162e-05
104 6.036487e-05
105 6.034836e-05
106 6.032237e-05
107 6.028713e-05
108 6.024290e-05
109 6.018991e-05
110 6.012840e-05
111 6.005861e-05
112 5.998076e-05
113 5.989507e-05
114 5.980179e-05
115 5.970111e-05
116 5.959327e-05
117 5.947848e-05
118 5.935696e-05
119 5.922892e-05
120 5.909458e-05
121 5.895415e-05
122 5.880785e-05
123 5.865590e-05
124 5.849852e-05
125 5.833592e-05
126 5.816833e-05
127 5.799597e-05
128 5.781906e-05
129 5.763785e-05
130 5.745256e-05
131 5.726342e-05
132 5.707069e-05
133 5.687461e-05
134 5.667544e-05
135 5.647342e-05
136 5.626882e-05
137 5.606190e-05
138 5.585295e-05
139 5.564222e-05
140 5.542999e-05
141 5.521655e-05
142 5.500218e-05
143 5.478716e-05
144 5.457177e-05
145 5.435630e-05
146 5.414104e-05
147 5.392628e-05
148 5.371230e-05
149 5.349941e-05
150 5.328788e-05
151 5.307801e-05
152 5.287008e-05
153 5.266438e-05
154 5.246119e-05
155 5.226080e-05
156 5.206349e-05
157 5.186953e-05
158 5.167921e-05
159 5.149278e-05
160 5.131053e-05
161 5.113272e-05
162 5.095960e-05
163 5.079143e-05
164 5.062846e-05
165 5.047094e-05
166 5.031910e-05
167 5.017319e-05
168 5.003343e-05
169 4.990005e-05
170 4.977327e-05
171 4.965331e-05
172 4.954037e-05
173 4.943468e-05
174 4.933641e-05
175 4.924579e-05
176 4.916298e-05
177 4.908820e-05
178 4.902161e-05
179 4.896340e-05
180 4.891374e-05
181 4.887280e-05
182 4.884074e-05
183 4.881774e-05
184 4.880393e-05
185 4.879948e-05
186 4.880453e-05
187 4.881923e-05
188 4.884370e-05
189 4.887810e-05
190 4.892254e-05
191 4.897716e-05
192 4.904206e-05
193 4.911738e-05
194 4.920323e-05
195 4.929970e-05
196 4.940691e-05
197 4.952496e-05
198 4.965393e-05
199 4.979393e-05
200 4.994504e-05
201 5.010733e-05
202 5.028088e-05
203 5.046576e-05
204 5.066204e-05
205 5.086978e-05
206 5.108902e-05
207 5.131983e-05
208 5.156223e-05
209 5.181628e-05
210 5.208199e-05
211 5.235940e-05
212 5.264852e-05
213 5.294937e-05
214 5.326196e-05
215 5.358627e-05
216 5.392231e-05
217 5.427007e-05
218 5.462952e-05
219 5.500064e-05
220 5.538339e-05
221 5.577774e-05
222 5.618363e-05
223 5.660101e-05
224 5.702982e-05
225 5.746999e-05
226 5.792145e-05
227 5.838410e-05
228 5.885786e-05
229 5.934263e-05
230 5.983832e-05
231 6.034480e-05
232 6.086196e-05
233 6.138968e-05
234 6.192783e-05
235 6.247628e-05
236 6.303488e-05
237 6.360349e-05
238 6.418196e-05
239 6.477013e-05
240 6.536784e-05
241 6.597492e-05
242 6.659120e-05
243 6.721650e-05
244 6.785065e-05
245 6.849344e-05
246 6.914469e-05
247 6.980421e-05
248 7.047180e-05
249 7.114724e-05
250 7.183034e-05
251 7.252088e-05
252 7.321865e-05
253 7.392342e-05
254 7.463498e-05
255 7.535310e-05
256 7.607754e-05
257 7.680807e-05
258 7.754447e-05
259 7.828648e-05
260 7.903388e-05
261 7.978640e-05
262 8.054381e-05
263 8.130585e-05
264 8.207227e-05
265 8.284281e-05
266 8.361721e-05
267 8.439521e-05
268 8.517655e-05
269 8.596095e-05
270 8.674815e-05
271 8.753788e-05
272 8.832986e-05
273 8.912382e-05
274 8.991947e-05
275 9.071654e-05
276 9.151474e-05
277 9.231379e-05
278 9.311340e-05
279 9.391328e-05
280 9.471315e-05
281 9.551270e-05
282 9.631165e-05
283 9.710970e-05
284 9.790656e-05
285 9.870192e-05
286 9.949548e-05
287 1.002870e-04
288 1.010760e-04
289 1.018624e-04
290 1.026458e-04
291 1.034259e-04
292 1.042024e-04
293 1.049750e-04
294 1.057435e-04
295 1.065074e-04
296 1.072666e-04
297 1.080207e-04
298 1.087695e-04
299 1.095127e-04
300 1.102499e-04
301 1.109809e-04
302 1.117055e-04
303 1.124233e-04
304 1.131342e-04
305 1.138378e-04
306 1.145338e-04
307 1.152221e-04
308 1.159024e-04
309 1.165744e-04
310 1.172379e-04
311 1.178928e-04
312 1.185387e-04
313 1.191754e-04
314 1.198028e-04
315 1.204207e-04
316 1.210288e-04
317 1.216270e-04
318 1.222151e-04
319 1.227929e-04
320 1.233602e-04
321 1.239170e-04
322 1.244630e-04
323 1.249981e-04
324 1.255222e-04
325 1.260351e-04
326 1.265366e-04
327 1.270267e-04
328 1.275053e-04
329 1.279721e-04
330 1.284272e-04
331 1.288703e-04
332 1.293014e-04
333 1.297204e-04
334 1.301271e-04
335 1.305215e-04
336 1.309035e-04
337 1.312730e-04
338 1.316299e-04
339 1.319741e-04
340 1.323055e-04
341 1.326241e-04
342 1.329297e-04
343 1.332223e-04
344 1.335018e-04
345 1.337682e-04
346 1.340213e-04
347 1.342611e-04
348 1.344875e-04
349 1.347005e-04
350 1.348999e-04
351 1.350858e-04
352 1.352581e-04
353 1.354166e-04
354 1.355615e-04
355 1.356925e-04
356 1.358098e-04
357 1.359132e-04
358 1.360027e-04
359 1.360784e-04
360 1.361401e-04
361 1.361879e-04
362 1.362218e-04
363 1.362418e-04
364 1.362478e-04
365 1.362400e-04
366 1.362183e-04
367 1.361828e-04
368 1.361334e-04
369 1.360703e-04
370 1.359936e-04
371 1.359032e-04
372 1.357993e-04
373 1.356819e-04
374 1.355512e-04
375 1.354072e-04
376 1.352501e-04
377 1.350800e-04
378 1.348970e-04
379 1.347013e-04
380 1.344929e-04
381 1.342722e-04
382 1.340392e-04
383 1.337941e-04
384 1.335371e-04
385 1.332684e-04
386 1.329882e-04
387 1.326967e-04
388 1.323940e-04
389 1.320804e-04
390 1.317562e-04
391 1.314215e-04
392 1.310765e-04
393 1.307215e-04
394 1.303568e-04
395 1.299825e-04
396 1.295989e-04
397 1.292063e-04
398 1.288049e-04
399 1.283950e-04
400 1.279768e-04
401 1.275505e-04
402 1.271165e-04
403 1.266750e-04
404 1.262262e-04
405 1.257705e-04
406 1.253080e-04
407 1.248391e-04
408 1.243640e-04
409 1.238830e-04
410 1.233964e-04
411 1.229044e-04
412 1.224073e-04
413 1.219054e-04
414 1.213989e-04
415 1.208881e-04
416 1.203734e-04
417 1.198549e-04
418 1.193330e-04
419 1.188079e-04
420 1.182799e-04
421 1.177493e-04
422 1.172164e-04
423 1.166815e-04
424 1.161447e-04
425 1.156065e-04
426 1.150671e-04
427 1.145268e-04
428 1.139858e-04
429 1.134445e-04
430 1.129031e-04
431 1.123619e-04
432 1.118212e-04
433 1.112813e-04
434 1.107425e-04
435 1.102050e-04
436 1.096691e-04
437 1.091352e-04
438 1.086034e-04
439 1.080741e-04
440 1.075476e-04
441 1.070241e-04
442 1.065040e-04
443 1.059875e-04
444 1.054748e-04
445 1.049663e-04
446 1.044623e-04
447 1.039629e-04
448 1.034686e-04
449 1.029795e-04
450 1.024960e-04
451 1.020183e-04
452 1.015466e-04
453 1.010813e-04
454 1.006227e-04
455 1.001709e-04
456 9.972623e-05
457 9.928898e-05
458 9.885940e-05
459 9.843774e-05
460 9.802425e-05
461 9.761919e-05
462 9.722281e-05
463 9.683535e-05
464 9.645706e-05
465 9.608818e-05
466 9.572895e-05
467 9.537960e-05
468 9.504038e-05
469 9.471150e-05
470 9.439319e-05
471 9.408568e-05
472 9.378919e-05
473 9.350392e-05
474 9.323009e-05
475 9.296790e-05
476 9.271756e-05
477 9.247925e-05
478 9.225318e-05
479 9.203951e-05
480 9.183845e-05
481 9.165015e-05
482 9.147480e-05
483 9.131255e-05
484 9.116356e-05
485 9.102798e-05
486 9.090596e-05
487 9.079763e-05
488 9.070313e-05
489 9.062258e-05
490 9.055611e-05
491 9.050381e-05
492 9.046580e-05
493 9.044217e-05
494 9.043300e-05
495 9.043839e-05
496 9.045840e-05
497 9.049309e-05
498 9.054253e-05
499 9.060677e-05
500 9.068585e-05
501 9.077981e-05
502 9.088868e-05
503 9.101248e-05
504 9.115124e-05
505 9.130495e-05
506 9.147362e-05
507 9.165726e-05
508 9.185584e-05
509 9.206937e-05
510 9.229781e-05
511 9.254113e-05
512 9.279932e-05
513 9.307232e-05
514 9.336009e-05
515 9.366258e-05
516 9.397975e-05
517 9.431151e-05
518 9.465782e-05
519 9.501859e-05
520 9.539376e-05
521 9.578323e-05
522 9.618694e-05
523 9.660477e-05
524 9.703664e-05
525 9.748245e-05
526 9.794209e-05
527 9.841546e-05
528 9.890243e-05
529 9.940289e-05
530 9.991671e-05
531 1.004438e-04
532 1.009839e-04
533 1.015371e-04
534 1.021030e-04
535 1.026816e-04
536 1.032728e-04
537 1.038763e-04
538 1.044920e-04
539 1.051197e-04
540 1.057593e-04
541 1.064106e-04
542 1.070734e-04
543 1.077474e-04
544 1.084327e-04
545 1.091288e-04
546 1.098356e-04
547 1.105530e-04
548 1.112806e-04
549 1.120184e-04
550 1.127660e-04
551 1.135232e-04
552 1.142898e-04
553 1.150656e-04
554 1.158503e-04
555 1.166437e-04
556 1.174455e-04
557 1.182554e-04
558 1.190733e-04
559 1.198987e-04
560 1.207315e-04
561 1.215714e-04
562 1.224181e-04
563 1.232713e-04
564 1.241308e-04
565 1.249961e-04
566 1.258672e-04
567 1.267435e-04
568 1.276250e-04
569 1.285111e-04
570 1.294017e-04
571 1.302964e-04
572 1.311950e-04
573 1.320970e-04
574 1.330022e-04
575 1.339103e-04
576 1.348209e-04
577 1.357337e-04
578 1.366485e-04
579 1.375648e-04
580 1.384823e-04
581 1.394008e-04
582 1.403198e-04
583 1.412391e-04
584 1.421583e-04
585 1.430771e-04
586 1.439952e-04
587 1.449122e-04
588 1.458277e-04
589 1.467415e-04
590 1.476533e-04
591 1.485626e-04
592 1.494691e-04
593 1.503726e-04
594 1.512727e-04
595 1.521690e-04
596 1.530612e-04
597 1.539490e-04
598 1.548321e-04
599 1.557101e-04
600 1.565827e-04
601 1.574496e-04
602 1.583104e-04
603 1.591649e-04
604 1.600127e-04
605 1.608535e-04
606 1.616869e-04
607 1.625128e-04
608 1.633307e-04
609 1.641403e-04
610 1.649414e-04
611 1.657336e-04
612 1.665167e-04
613 1.672904e-04
614 1.680543e-04
615 1.688081e-04
616 1.695517e-04
617 1.702847e-04
618 1.710068e-04
619 1.717177e-04
620 1.724172e-04
621 1.731051e-04
622 1.737810e-04
623 1.744448e-04
624 1.750961e-04
625 1.757347e-04
626 1.763604e-04
627 1.769729e-04
628 1.775720e-04
629 1.781575e-04
630 1.787292e-04
631 1.792869e-04
632 1.798303e-04
633 1.803592e-04
634 1.808736e-04
635 1.813730e-04
636 1.818575e-04
637 1.823268e-04
638 1.827808e-04
639 1.832192e-04
640 1.836420e-04
641 1.840489e-04
642 1.844399e-04
643 1.848149e-04
644 1.851736e-04
645 1.855160e-04
646 1.858420e-04
647 1.861515e-04
648 1.864444e-04
649 1.867205e-04
650 1.869799e-04
651 1.872225e-04
652 1.874482e-04
653 1.876569e-04
654 1.878487e-04
655 1.880234e-04
656 1.881812e-04
657 1.883219e-04
658 1.884455e-04
659 1.885521e-04
660 1.886417e-04
661 1.887143e-04
662 1.887700e-04
663 1.888087e-04
664 1.888305e-04
665 1.888355e-04
666 1.888238e-04
667 1.887953e-04
668 1.887502e-04
669 1.886886e-04
670 1.886106e-04
671 1.885162e-04
672 1.884056e-04
673 1.882788e-04
674 1.881361e-04
675 1.879774e-04
676 1.878031e-04
677 1.876131e-04
678 1.874076e-04
679 1.871869e-04
680 1.869510e-04
681 1.867001e-04
682 1.864343e-04
683 1.861540e-04
684 1.858592e-04
685 1.855500e-04
686 1.852268e-04
687 1.848898e-04
688 1.845390e-04
689 1.841747e-04
690 1.837972e-04
691 1.834066e-04
692 1.830032e-04
693 1.825871e-04
694 1.821587e-04
695 1.817181e-04
696 1.812656e-04
697 1.808015e-04
698 1.803259e-04
699 1.798391e-04
700 1.793415e-04
701 1.788331e-04
702 1.783144e-04
703 1.777855e-04
704 1.772467e-04
705 1.766983e-04
706 1.761406e-04
707 1.755739e-04
708 1.749983e-04
709 1.744143e-04
710 1.738220e-04
711 1.732218e-04
712 1.726139e-04
713 1.719987e-04
714 1.713764e-04
715 1.707474e-04
716 1.701119e-04
717 1.694701e-04
718 1.688226e-04
719 1.681694e-04
720 1.675109e-04
721 1.668475e-04
722 1.661793e-04
723 1.655069e-04
724 1.648303e-04
725 1.641499e-04
726 1.634662e-04
727 1.627792e-04
728 1.620894e-04
729 1.613971e-04
730 1.607025e-04
731 1.600060e-04
732 1.593079e-04
733 1.586084e-04
734 1.579080e-04
735 1.572068e-04
736 1.565053e-04
737 1.558036e-04
738 1.551021e-04
739 1.544012e-04
740 1.537011e-04
741 1.530020e-04
742 1.523044e-04
743 1.516085e-04
744 1.509145e-04
745 1.502229e-04
746 1.495338e-04
747 1.488477e-04
748 1.481646e-04
749 1.474850e-04
750 1.468092e-04
751 1.461373e-04
752 1.454697e-04
753 1.448067e-04
754 1.441485e-04
755 1.434954e-04
756 1.428476e-04
757 1.422055e-04
758 1.415693e-04
759 1.409392e-04
760 1.403155e-04
761 1.396985e-04
762 1.390883e-04
763 1.384854e-04
764 1.378897e-04
765 1.373018e-04
766 1.367216e-04
767 1.361496e-04
768 1.355859e-04
769 1.350307e-04
770 1.344843e-04
771 1.339468e-04
772 1.334186e-04
773 1.328998e-04
774 1.323905e-04
775 1.318911e-04
776 1.314017e-04
777 1.309225e-04
778 1.304537e-04
779 1.299955e-04
780 1.295481e-04
781 1.291116e-04
782 1.286862e-04
783 1.282722e-04
784 1.278696e-04
785 1.274786e-04
786 1.270994e-04
787 1.267322e-04
788 1.263770e-04
789 1.260341e-04
790 1.257035e-04
791 1.253855e-04
792 1.250801e-04
793 1.247875e-04
794 1.245078e-04
795 1.242411e-04
796 1.239875e-04
797 1.237471e-04
798 1.235202e-04
799 1.233066e-04
800 1.231066e-04
801 1.229202e-04
802 1.227476e-04
803 1.225887e-04
804 1.224437e-04
805 1.223126e-04
806 1.221956e-04
807 1.220926e-04
808 1.220037e-04
809 1.219290e-04
810 1.218685e-04
811 1.218222e-04
812 1.217903e-04
813 1.217726e-04
814 1.217693e-04
815 1.217803e-04
816 1.218057e-04
817 1.218455e-04
818 1.218996e-04
819 1.219681e-04
820 1.220510e-04
821 1.221481e-04
822 1.222596e-04
823 1.223854e-04
824 1.225254e-04
825 1.226796e-04
826 1.228480e-04
827 1.230305e-04
828 1.232271e-04
829 1.234376e-04
830 1.236620e-04
831 1.239003e-04
832 1.241523e-04
833 1.244180e-04
834 1.246973e-04
835 1.249900e-04
836 1.252961e-04
837 1.256154e-04
838 1.259478e-04
839 1.262932e-04
840 1.266515e-04
841 1.270225e-04
842 1.274060e-04
843 1.278020e-04
844 1.282102e-04
845 1.286304e-04
846 1.290626e-04
847 1.295065e-04
848 1.299619e-04
849 1.304287e-04
850 1.309065e-04
851 1.313953e-04
852 1.318948e-04
853 1.324048e-04
854 1.329250e-04
855 1.334552e-04
856 1.339951e-04
857 1.345446e-04
858 1.351033e-04
859 1.356710e-04
860 1.362474e-04
861 1.368322e-04
862 1.374251e-04
863 1.380259e-04
864 1.386343e-04
865 1.392499e-04
866 1.398725e-04
867 1.405017e-04
868 1.411373e-04
869 1.417789e-04
870 1.424261e-04
871 1.430788e-04
872 1.437364e-04
873 1.443988e-04
874 1.450655e-04
875 1.457362e-04
876 1.464106e-04
877 1.470884e-04
878 1.477691e-04
879 1.484525e-04
880 1.491381e-04
881 1.498256e-04
882 1.505147e-04
883 1.512050e-04
884 1.518961e-04
885 1.525877e-04
886 1.532794e-04
887 1.539709e-04
888 1.546617e-04
889 1.553515e-04
890 1.560399e-04
891 1.567267e-04
892 1.574113e-04
893 1.580934e-04
894 1.587727e-04
895 1.594488e-04
896 1.601214e-04
897 1.607900e-04
898 1.614543e-04
899 1.621139e-04
900 1.627685e-04
901 1.634178e-04
902 1.640612e-04
903 1.646986e-04
904 1.653295e-04
905 1.659536e-04
906 1.665705e-04
907 1.671800e-04
908 1.677815e-04
909 1.683749e-04
910 1.689597e-04
911 1.695357e-04
912 1.701025e-04
913 1.706597e-04
914 1.712071e-04
915 1.717443e-04
916 1.722711e-04
917 1.727870e-04
918 1.732919e-04
919 1.737853e-04
920 1.742671e-04
921 1.747369e-04
922 1.751944e-04
923 1.756393e-04
924 1.760715e-04
925 1.764905e-04
926 1.768962e-04
927 1.772883e-04
928 1.776666e-04
929 1.780308e-04
930 1.783806e-04
931 1.787159e-04
932 1.790364e-04
933 1.793420e-04
934 1.796324e-04
935 1.799074e-04
936 1.801669e-04
937 1.804106e-04
938 1.806384e-04
939 1.808501e-04
940 1.810456e-04
941 1.812247e-04
942 1.813873e-04
943 1.815333e-04
944 1.816626e-04
945 1.817750e-04
946 1.818704e-04
947 1.819489e-04
948 1.820102e-04
949 1.820544e-04
950 1.820813e-04
951 1.820910e-04
952 1.820833e-04
953 1.820584e-04
954 1.820161e-04
955 1.819566e-04
956 1.818797e-04
957 1.817855e-04
958 1.816741e-04
959 1.815455e-04
960 1.813997e-04
961 1.812369e-04
962 1.810571e-04
963 1.808603e-04
964 1.806467e-04
965 1.804165e-04
966 1.801696e-04
967 1.799063e-04
968 1.796266e-04
969 1.793308e-04
970 1.790188e-04
971 1.786910e-04
972 1.783475e-04
973 1.779885e-04
974 1.776141e-04
975 1.772245e-04
976 1.768199e-04
977 1.764005e-04
978 1.759667e-04
979 1.755184e-04
980 1.750561e-04
981 1.745798e-04
982 1.740899e-04
983 1.735866e-04
984 1.730702e-04
985 1.725409e-04
986 1.719989e-04
987 1.714445e-04
988 1.708781e-04
989 1.702998e-04
990 1.697100e-04
991 1.691089e-04
992 1.684969e-04
993 1.678741e-04
994 1.672410e-04
995 1.665979e-04
996 1.659449e-04
997 1.652825e-04
998 1.646109e-04
999 1.639305e-04
1000 1.632416e-04
1001 1.625445e-04
1002 1.618395e-04
1003 1.611270e-04
1004 1.604072e-04
1005 1.596805e-04
1006 1.589473e-04
1007 1.582078e-04
1008 1.574625e-04
1009 1.567115e-04
1010 1.559554e-04
1011 1.551943e-04
1012 1.544287e-04
1013 1.536589e-04
1014 1.528852e-04
1015 1.521079e-04
1016 1.513274e-04
1017 1.505441e-04
1018 1.497582e-04
1019 1.489701e-04
1020 1.481802e-04
1021 1.473887e-04
1022 1.465961e-04
1023 1.458025e-04
1024 1.450084e-04
1025 1.442141e-04
1026 1.434199e-04
1027 1.426262e-04
1028 1.418332e-04
1029 1.410412e-04
1030 1.402507e-04
1031 1.394618e-04
1032 1.386750e-04
1033 1.378904e-04
1034 1.371085e-04
1035 1.363295e-04
1036 1.355537e-04
1037 1.347813e-04
1038 1.340128e-04
1039 1.332483e-04
1040 1.324881e-04
1041 1.317325e-04
1042 1.309818e-04
1043 1.302363e-04
1044 1.294961e-04
1045 1.287615e-04
1046 1.280329e-04
1047 1.273103e-04
1048 1.265941e-04
1049 1.258844e-04
1050 1.251815e-04
1051 1.244857e-04
1052 1.237970e-04
1053 1.231157e-04
1054 1.224420e-04
1055 1.217761e-04
1056 1.211182e-04
1057 1.204683e-04
1058 1.198267e-04
1059 1.191936e-04
1060 1.185690e-04
1061 1.179532e-04
1062 1.173462e-04
1063 1.167481e-04
1064 1.161592e-04
1065 1.155795e-04
1066 1.150091e-04
1067 1.144481e-04
1068 1.138966e-04
1069 1.133548e-04
1070 1.128226e-04
1071 1.123002e-04
1072 1.117876e-04
1073 1.112850e-04
1074 1.107923e-04
1075 1.103096e-04
1076 1.098369e-04
1077 1.093744e-04
1078 1.089221e-04
1079 1.084799e-04
1080 1.080479e-04
1081 1.076262e-04
1082 1.072147e-04
1083 1.068134e-04
1084 1.064224e-04
1085 1.060417e-04
1086 1.056713e-04
1087 1.053111e-04
1088 1.049612e-04
1089 1.046215e-04
1090 1.042921e-04
1091 1.039728e-04
1092 1.036637e-04
1093 1.033648e-04
1094 1.030759e-04
1095 1.027971e-04
1096 1.025283e-04
1097 1.022695e-04
1098 1.020206e-04
1099 1.017816e-04
1100 1.015523e-04
1101 1.013329e-04
1102 1.011231e-04
1103 1.009229e-04
1104 1.007322e-04
1105 1.005511e-04
1106 1.003793e-04
1107 1.002168e-04
1108 1.000636e-04
1109 9.991950e-05
1110 9.978447e-05
1111 9.965840e-05
1112 9.954121e-05
1113 9.943280e-05
1114 9.933307e-05
1115 9.924193e-05
1116 9.915927e-05
1117 9.908498e-05
1118 9.901897e-05
1119 9.896112e-05
1120 9.891133e-05
1121 9.886949e-05
1122 9.883548e-05
1123 9.880918e-05
1124 9.879050e-05
1125 9.877929e-05
1126 9.877546e-05
1127 9.877888e-05
1128 9.878943e-05
1129 9.880699e-05
1130 9.883143e-05
1131 9.886264e-05
1132 9.890049e-05
1133 9.894486e-05
1134 9.899562e-05
1135 9.905265e-05
1136 9.911581e-05
1137 9.918500e-05
1138 9.926007e-05
1139 9.934091e-05
1140 9.942738e-05
1141 9.951936e-05
1142 9.961673e-05
1143 9.971935e-05
1144 9.982711e-05
1145 9.993987e-05
1146 1.000575e-04
1147 1.001799e-04
1148 1.003070e-04
1149 1.004385e-04
1150 1.005744e-04
1151 1.007146e-04
1152 1.008590e-04
1153 1.010074e-04
1154 1.011597e-04
1155 1.013158e-04
1156 1.014755e-04
1157 1.016388e-04
1158 1.018056e-04
1159 1.019757e-04
1160 1.021490e-04
1161 1.023255e-04
1162 1.025049e-04
1163 1.026873e-04
1164 1.028724e-04
1165 1.030603e-04
1166 1.032507e-04
1167 1.034435e-04
1168 1.036388e-04
1169 1.038363e-04
1170 1.040360e-04
1171 1.042378e-04
1172 1.044415e-04
1173 1.046471e-04
1174 1.048545e-04
1175 1.050636e-04
1176 1.052742e-04
1177 1.054864e-04
1178 1.057000e-04
1179 1.059148e-04
1180 1.061309e-04
1181 1.063482e-04
1182 1.065665e-04
1183 1.067857e-04
1184 1.070058e-04
1185 1.072267e-04
1186 1.074483e-04
1187 1.076705e-04
1188 1.078933e-04
1189 1.081165e-04
1190 1.083401e-04
1191 1.085640e-04
1192 1.087881e-04
1193 1.090124e-04
1194 1.092367e-04
1195 1.094611e-04
1196 1.096853e-04
1197 1.099094e-04
1198 1.101332e-04
1199 1.103568e-04
1200 1.105800e-04
1201 1.108027e-04
1202 1.110250e-04
1203 1.112466e-04
1204 1.114676e-04
1205 1.116879e-04
1206 1.119075e-04
1207 1.121262e-04
1208 1.123440e-04
1209 1.125608e-04
1210 1.127766e-04
1211 1.129913e-04
1212 1.132049e-04
1213 1.134173e-04
1214 1.136284e-04
1215 1.138382e-04
1216 1.140466e-04
1217 1.142536e-04
1218 1.144591e-04
1219 1.146631e-04
1220 1.148654e-04
1221 1.150662e-04
1222 1.152652e-04
1223 1.154625e-04
1224 1.156580e-04
1225 1.158517e-04
1226 1.160434e-04
1227 1.162333e-04
1228 1.164211e-04
1229 1.166069e-04
1230 1.167907e-04
1231 1.169723e-04
1232 1.171518e-04
1233 1.173291e-04
1234 1.175041e-04
1235 1.176768e-04
1236 1.178473e-04
1237 1.180153e-04
1238 1.181810e-04
1239 1.183442e-04
1240 1.185050e-04
1241 1.186632e-04
1242 1.188189e-04
1243 1.189720e-04
1244 1.191225e-04
1245 1.192704e-04
1246 1.194156e-04
1247 1.195580e-04
1248 1.196977e-04
1249 1.198347e-04
1250 1.199689e-04
1251 1.201002e-04
1252 1.202286e-04
1253 1.203542e-04
1254 1.204769e-04
1255 1.205966e-04
1256 1.207134e-04
1257 1.208272e-04
1258 1.209380e-04
1259 1.210457e-04
1260 1.211504e-04
1261 1.212520e-04
1262 1.213505e-04
1263 1.214459e-04
1264 1.215382e-04
1265 1.216273e-04
1266 1.217132e-04
1267 1.217959e-04
1268 1.218754e-04
1269 1.219517e-04
1270 1.220248e-04
1271 1.220945e-04
1272 1.221610e-04
1273 1.222243e-04
1274 1.222842e-04
1275 1.223408e-04
1276 1.223940e-04
1277 1.224440e-04
1278 1.224906e-04
1279 1.225338e-04
1280 1.225736e-04
1281 1.226101e-04
1282 1.226432e-04
1283 1.226729e-04
1284 1.226992e-04
1285 1.227220e-04
1286 1.227415e-04
1287 1.227575e-04
1288 1.227701e-04
1289 1.227793e-04
1290 1.227850e-04
1291 1.227873e-04
1292 1.227861e-04
1293 1.227815e-04
1294 1.227734e-04
1295 1.227619e-04
1296 1.227469e-04
1297 1.227285e-04
1298 1.227066e-04
1299 1.226812e-04
1300 1.226524e-04
1301 1.226202e-04
1302 1.225845e-04
1303 1.225453e-04
1304 1.225027e-04
1305 1.224567e-04
1306 1.224072e-04
1307 1.223543e-04
1308 1.222979e-04
1309 1.222381e-04
1310 1.221749e-04
1311 1.221083e-04
1312 1.220383e-04
1313 1.219649e-04
1314 1.218880e-04
1315 1.218078e-04
1316 1.217242e-04
1317 1.216373e-04
1318 1.215470e-04
1319 1.214533e-04
1320 1.213563e-04
1321 1.212559e-04
1322 1.211523e-04
1323 1.210453e-04
1324 1.209350e-04
1325 1.208214e-04
1326 1.207046e-04
1327 1.205845e-04
1328 1.204611e-04
1329 1.203345e-04
1330 1.202047e-04
1331 1.200716e-04
1332 1.199354e-04
1333 1.197960e-04
1334 1.196534e-04
1335 1.195077e-04
1336 1.193588e-04
1337 1.192068e-04
1338 1.190517e-04
1339 1.188935e-04
1340 1.187323e-04
1341 1.185679e-04
1342 1.184006e-04
1343 1.182302e-04
1344 1.180569e-04
1345 1.178805e-04
1346 1.177012e-04
1347 1.175190e-04
1348 1.173338e-04
1349 1.171457e-04
1350 1.169547e-04
1351 1.167609e-04
1352 1.165642e-04
1353 1.163647e-04
1354 1.161624e-04
1355 1.159573e-04
1356 1.157495e-04
1357 1.155389e-04
1358 1.153256e-04
1359 1.151095e-04
1360 1.148909e-04
1361 1.146695e-04
1362 1.144456e-04
1363 1.142190e-04
1364 1.139899e-04
1365 1.137581e-04
1366 1.135239e-04
1367 1.132871e-04
1368 1.130479e-04
1369 1.128062e-04
1370 1.125620e-04
1371 1.123155e-04
1372 1.120665e-04
1373 1.118152e-04
1374 1.115615e-04
1375 1.113056e-04
1376 1.110473e-04
1377 1.107868e-04
1378 1.105240e-04
1379 1.102590e-04
1380 1.099918e-04
1381 1.097225e-04
1382 1.094510e-04
1383 1.091775e-04
1384 1.089018e-04
1385 1.086241e-04
1386 1.083444e-04
1387 1.080626e-04
1388 1.077789e-04
1389 1.074932e-04
1390 1.072056e-04
1391 1.069161e-04
1392 1.066248e-04
1393 1.063316e-04
1394 1.060366e-04
1395 1.057398e-04
1396 1.054413e-04
1397 1.051410e-04
1398 1.048390e-04
1399 1.045353e-04
1400 1.042300e-04
1401 1.039231e-04
1402 1.036146e-04
1403 1.033045e-04
1404 1.029929e-04
1405 1.026798e-04
1406 1.023652e-04
1407 1.020492e-04
1408 1.017317e-04
1409 1.014128e-04
1410 1.010926e-04
1411 1.007710e-04
1412 1.004481e-04
1413 1.001240e-04
1414 9.979854e-05
1415 9.947189e-05
1416 9.914405e-05
1417 9.881503e-05
1418 9.848486e-05
1419 9.815359e-05
1420 9.782122e-05
1421 9.748780e-05
1422 9.715334e-05
1423 9.681788e-05
1424 9.648144e-05
1425 9.614406e-05
1426 9.580575e-05
1427 9.546655e-05
1428 9.512649e-05
1429 9.478558e-05
1430 9.444386e-05
1431 9.410136e-05
1432 9.375810e-05
1433 9.341411e-05
1434 9.306942e-05
1435 9.272405e-05
1436 9.237803e-05
1437 9.203138e-05
1438 9.168414e-05
1439 9.133633e-05
1440 9.098797e-05
1441 9.063909e-05
1442 9.028973e-05
1443 8.993989e-05
1444 8.958961e-05
1445 8.923892e-05
1446 8.888784e-05
1447 8.853639e-05
1448 8.818460e-05
1449 8.783250e-05
1450 8.748010e-05
1451 8.712744e-05
1452 8.677454e-05
1453 8.642142e-05
1454 8.606810e-05
1455 8.571462e-05
1456 8.536099e-05
1457 8.500724e-05
1458 8.465339e-05
1459 8.429946e-05
1460 8.394547e-05
1461 8.359146e-05
1462 8.323744e-05
1463 8.288343e-05
1464 8.252945e-05
1465 8.217554e-05
1466 8.182170e-05
1467 8.146797e-05
1468 8.111435e-05
1469 8.076088e-05
1470 8.040758e-05
1471 8.005446e-05
1472 7.970155e-05
1473 7.934886e-05
1474 7.899642e-05
1475 7.864425e-05
1476 7.829237e-05
1477 7.794079e-05
1478 7.758954e-05
1479 7.723863e-05
1480 7.688810e-05
1481 7.653794e-05
1482 7.618819e-05
1483 7.583886e-05
1484 7.548997e-05
1485 7.514154e-05
1486 7.479359e-05
1487 7.444613e-05
1488 7.409919e-05
1489 7.375277e-05
1490 7.340691e-05
1491 7.306161e-05
1492 7.271689e-05
1493 7.237278e-05
1494 7.202928e-05
1495 7.168642e-05
1496 7.134420e-05
1497 7.100265e-05
1498 7.066179e-05
1499 7.032162e-05
1500 6.998217e-05
1501 6.964345e-05
1502 6.930548e-05
1503 6.896827e-05
1504 6.863183e-05
1505 6.829619e-05
1506 6.796135e-05
1507 6.762734e-05
1508 6.729416e-05
1509 6.696183e-05
1510 6.663037e-05
1511 6.629978e-05
1512 6.597009e-05
1513 6.564131e-05
1514 6.531344e-05
1515 6.498651e-05
1516 6.466053e-05
1517 6.433551e-05
1518 6.401146e-05
1519 6.368840e-05
1520 6.336633e-05
1521 6.304528e-05
1522 6.272525e-05
1523 6.240626e-05
1524 6.208832e-05
1525 6.177144e-05
1526 6.145563e-05
1527 6.114090e-05
1528 6.082727e-05
1529 6.051475e-05
1530 6.020334e-05
1531 5.989306e-05
1532 5.958393e-05
1533 5.927594e-05
1534 5.896912e-05
1535 5.866346e-05
1536 5.835899e-05
1537 5.805571e-05
1538 5.775364e-05
1539 5.745277e-05
1540 5.715313e-05
1541 5.685472e-05
1542 5.655755e-05
1543 5.626163e-05
1544 5.596697e-05
1545 5.567358e-05
1546 5.538147e-05
1547 5.509065e-05
1548 5.480111e-05
1549 5.451289e-05
1550 5.422597e-05
1551 5.394038e-05
1552 5.365611e-05
1553 5.337318e-05
1554 5.309159e-05
1555 5.281135e-05
1556 5.253248e-05
1557 5.225496e-05
1558 5.197883e-05
1559 5.170407e-05
1560 5.143070e-05
1561 5.115873e-05
1562 5.088816e-05
1563 5.061899e-05
1564 5.035124e-05
1565 5.008492e-05
1566 4.982001e-05
1567 4.955655e-05
1568 4.929452e-05
1569 4.903393e-05
1570 4.877480e-05
1571 4.851712e-05
1572 4.826091e-05
1573 4.800616e-05
1574 4.775288e-05
1575 4.750108e-05
1576 4.725076e-05
1577 4.700193e-05
1578 4.675459e-05
1579 4.650875e-05
1580 4.626441e-05
1581 4.602157e-05
1582 4.578024e-05
1583 4.554043e-05
1584 4.530213e-05
1585 4.506536e-05
1586 4.483010e-05
1587 4.459638e-05
1588 4.436419e-05
1589 4.413353e-05
1590 4.390442e-05
1591 4.367684e-05
1592 4.345081e-05
1593 4.322632e-05
1594 4.300339e-05
1595 4.278201e-05
1596 4.256218e-05
1597 4.234392e-05
1598 4.212721e-05
1599 4.191206e-05
1600 4.169848e-05
1601 4.148647e-05
1602 4.127603e-05
1603 4.106715e-05
1604 4.085985e-05
1605 4.065412e-05
1606 4.044996e-05
1607 4.024738e-05
1608 4.004638e-05
1609 3.984696e-05
1610 3.964911e-05
1611 3.945285e-05
1612 3.925817e-05
1613 3.906507e-05
1614 3.887355e-05
1615 3.868361e-05
1616 3.849526e-05
1617 3.830849e-05
1618 3.812331e-05
1619 3.793971e-05
1620 3.775769e-05
1621 3.757726e-05
1622 3.739840e-05
1623 3.722114e-05
1624 3.704545e-05
1625 3.687135e-05
1626 3.669883e-05
1627 3.652788e-05
1628 3.635852e-05
1629 3.619074e-05
1630 3.602453e-05
1631 3.585990e-05
1632 3.569685e-05
1633 3.553537e-05
1634 3.537546e-05
1635 3.521713e-05
1636 3.506036e-05
1637 3.490516e-05
1638 3.475153e-05
1639 3.459946e-05
1640 3.444895e-05
1641 3.430001e-05
1642 3.415262e-05
1643 3.400679e-05
1644 3.386251e-05
1645 3.371978e-05
1646 3.357860e-05
1647 3.343896e-05
1648 3.330087e-05
1649 3.316432e-05
1650 3.302931e-05
1651 3.289583e-05
1652 3.276388e-05
1653 3.263346e-05
1654 3.250457e-05
1655 3.237719e-05
1656 3.225134e-05
1657 3.212700e-05
1658 3.200417e-05
1659 3.188285e-05
1660 3.176303e-05
1661 3.164472e-05
1662 3.152790e-05
1663 3.141257e-05
1664 3.129873e-05
1665 3.118638e-05
1666 3.107550e-05
1667 3.096610e-05
1668 3.085818e-05
1669 3.075172e-05
1670 3.064672e-05
1671 3.054318e-05
1672 3.044109e-05
1673 3.034046e-05
1674 3.024126e-05
1675 3.014351e-05
1676 3.004719e-05
1677 2.995230e-05
1678 2.985883e-05
1679 2.976678e-05
1680 2.967615e-05
1681 2.958692e-05
1682 2.949910e-05
1683 2.941267e-05
1684 2.932763e-05
1685 2.924399e-05
1686 2.916172e-05
1687 2.908083e-05
1688 2.900130e-05
1689 2.892314e-05
1690 2.884634e-05
1691 2.877089e-05
1692 2.869679e-05
1693 2.862402e-05
1694 2.855259e-05
1695 2.848248e-05
1696 2.841370e-05
1697 2.834623e-05
1698 2.828006e-05
1699 2.821520e-05
1700 2.815163e-05
1701 2.808935e-05
1702 2.802836e-05
1703 2.796863e-05
1704 2.791018e-05
1705 2.785299e-05
1706 2.779705e-05
1707 2.774236e-05
1708 2.768890e-05
1709 2.763669e-05
1710 2.758569e-05
1711 2.753592e-05
1712 2.748736e-05
1713 2.744000e-05
1714 2.739384e-05
1715 2.734887e-05
1716 2.730508e-05
1717 2.726247e-05
1718 2.722102e-05
1719 2.718074e-05
1720 2.714160e-05
1721 2.710361e-05
1722 2.706676e-05
1723 2.703103e-05
1724 2.699642e-05
1725 2.696293e-05
1726 2.693054e-05
1727 2.689925e-05
1728 2.686905e-05
1729 2.683993e-05
1730 2.681188e-05
1731 2.678490e-05
1732 2.675897e-05
1733 2.673409e-05
1734 2.671025e-05
1735 2.668744e-05
1736 2.666565e-05
1737 2.664488e-05
1738 2.662512e-05
1739 2.660635e-05
1740 2.658857e-05
1741 2.657177e-05
1742 2.655594e-05
1743 2.654108e-05
1744 2.652717e-05
1745 2.651420e-05
1746 2.650217e-05
1747 2.649107e-05
1748 2.648089e-05
1749 2.647162e-05
1750 2.646325e-05
1751 2.645577e-05
1752 2.644918e-05
1753 2.644346e-05
1754 2.643860e-05
1755 2.643460e-05
1756 2.643145e-05
1757 2.642913e-05
1758 2.642765e-05
1759 2.642698e-05
1760 2.642712e-05
1761 2.642807e-05
1762 2.642980e-05
1763 2.643232e-05
1764 2.643561e-05
1765 2.643966e-05
1766 2.644446e-05
1767 2.645001e-05
1768 2.645630e-05
1769 2.646331e-05
1770 2.647104e-05
1771 2.647947e-05
1772 2.648860e-05
1773 2.649842e-05
1774 2.650891e-05
1775 2.652007e-05
1776 2.653189e-05
1777 2.654436e-05
1778 2.655747e-05
1779 2.657120e-05
1780 2.658556e-05
1781 2.660052e-05
1782 2.661609e-05
1783 2.663224e-05
1784 2.664898e-05
1785 2.666628e-05
1786 2.668415e-05
1787 2.670256e-05
1788 2.672152e-05
1789 2.674100e-05
1790 2.676101e-05
1791 2.678153e-05
1792 2.680255e-05
1793 2.682406e-05
1794 2.684605e-05
1795 2.686851e-05
1796 2.689143e-05
1797 2.691481e-05
1798 2.693862e-05
1799 2.696287e-05
1800 2.698753e-05
1801 2.701261e-05
1802 2.703809e-05
1803 2.706396e-05
1804 2.709021e-05
1805 2.711683e-05
1806 2.714381e-05
1807 2.717114e-05
1808 2.719881e-05
1809 2.722681e-05
1810 2.725513e-05
1811 2.728376e-05
1812 2.731269e-05
1813 2.734191e-05
1814 2.737141e-05
1815 2.740118e-05
1816 2.743121e-05
1817 2.746149e-05
1818 2.749200e-05
1819 2.752275e-05
1820 2.755372e-05
1821 2.758489e-05
1822 2.761626e-05
1823 2.764782e-05
1824 2.767956e-05
1825 2.771147e-05
1826 2.774354e-05
1827 2.777575e-05
1828 2.780810e-05
1829 2.784058e-05
1830 2.787318e-05
1831 2.790589e-05
1832 2.793869e-05
1833 2.797158e-05
1834 2.800455e-05
1835 2.803758e-05
1836 2.807068e-05
1837 2.810382e-05
1838 2.813700e-05
1839 2.817020e-05
1840 2.820343e-05
1841 2.823666e-05
1842 2.826989e-05
1843 2.830310e-05
1844 2.833630e-05
1845 2.836946e-05
1846 2.840258e-05
1847 2.843565e-05
1848 2.846865e-05
1849 2.850158e-05
1850 2.853444e-05
1851 2.856720e-05
1852 2.859985e-05
1853 2.863240e-05
1854 2.866483e-05
1855 2.869712e-05
1856 2.872928e-05
1857 2.876129e-05
1858 2.879313e-05
1859 2.882481e-05
1860 2.885630e-05
1861 2.888761e-05
1862 2.891872e-05
1863 2.894962e-05
1864 2.898030e-05
1865 2.901076e-05
1866 2.904098e-05
1867 2.907095e-05
1868 2.910067e-05
1869 2.913012e-05
1870 2.915930e-05
1871 2.918819e-05
1872 2.921679e-05
1873 2.924509e-05
1874 2.927308e-05
1875 2.930074e-05
1876 2.932808e-05
1877 2.935507e-05
1878 2.938172e-05
1879 2.940800e-05
1880 2.943392e-05
1881 2.945947e-05
1882 2.948463e-05
1883 2.950939e-05
1884 2.953375e-05
1885 2.955770e-05
1886 2.958123e-05
1887 2.960433e-05
1888 2.962699e-05
1889 2.964920e-05
1890 2.967095e-05
1891 2.969224e-05
1892 2.971306e-05
1893 2.973339e-05
1894 2.975323e-05
1895 2.977257e-05
1896 2.979140e-05
1897 2.980972e-05
1898 2.982751e-05
1899 2.984477e-05
1900 2.986148e-05
1901 2.987765e-05
1902 2.989325e-05
1903 2.990829e-05
1904 2.992276e-05
1905 2.993664e-05
1906 2.994992e-05
1907 2.996261e-05
1908 2.997469e-05
1909 2.998616e-05
1910 2.999700e-05
1911 3.000721e-05
1912 3.001678e-05
1913 3.002571e-05
1914 3.003398e-05
1915 3.004159e-05
1916 3.004852e-05
1917 3.005478e-05
1918 3.006036e-05
1919 3.006524e-05
1920 3.006942e-05
1921 3.007290e-05
1922 3.007565e-05
1923 3.007769e-05
1924 3.007900e-05
1925 3.007957e-05
1926 3.007940e-05
1927 3.007848e-05
1928 3.007680e-05
1929 3.007435e-05
1930 3.007114e-05
1931 3.006714e-05
1932 3.006236e-05
1933 3.005679e-05
1934 3.005042e-05
1935 3.004325e-05
1936 3.003526e-05
1937 3.002646e-05
1938 3.001683e-05
1939 3.000638e-05
1940 2.999508e-05
1941 2.998294e-05
1942 2.996995e-05
1943 2.995611e-05
1944 2.994141e-05
1945 2.992584e-05
1946 2.990939e-05
1947 2.989207e-05
1948 2.987386e-05
1949 2.985476e-05
1950 2.983477e-05
1951 2.981387e-05
1952 2.979207e-05
1953 2.976935e-05
1954 2.974572e-05
1955 2.972116e-05
1956 2.969568e-05
1957 2.966926e-05
1958 2.964190e-05
1959 2.961360e-05
1960 2.958435e-05
1961 2.955415e-05
1962 2.952299e-05
1963 2.949087e-05
1964 2.945778e-05
1965 2.942372e-05
1966 2.938868e-05
1967 2.935266e-05
1968 2.931566e-05
1969 2.927766e-05
1970 2.923868e-05
1971 2.919869e-05
1972 2.915771e-05
1973 2.911572e-05
1974 2.907272e-05
1975 2.902871e-05
1976 2.898368e-05
1977 2.893763e-05
1978 2.889056e-05
1979 2.884246e-05
1980 2.879333e-05
1981 2.874316e-05
1982 2.869196e-05
1983 2.863972e-05
1984 2.858644e-05
1985 2.853211e-05
1986 2.847673e-05
1987 2.842030e-05
1988 2.836281e-05
1989 2.830427e-05
1990 2.824467e-05
1991 2.818401e-05
1992 2.812229e-05
1993 2.805950e-05
1994 2.799564e-05
1995 2.793071e-05
1996 2.786470e-05
1997 2.779763e-05
1998 2.772948e-05
1999 2.766025e-05
2000 2.758994e-05
2001 2.751855e-05
