0 1.115945e-06
1 1.115945e-06
2 1.115945e-06
3 2.045818e-06
4 3.029076e-06
5 4.056607e-06
6 5.120194e-06
7 6.212467e-06
8 7.326868e-06
9 8.457604e-06
10 9.599610e-06
11 1.074850e-05
12 1.190054e-05
13 1.305258e-05
14 1.420205e-05
15 1.534688e-05
16 1.648548e-05
17 1.761670e-05
18 1.873978e-05
19 1.985429e-05
20 2.096015e-05
21 2.205750e-05
22 2.314675e-05
23 2.422846e-05
24 2.530335e-05
25 2.637223e-05
26 2.743598e-05
27 2.849548e-05
28 2.955160e-05
29 3.060514e-05
30 3.165679e-05
31 3.270710e-05
32 3.375640e-05
33 3.480483e-05
34 3.585223e-05
35 3.689825e-05
36 3.794233e-05
37 3.898377e-05
38 4.002179e-05
39 4.105555e-05
40 4.208418e-05
41 4.310688e-05
42 4.412291e-05
43 4.513167e-05
44 4.613271e-05
45 4.712574e-05
46 4.811061e-05
47 4.908734e-05
48 5.005604e-05
49 5.101698e-05
50 5.197050e-05
51 5.291708e-05
52 5.385724e-05
53 5.479163e-05
54 5.572093e-05
55 5.664586e-05
56 5.756714e-05
57 5.848545e-05
58 5.940138e-05
59 6.031542e-05
60 6.122792e-05
61 6.213902e-05
62 6.304866e-05
63 6.395651e-05
64 6.486198e-05
65 6.576425e-05
66 6.666235e-05
67 6.755523e-05
68 6.844183e-05
69 6.932115e-05
70 7.019233e-05
71 7.105470e-05
72 7.190786e-05
73 7.275178e-05
74 7.358678e-05
75 7.441354e-05
76 7.523297e-05
77 7.604618e-05
78 7.685435e-05
79 7.765871e-05
80 7.846038e-05
81 7.926036e-05
82 8.005942e-05
83 8.085802e-05
84 8.165627e-05
85 8.245394e-05
86 8.325056e-05
87 8.404543e-05
88 8.483772e-05
89 8.562652e-05
90 8.641089e-05
91 8.718994e-05
92 8.796287e-05
93 8.872906e-05
94 8.948806e-05
95 9.023965e-05
96 9.098377e-05
97 9.172050e-05
98 9.245005e-05
99 9.317271e-05
100 9.388885e-05
101 9.459889e-05
102 9.530326e-05
103 9.600236e-05
104 9.669659e-05
105 9.738632e-05
106 9.807185e-05
107 9.875350e-05
108 9.943152e-05
109 1.001062e-04
110 1.007776e-04
111 1.014461e-04
112 1.021117e-04
113 1.027747e-04
114 1.034350e-04
115 1.040929e-04
116 1.047485e-04
117 1.054017e-04
118 1.060526e-04
119 1.067013e-04
120 1.073478e-04
121 1.079920e-04
122 1.086341e-04
123 1.092740e-04
124 1.099116e-04
125 1.105470e-04
126 1.111801e-04
127 1.118109e-04
128 1.124394e-04
129 1.130655e-04
130 1.136893e-04
131 1.143106e-04
132 1.149295e-04
133 1.155460e-04
134 1.161600e-04
135 1.167715e-04
136 1.173805e-04
137 1.179871e-04
138 1.185913e-04
139 1.191930e-04
140 1.197923e-04
141 1.203892e-04
142 1.209838e-04
143 1.215760e-04
144 1.221660e-04
145 1.227537e-04
146 1.233393e-04
147 1.239227e-04
148 1.245040e-04
149 1.250833e-04
150 1.256606e-04
151 1.262359e-04
152 1.268094e-04
153 1.273811e-04
154 1.279510e-04
155 1.285192e-04
156 1.290857e-04
157 1.296507e-04
158 1.302141e-04
159 1.307761e-04
160 1.313367e-04
161 1.318959e-04
162 1.324538e-04
163 1.330105e-04
164 1.335660e-04
165 1.341203e-04
166 1.346735e-04
167 1.352256e-04
168 1.357767e-04
169 1.363268e-04
170 1.368760e-04
171 1.374242e-04
172 1.379716e-04
173 1.385181e-04
174 1.390638e-04
175 1.396087e-04
176 1.401528e-04
177 1.406962e-04
178 1.412389e-04
179 1.417809e-04
180 1.423222e-04
181 1.428629e-04
182 1.434030e-04
183 1.439424e-04
184 1.444813e-04
185 1.450196e-04
186 1.455573e-04
187 1.460945e-04
188 1.466312e-04
189 1.471674e-04
190 1.477031e-04
191 1.482383e-04
192 1.487731e-04
193 1.493074e-04
194 1.498413e-04
195 1.503748e-04
196 1.509079e-04
197 1.514405e-04
198 1.519728e-04
199 1.525048e-04
200 1.530364e-04
201 1.535676e-04
202 1.540985e-04
203 1.546291e-04
204 1.551594e-04
205 1.556895e-04
206 1.562192e-04
207 1.567487e-04
208 1.572779e-04
209 1.578069e-04
210 1.583356e-04
211 1.588641e-04
212 1.593924e-04
213 1.599205e-04
214 1.604484e-04
215 1.609761e-04
216 1.615036e-04
217 1.620310e-04
218 1.625581e-04
219 1.630852e-04
220 1.636120e-04
221 1.641387e-04
222 1.646653e-04
223 1.651917e-04
224 1.657179e-04
225 1.662441e-04
226 1.667701e-04
227 1.672960e-04
228 1.678217e-04
229 1.683473e-04
230 1.688728e-04
231 1.693981e-04
232 1.699234e-04
233 1.704484e-04
234 1.709734e-04
235 1.714982e-04
236 1.720229e-04
237 1.725475e-04
238 1.730718e-04
239 1.735961e-04
240 1.741202e-04
241 1.746441e-04
242 1.751679e-04
243 1.756914e-04
244 1.762148e-04
245 1.767380e-04
246 1.772610e-04
247 1.777838e-04
248 1.783064e-04
249 1.788287e-04
250 1.793508e-04
251 1.798726e-04
252 1.803942e-04
253 1.809155e-04
254 1.814365e-04
255 1.819572e-04
256 1.824776e-04
257 1.829976e-04
258 1.835172e-04
259 1.840365e-04
260 1.845554e-04
261 1.850739e-04
262 1.855919e-04
263 1.861095e-04
264 1.866266e-04
265 1.871432e-04
266 1.876592e-04
267 1.881747e-04
268 1.886895e-04
269 1.892037e-04
270 1.897173e-04
271 1.902301e-04
272 1.907421e-04
273 1.912534e-04
274 1.917638e-04
275 1.922732e-04
276 1.927818e-04
277 1.932893e-04
278 1.937958e-04
279 1.943011e-04
280 1.948052e-04
281 1.953081e-04
282 1.958096e-04
283 1.963097e-04
284 1.968083e-04
285 1.973054e-04
286 1.978008e-04
287 1.982944e-04
288 1.987863e-04
289 1.992762e-04
290 1.997640e-04
291 2.002498e-04
292 2.007334e-04
293 2.012147e-04
294 2.016935e-04
295 2.021700e-04
296 2.026438e-04
297 2.031150e-04
298 2.035834e-04
299 2.040490e-04
300 2.045117e-04
301 2.049713e-04
302 2.054280e-04
303 2.058814e-04
304 2.063317e-04
305 2.067787e-04
306 2.072224e-04
307 2.076626e-04
308 2.080995e-04
309 2.085329e-04
310 2.089628e-04
311 2.093892e-04
312 2.098121e-04
313 2.102314e-04
314 2.106472e-04
315 2.110594e-04
316 2.114681e-04
317 2.118733e-04
318 2.122750e-04
319 2.126733e-04
320 2.130682e-04
321 2.134597e-04
322 2.138478e-04
323 2.142327e-04
324 2.146144e-04
325 2.149929e-04
326 2.153683e-04
327 2.157406e-04
328 2.161099e-04
329 2.164762e-04
330 2.168396e-04
331 2.172002e-04
332 2.175579e-04
333 2.179129e-04
334 2.182651e-04
335 2.186146e-04
336 2.189614e-04
337 2.193056e-04
338 2.196472e-04
339 2.199861e-04
340 2.203224e-04
341 2.206561e-04
342 2.209872e-04
343 2.213156e-04
344 2.216413e-04
345 2.219642e-04
346 2.222844e-04
347 2.226018e-04
348 2.229162e-04
349 2.232277e-04
350 2.235360e-04
351 2.238413e-04
352 2.241433e-04
353 2.244421e-04
354 2.247374e-04
355 2.250292e-04
356 2.253174e-04
357 2.256020e-04
358 2.258828e-04
359 2.261597e-04
360 2.264326e-04
361 2.267015e-04
362 2.269663e-04
363 2.272268e-04
364 2.274831e-04
365 2.277350e-04
366 2.279825e-04
367 2.282256e-04
368 2.284641e-04
369 2.286981e-04
370 2.289275e-04
371 2.291523e-04
372 2.293724e-04
373 2.295880e-04
374 2.297990e-04
375 2.300055e-04
376 2.302074e-04
377 2.304049e-04
378 2.305979e-04
379 2.307866e-04
380 2.309711e-04
381 2.311514e-04
382 2.313276e-04
383 2.314998e-04
384 2.316682e-04
385 2.318328e-04
386 2.319937e-04
387 2.321511e-04
388 2.323051e-04
389 2.324559e-04
390 2.326034e-04
391 2.327479e-04
392 2.328895e-04
393 2.330283e-04
394 2.331645e-04
395 2.332981e-04
396 2.334293e-04
397 2.335582e-04
398 2.336849e-04
399 2.338095e-04
400 2.339321e-04
401 2.340528e-04
402 2.341718e-04
403 2.342890e-04
404 2.344046e-04
405 2.345187e-04
406 2.346312e-04
407 2.347423e-04
408 2.348520e-04
409 2.349603e-04
410 2.350672e-04
411 2.351729e-04
412 2.352773e-04
413 2.353804e-04
414 2.354823e-04
415 2.355829e-04
416 2.356823e-04
417 2.357804e-04
418 2.358774e-04
419 2.359730e-04
420 2.360675e-04
421 2.361607e-04
422 2.362526e-04
423 2.363432e-04
424 2.364326e-04
425 2.365206e-04
426 2.366073e-04
427 2.366927e-04
428 2.367767e-04
429 2.368593e-04
430 2.369406e-04
431 2.370205e-04
432 2.370989e-04
433 2.371760e-04
434 2.372516e-04
435 2.373258e-04
436 2.373985e-04
437 2.374698e-04
438 2.375397e-04
439 2.376081e-04
440 2.376752e-04
441 2.377408e-04
442 2.378049e-04
443 2.378677e-04
444 2.379292e-04
445 2.379892e-04
446 2.380480e-04
447 2.381054e-04
448 2.381615e-04
449 2.382164e-04
450 2.382700e-04
451 2.383225e-04
452 2.383738e-04
453 2.384240e-04
454 2.384732e-04
455 2.385213e-04
456 2.385685e-04
457 2.386147e-04
458 2.386601e-04
459 2.387047e-04
460 2.387485e-04
461 2.387917e-04
462 2.388343e-04
463 2.388764e-04
464 2.389180e-04
465 2.389593e-04
466 2.390002e-04
467 2.390410e-04
468 2.390816e-04
469 2.391223e-04
470 2.391629e-04
471 2.392038e-04
472 2.392448e-04
473 2.392862e-04
474 2.393280e-04
475 2.393704e-04
476 2.394133e-04
477 2.394569e-04
478 2.395012e-04
479 2.395464e-04
480 2.395925e-04
481 2.396396e-04
482 2.396877e-04
483 2.397370e-04
484 2.397875e-04
485 2.398392e-04
486 2.398922e-04
487 2.399465e-04
488 2.400022e-04
489 2.400593e-04
490 2.401179e-04
491 2.401779e-04
492 2.402394e-04
493 2.403023e-04
494 2.403667e-04
495 2.404325e-04
496 2.404998e-04
497 2.405684e-04
498 2.406384e-04
499 2.407098e-04
500 2.407823e-04
501 2.408562e-04
502 2.409311e-04
503 2.410072e-04
504 2.410843e-04
505 2.411623e-04
506 2.412413e-04
507 2.413211e-04
508 2.414016e-04
509 2.414828e-04
510 2.415647e-04
511 2.416470e-04
512 2.417298e-04
513 2.418130e-04
514 2.418965e-04
515 2.419802e-04
516 2.420641e-04
517 2.421481e-04
518 2.422322e-04
519 2.423163e-04
520 2.424003e-04
521 2.424842e-04
522 2.425679e-04
523 2.426515e-04
524 2.427348e-04
525 2.428179e-04
526 2.429008e-04
527 2.429834e-04
528 2.430657e-04
529 2.431478e-04
530 2.432296e-04
531 2.433112e-04
532 2.433925e-04
533 2.434736e-04
534 2.435545e-04
535 2.436352e-04
536 2.437158e-04
537 2.437963e-04
538 2.438766e-04
539 2.439569e-04
540 2.440372e-04
541 2.441175e-04
542 2.441979e-04
543 2.442784e-04
544 2.443590e-04
545 2.444398e-04
546 2.445208e-04
547 2.446020e-04
548 2.446836e-04
549 2.447655e-04
550 2.448477e-04
551 2.449304e-04
552 2.450135e-04
553 2.450971e-04
554 2.451812e-04
555 2.452658e-04
556 2.453510e-04
557 2.454368e-04
558 2.455231e-04
559 2.456101e-04
560 2.456977e-04
561 2.457860e-04
562 2.458749e-04
563 2.459645e-04
564 2.460548e-04
565 2.461457e-04
566 2.462373e-04
567 2.463297e-04
568 2.464227e-04
569 2.465164e-04
570 2.466107e-04
571 2.467058e-04
572 2.468015e-04
573 2.468979e-04
574 2.469949e-04
575 2.470925e-04
576 2.471908e-04
577 2.472897e-04
578 2.473892e-04
579 2.474892e-04
580 2.475899e-04
581 2.476910e-04
582 2.477926e-04
583 2.478948e-04
584 2.479974e-04
585 2.481004e-04
586 2.482038e-04
587 2.483077e-04
588 2.484118e-04
589 2.485163e-04
590 2.486211e-04
591 2.487261e-04
592 2.488314e-04
593 2.489368e-04
594 2.490424e-04
595 2.491481e-04
596 2.492539e-04
597 2.493597e-04
598 2.494656e-04
599 2.495714e-04
600 2.496771e-04
601 2.497827e-04
602 2.498882e-04
603 2.499934e-04
604 2.500985e-04
605 2.502032e-04
606 2.503076e-04
607 2.504117e-04
608 2.505153e-04
609 2.506185e-04
610 2.507212e-04
611 2.508234e-04
612 2.509249e-04
613 2.510259e-04
614 2.511262e-04
615 2.512257e-04
616 2.513245e-04
617 2.514225e-04
618 2.515196e-04
619 2.516158e-04
620 2.517111e-04
621 2.518054e-04
622 2.518987e-04
623 2.519909e-04
624 2.520821e-04
625 2.521720e-04
626 2.522607e-04
627 2.523483e-04
628 2.524345e-04
629 2.525194e-04
630 2.526029e-04
631 2.526851e-04
632 2.527657e-04
633 2.528450e-04
634 2.529226e-04
635 2.529988e-04
636 2.530733e-04
637 2.531462e-04
638 2.532175e-04
639 2.532870e-04
640 2.533548e-04
641 2.534209e-04
642 2.534851e-04
643 2.535476e-04
644 2.536081e-04
645 2.536668e-04
646 2.537236e-04
647 2.537785e-04
648 2.538314e-04
649 2.538823e-04
650 2.539312e-04
651 2.539781e-04
652 2.540229e-04
653 2.540657e-04
654 2.541064e-04
655 2.541450e-04
656 2.541815e-04
657 2.542159e-04
658 2.542482e-04
659 2.542783e-04
660 2.543063e-04
661 2.543321e-04
662 2.543558e-04
663 2.543773e-04
664 2.543967e-04
665 2.544139e-04
666 2.544289e-04
667 2.544417e-04
668 2.544524e-04
669 2.544610e-04
670 2.544673e-04
671 2.544716e-04
672 2.544737e-04
673 2.544736e-04
674 2.544714e-04
675 2.544671e-04
676 2.544608e-04
677 2.544523e-04
678 2.544417e-04
679 2.544291e-04
680 2.544144e-04
681 2.543976e-04
682 2.543789e-04
683 2.543581e-04
684 2.543354e-04
685 2.543107e-04
686 2.542840e-04
687 2.542555e-04
688 2.542250e-04
689 2.541926e-04
690 2.541584e-04
691 2.541223e-04
692 2.540844e-04
693 2.540448e-04
694 2.540033e-04
695 2.539602e-04
696 2.539153e-04
697 2.538687e-04
698 2.538205e-04
699 2.537707e-04
700 2.537192e-04
701 2.536662e-04
702 2.536117e-04
703 2.535556e-04
704 2.534981e-04
705 2.534391e-04
706 2.533787e-04
707 2.533170e-04
708 2.532539e-04
709 2.531894e-04
710 2.531237e-04
711 2.530567e-04
712 2.529885e-04
713 2.529192e-04
714 2.528486e-04
715 2.527770e-04
716 2.527043e-04
717 2.526305e-04
718 2.525558e-04
719 2.524800e-04
720 2.524033e-04
721 2.523257e-04
722 2.522473e-04
723 2.521680e-04
724 2.520879e-04
725 2.520070e-04
726 2.519254e-04
727 2.518431e-04
728 2.517602e-04
729 2.516766e-04
730 2.515925e-04
731 2.515078e-04
732 2.514225e-04
733 2.513368e-04
734 2.512507e-04
735 2.511641e-04
736 2.510772e-04
737 2.509899e-04
738 2.509023e-04
739 2.508144e-04
740 2.507263e-04
741 2.506379e-04
742 2.505494e-04
743 2.504607e-04
744 2.503719e-04
745 2.502831e-04
746 2.501942e-04
747 2.501052e-04
748 2.500163e-04
749 2.499274e-04
750 2.498385e-04
751 2.497498e-04
752 2.496612e-04
753 2.495727e-04
754 2.494844e-04
755 2.493963e-04
756 2.493085e-04
757 2.492209e-04
758 2.491336e-04
759 2.490465e-04
760 2.489599e-04
761 2.488735e-04
762 2.487875e-04
763 2.487020e-04
764 2.486168e-04
765 2.485321e-04
766 2.484478e-04
767 2.483640e-04
768 2.482807e-04
769 2.481979e-04
770 2.481157e-04
771 2.480340e-04
772 2.479528e-04
773 2.478723e-04
774 2.477923e-04
775 2.477130e-04
776 2.476342e-04
777 2.475562e-04
778 2.474787e-04
779 2.474020e-04
780 2.473259e-04
781 2.472505e-04
782 2.471758e-04
783 2.471018e-04
784 2.470285e-04
785 2.469560e-04
786 2.468842e-04
787 2.468131e-04
788 2.467428e-04
789 2.466733e-04
790 2.466045e-04
791 2.465365e-04
792 2.464693e-04
793 2.464028e-04
794 2.463372e-04
795 2.462723e-04
796 2.462083e-04
797 2.461450e-04
798 2.460825e-04
799 2.460209e-04
800 2.459600e-04
801 2.458999e-04
802 2.458407e-04
803 2.457822e-04
804 2.457245e-04
805 2.456677e-04
806 2.456116e-04
807 2.455563e-04
808 2.455018e-04
809 2.454481e-04
810 2.453952e-04
811 2.453430e-04
812 2.452916e-04
813 2.452410e-04
814 2.451911e-04
815 2.451419e-04
816 2.450936e-04
817 2.450459e-04
818 2.449989e-04
819 2.449527e-04
820 2.449071e-04
821 2.448623e-04
822 2.448181e-04
823 2.447746e-04
824 2.447317e-04
825 2.446895e-04
826 2.446479e-04
827 2.446069e-04
828 2.445666e-04
829 2.445267e-04
830 2.444875e-04
831 2.444488e-04
832 2.444106e-04
833 2.443730e-04
834 2.443358e-04
835 2.442992e-04
836 2.442629e-04
837 2.442272e-04
838 2.441918e-04
839 2.441568e-04
840 2.441222e-04
841 2.440880e-04
842 2.440541e-04
843 2.440205e-04
844 2.439871e-04
845 2.439541e-04
846 2.439212e-04
847 2.438886e-04
848 2.438562e-04
849 2.438239e-04
850 2.437918e-04
851 2.437597e-04
852 2.437277e-04
853 2.436958e-04
854 2.436639e-04
855 2.436319e-04
856 2.436000e-04
857 2.435679e-04
858 2.435358e-04
859 2.435035e-04
860 2.434710e-04
861 2.434383e-04
862 2.434054e-04
863 2.433723e-04
864 2.433388e-04
865 2.433050e-04
866 2.432708e-04
867 2.432362e-04
868 2.432012e-04
869 2.431657e-04
870 2.431297e-04
871 2.430931e-04
872 2.430559e-04
873 2.430182e-04
874 2.429797e-04
875 2.429406e-04
876 2.429007e-04
877 2.428601e-04
878 2.428187e-04
879 2.427764e-04
880 2.427332e-04
881 2.426891e-04
882 2.426441e-04
883 2.425981e-04
884 2.425510e-04
885 2.425028e-04
886 2.424536e-04
887 2.424032e-04
888 2.423516e-04
889 2.422987e-04
890 2.422447e-04
891 2.421893e-04
892 2.421325e-04
893 2.420744e-04
894 2.420149e-04
895 2.419539e-04
896 2.418915e-04
897 2.418275e-04
898 2.417619e-04
899 2.416948e-04
900 2.416260e-04
901 2.415555e-04
902 2.414833e-04
903 2.414093e-04
904 2.413336e-04
905 2.412561e-04
906 2.411767e-04
907 2.410954e-04
908 2.410122e-04
909 2.409270e-04
910 2.408398e-04
911 2.407506e-04
912 2.406594e-04
913 2.405660e-04
914 2.404705e-04
915 2.403729e-04
916 2.402731e-04
917 2.401710e-04
918 2.400667e-04
919 2.399601e-04
920 2.398513e-04
921 2.397400e-04
922 2.396264e-04
923 2.395104e-04
924 2.393920e-04
925 2.392712e-04
926 2.391478e-04
927 2.390220e-04
928 2.388936e-04
929 2.387627e-04
930 2.386292e-04
931 2.384931e-04
932 2.383544e-04
933 2.382131e-04
934 2.380691e-04
935 2.379224e-04
936 2.377730e-04
937 2.376209e-04
938 2.374661e-04
939 2.373085e-04
940 2.371482e-04
941 2.369851e-04
942 2.368191e-04
943 2.366504e-04
944 2.364789e-04
945 2.363045e-04
946 2.361273e-04
947 2.359472e-04
948 2.357643e-04
949 2.355785e-04
950 2.353899e-04
951 2.351983e-04
952 2.350039e-04
953 2.348066e-04
954 2.346064e-04
955 2.344034e-04
956 2.341974e-04
957 2.339886e-04
958 2.337768e-04
959 2.335622e-04
960 2.333448e-04
961 2.331244e-04
962 2.329012e-04
963 2.326751e-04
964 2.324462e-04
965 2.322144e-04
966 2.319798e-04
967 2.317424e-04
968 2.315021e-04
969 2.312591e-04
970 2.310133e-04
971 2.307647e-04
972 2.305134e-04
973 2.302593e-04
974 2.300025e-04
975 2.297429e-04
976 2.294807e-04
977 2.292159e-04
978 2.289483e-04
979 2.286782e-04
980 2.284054e-04
981 2.281300e-04
982 2.278521e-04
983 2.275716e-04
984 2.272886e-04
985 2.270031e-04
986 2.267151e-04
987 2.264247e-04
988 2.261318e-04
989 2.258366e-04
990 2.255389e-04
991 2.252390e-04
992 2.249367e-04
993 2.246321e-04
994 2.243252e-04
995 2.240161e-04
996 2.237048e-04
997 2.233914e-04
998 2.230758e-04
999 2.227580e-04
1000 2.224382e-04
1001 2.221163e-04
1002 2.217924e-04
1003 2.214666e-04
1004 2.211387e-04
1005 2.208090e-04
1006 2.204773e-04
1007 2.201438e-04
1008 2.198084e-04
1009 2.194713e-04
1010 2.191324e-04
1011 2.187917e-04
1012 2.184494e-04
1013 2.181054e-04
1014 2.177598e-04
1015 2.174126e-04
1016 2.170638e-04
1017 2.167135e-04
1018 2.163618e-04
1019 2.160085e-04
1020 2.156539e-04
1021 2.152979e-04
1022 2.149405e-04
1023 2.145818e-04
1024 2.142218e-04
1025 2.138606e-04
1026 2.134981e-04
1027 2.131345e-04
1028 2.127698e-04
1029 2.124039e-04
1030 2.120370e-04
1031 2.116690e-04
1032 2.113001e-04
1033 2.109301e-04
1034 2.105592e-04
1035 2.101874e-04
1036 2.098148e-04
1037 2.094413e-04
1038 2.090670e-04
1039 2.086919e-04
1040 2.083161e-04
1041 2.079396e-04
1042 2.075624e-04
1043 2.071846e-04
1044 2.068062e-04
1045 2.064271e-04
1046 2.060476e-04
1047 2.056675e-04
1048 2.052869e-04
1049 2.049059e-04
1050 2.045244e-04
1051 2.041425e-04
1052 2.037603e-04
1053 2.033777e-04
1054 2.029948e-04
1055 2.026115e-04
1056 2.022281e-04
1057 2.018444e-04
1058 2.014604e-04
1059 2.010763e-04
1060 2.006920e-04
1061 2.003076e-04
1062 1.999230e-04
1063 1.995384e-04
1064 1.991536e-04
1065 1.987689e-04
1066 1.983841e-04
1067 1.979993e-04
1068 1.976145e-04
1069 1.972297e-04
1070 1.968450e-04
1071 1.964604e-04
1072 1.960758e-04
1073 1.956914e-04
1074 1.953071e-04
1075 1.949230e-04
1076 1.945390e-04
1077 1.941552e-04
1078 1.937716e-04
1079 1.933882e-04
1080 1.930051e-04
1081 1.926222e-04
1082 1.922396e-04
1083 1.918573e-04
1084 1.914752e-04
1085 1.910935e-04
1086 1.907121e-04
1087 1.903310e-04
1088 1.899503e-04
1089 1.895700e-04
1090 1.891900e-04
1091 1.888104e-04
1092 1.884313e-04
1093 1.880525e-04
1094 1.876742e-04
1095 1.872963e-04
1096 1.869189e-04
1097 1.865419e-04
1098 1.861654e-04
1099 1.857894e-04
1100 1.854139e-04
1101 1.850389e-04
1102 1.846644e-04
1103 1.842904e-04
1104 1.839169e-04
1105 1.835440e-04
1106 1.831716e-04
1107 1.827998e-04
1108 1.824286e-04
1109 1.820579e-04
1110 1.816878e-04
1111 1.813183e-04
1112 1.809494e-04
1113 1.805810e-04
1114 1.802133e-04
1115 1.798462e-04
1116 1.794797e-04
1117 1.791139e-04
1118 1.787487e-04
1119 1.783841e-04
1120 1.780201e-04
1121 1.776568e-04
1122 1.772942e-04
1123 1.769322e-04
1124 1.765708e-04
1125 1.762102e-04
1126 1.758502e-04
1127 1.754909e-04
1128 1.751322e-04
1129 1.747743e-04
1130 1.744170e-04
1131 1.740604e-04
1132 1.737045e-04
1133 1.733493e-04
1134 1.729948e-04
1135 1.726410e-04
1136 1.722879e-04
1137 1.719356e-04
1138 1.715839e-04
1139 1.712329e-04
1140 1.708827e-04
1141 1.705332e-04
1142 1.701844e-04
1143 1.698363e-04
1144 1.694890e-04
1145 1.691423e-04
1146 1.687964e-04
1147 1.684513e-04
1148 1.681069e-04
1149 1.677632e-04
1150 1.674202e-04
1151 1.670780e-04
1152 1.667365e-04
1153 1.663958e-04
1154 1.660558e-04
1155 1.657165e-04
1156 1.653780e-04
1157 1.650402e-04
1158 1.647032e-04
1159 1.643670e-04
1160 1.640314e-04
1161 1.636967e-04
1162 1.633627e-04
1163 1.630294e-04
1164 1.626969e-04
1165 1.623652e-04
1166 1.620342e-04
1167 1.617040e-04
1168 1.613745e-04
1169 1.610458e-04
1170 1.607178e-04
1171 1.603906e-04
1172 1.600642e-04
1173 1.597385e-04
1174 1.594136e-04
1175 1.590895e-04
1176 1.587661e-04
1177 1.584435e-04
1178 1.581217e-04
1179 1.578006e-04
1180 1.574803e-04
1181 1.571608e-04
1182 1.568420e-04
1183 1.565240e-04
1184 1.562068e-04
1185 1.558903e-04
1186 1.555746e-04
1187 1.552597e-04
1188 1.549455e-04
1189 1.546321e-04
1190 1.543195e-04
1191 1.540076e-04
1192 1.536965e-04
1193 1.533862e-04
1194 1.530767e-04
1195 1.527679e-04
1196 1.524599e-04
1197 1.521526e-04
1198 1.518461e-04
1199 1.515404e-04
1200 1.512355e-04
1201 1.509313e-04
1202 1.506279e-04
1203 1.503253e-04
1204 1.500234e-04
1205 1.497223e-04
1206 1.494220e-04
1207 1.491224e-04
1208 1.488236e-04
1209 1.485255e-04
1210 1.482283e-04
1211 1.479317e-04
1212 1.476360e-04
1213 1.473410e-04
1214 1.470467e-04
1215 1.467533e-04
1216 1.464605e-04
1217 1.461686e-04
1218 1.458774e-04
1219 1.455869e-04
1220 1.452973e-04
1221 1.450083e-04
1222 1.447201e-04
1223 1.444327e-04
1224 1.441460e-04
1225 1.438601e-04
1226 1.435749e-04
1227 1.432905e-04
1228 1.430068e-04
1229 1.427239e-04
1230 1.424417e-04
1231 1.421603e-04
1232 1.418796e-04
1233 1.415996e-04
1234 1.413204e-04
1235 1.410419e-04
1236 1.407642e-04
1237 1.404872e-04
1238 1.402109e-04
1239 1.399354e-04
1240 1.396606e-04
1241 1.393865e-04
1242 1.391132e-04
1243 1.388406e-04
1244 1.385687e-04
1245 1.382975e-04
1246 1.380271e-04
1247 1.377574e-04
1248 1.374884e-04
1249 1.372201e-04
1250 1.369525e-04
1251 1.366857e-04
1252 1.364196e-04
1253 1.361542e-04
1254 1.358895e-04
1255 1.356255e-04
1256 1.353622e-04
1257 1.350996e-04
1258 1.348377e-04
1259 1.345765e-04
1260 1.343160e-04
1261 1.340562e-04
1262 1.337972e-04
1263 1.335388e-04
1264 1.332811e-04
1265 1.330241e-04
1266 1.327677e-04
1267 1.325121e-04
1268 1.322571e-04
1269 1.320029e-04
1270 1.317493e-04
1271 1.314964e-04
1272 1.312441e-04
1273 1.309926e-04
1274 1.307417e-04
1275 1.304915e-04
1276 1.302419e-04
1277 1.299930e-04
1278 1.297448e-04
1279 1.294972e-04
1280 1.292503e-04
1281 1.290041e-04
1282 1.287585e-04
1283 1.285135e-04
1284 1.282693e-04
1285 1.280256e-04
1286 1.277826e-04
1287 1.275403e-04
1288 1.272985e-04
1289 1.270575e-04
1290 1.268170e-04
1291 1.265772e-04
1292 1.263381e-04
1293 1.260995e-04
1294 1.258616e-04
1295 1.256243e-04
1296 1.253877e-04
1297 1.251516e-04
1298 1.249162e-04
1299 1.246814e-04
1300 1.244472e-04
1301 1.242136e-04
1302 1.239806e-04
1303 1.237482e-04
1304 1.235164e-04
1305 1.232852e-04
1306 1.230547e-04
1307 1.228247e-04
1308 1.225953e-04
1309 1.223665e-04
1310 1.221383e-04
1311 1.219106e-04
1312 1.216836e-04
1313 1.214571e-04
1314 1.212312e-04
1315 1.210059e-04
1316 1.207812e-04
1317 1.205570e-04
1318 1.203334e-04
1319 1.201104e-04
1320 1.198879e-04
1321 1.196660e-04
1322 1.194446e-04
1323 1.192238e-04
1324 1.190036e-04
1325 1.187839e-04
1326 1.185647e-04
1327 1.183461e-04
1328 1.181280e-04
1329 1.179105e-04
1330 1.176935e-04
1331 1.174770e-04
1332 1.172611e-04
1333 1.170456e-04
1334 1.168308e-04
1335 1.166164e-04
1336 1.164026e-04
1337 1.161892e-04
1338 1.159764e-04
1339 1.157641e-04
1340 1.155523e-04
1341 1.153410e-04
1342 1.151303e-04
1343 1.149200e-04
1344 1.147102e-04
1345 1.145009e-04
1346 1.142921e-04
1347 1.140838e-04
1348 1.138760e-04
1349 1.136687e-04
1350 1.134618e-04
1351 1.132555e-04
1352 1.130496e-04
1353 1.128442e-04
1354 1.126392e-04
1355 1.124347e-04
1356 1.122307e-04
1357 1.120272e-04
1358 1.118241e-04
1359 1.116215e-04
1360 1.114193e-04
1361 1.112176e-04
1362 1.110163e-04
1363 1.108155e-04
1364 1.106151e-04
1365 1.104152e-04
1366 1.102157e-04
1367 1.100167e-04
1368 1.098181e-04
1369 1.096199e-04
1370 1.094221e-04
1371 1.092248e-04
1372 1.090279e-04
1373 1.088314e-04
1374 1.086353e-04
1375 1.084397e-04
1376 1.082445e-04
1377 1.080496e-04
1378 1.078552e-04
1379 1.076612e-04
1380 1.074676e-04
1381 1.072744e-04
1382 1.070816e-04
1383 1.068892e-04
1384 1.066972e-04
1385 1.065056e-04
1386 1.063143e-04
1387 1.061235e-04
1388 1.059330e-04
1389 1.057429e-04
1390 1.055532e-04
1391 1.053639e-04
1392 1.051749e-04
1393 1.049864e-04
1394 1.047981e-04
1395 1.046103e-04
1396 1.044228e-04
1397 1.042357e-04
1398 1.040489e-04
1399 1.038625e-04
1400 1.036765e-04
1401 1.034908e-04
1402 1.033054e-04
1403 1.031204e-04
1404 1.029358e-04
1405 1.027515e-04
1406 1.025675e-04
1407 1.023839e-04
1408 1.022006e-04
1409 1.020176e-04
1410 1.018350e-04
1411 1.016527e-04
1412 1.014707e-04
1413 1.012891e-04
1414 1.011078e-04
1415 1.009268e-04
1416 1.007461e-04
1417 1.005658e-04
1418 1.003857e-04
1419 1.002060e-04
1420 1.000266e-04
1421 9.984744e-05
1422 9.966863e-05
1423 9.949013e-05
1424 9.931193e-05
1425 9.913403e-05
1426 9.895644e-05
1427 9.877913e-05
1428 9.860213e-05
1429 9.842541e-05
1430 9.824899e-05
1431 9.807286e-05
1432 9.789702e-05
1433 9.772146e-05
1434 9.754618e-05
1435 9.737119e-05
1436 9.719648e-05
1437 9.702205e-05
1438 9.684789e-05
1439 9.667401e-05
1440 9.650041e-05
1441 9.632707e-05
1442 9.615401e-05
1443 9.598121e-05
1444 9.580869e-05
1445 9.563642e-05
1446 9.546443e-05
1447 9.529269e-05
1448 9.512122e-05
1449 9.495001e-05
1450 9.477905e-05
1451 9.460835e-05
1452 9.443791e-05
1453 9.426772e-05
1454 9.409778e-05
1455 9.392810e-05
1456 9.375866e-05
1457 9.358948e-05
1458 9.342054e-05
1459 9.325185e-05
1460 9.308340e-05
1461 9.291520e-05
1462 9.274724e-05
1463 9.257952e-05
1464 9.241204e-05
1465 9.224480e-05
1466 9.207780e-05
1467 9.191104e-05
1468 9.174451e-05
1469 9.157822e-05
1470 9.141217e-05
1471 9.124634e-05
1472 9.108075e-05
1473 9.091539e-05
1474 9.075027e-05
1475 9.058537e-05
1476 9.042070e-05
1477 9.025626e-05
1478 9.009204e-05
1479 8.992806e-05
1480 8.976429e-05
1481 8.960076e-05
1482 8.943745e-05
1483 8.927436e-05
1484 8.911149e-05
1485 8.894885e-05
1486 8.878643e-05
1487 8.862423e-05
1488 8.846225e-05
1489 8.830049e-05
1490 8.813895e-05
1491 8.797763e-05
1492 8.781653e-05
1493 8.765565e-05
1494 8.749498e-05
1495 8.733453e-05
1496 8.717430e-05
1497 8.701428e-05
1498 8.685448e-05
1499 8.669489e-05
1500 8.653552e-05
1501 8.637637e-05
1502 8.621743e-05
1503 8.605870e-05
1504 8.590019e-05
1505 8.574189e-05
1506 8.558381e-05
1507 8.542593e-05
1508 8.526828e-05
1509 8.511083e-05
1510 8.495360e-05
1511 8.479658e-05
1512 8.463977e-05
1513 8.448318e-05
1514 8.432679e-05
1515 8.417062e-05
1516 8.401466e-05
1517 8.385892e-05
1518 8.370338e-05
1519 8.354806e-05
1520 8.339295e-05
1521 8.323806e-05
1522 8.308337e-05
1523 8.292890e-05
1524 8.277464e-05
1525 8.262060e-05
1526 8.246676e-05
1527 8.231314e-05
1528 8.215973e-05
1529 8.200654e-05
1530 8.185356e-05
1531 8.170079e-05
1532 8.154824e-05
1533 8.139590e-05
1534 8.124377e-05
1535 8.109186e-05
1536 8.094017e-05
1537 8.078869e-05
1538 8.063742e-05
1539 8.048637e-05
1540 8.033554e-05
1541 8.018492e-05
1542 8.003453e-05
1543 7.988434e-05
1544 7.973438e-05
1545 7.958464e-05
1546 7.943511e-05
1547 7.928580e-05
1548 7.913672e-05
1549 7.898785e-05
1550 7.883920e-05
1551 7.869078e-05
1552 7.854257e-05
1553 7.839459e-05
1554 7.824683e-05
1555 7.809930e-05
1556 7.795199e-05
1557 7.780490e-05
1558 7.765804e-05
1559 7.751140e-05
1560 7.736499e-05
1561 7.721881e-05
1562 7.707285e-05
1563 7.692713e-05
1564 7.678163e-05
1565 7.663636e-05
1566 7.649133e-05
1567 7.634652e-05
1568 7.620195e-05
1569 7.605761e-05
1570 7.591350e-05
1571 7.576963e-05
1572 7.562599e-05
1573 7.548258e-05
1574 7.533942e-05
1575 7.519649e-05
1576 7.505380e-05
1577 7.491135e-05
1578 7.476914e-05
1579 7.462717e-05
1580 7.448544e-05
1581 7.434396e-05
1582 7.420271e-05
1583 7.406172e-05
1584 7.392097e-05
1585 7.378046e-05
1586 7.364020e-05
1587 7.350019e-05
1588 7.336043e-05
1589 7.322092e-05
1590 7.308166e-05
1591 7.294265e-05
1592 7.280390e-05
1593 7.266540e-05
1594 7.252716e-05
1595 7.238917e-05
1596 7.225144e-05
1597 7.211396e-05
1598 7.197675e-05
1599 7.183980e-05
1600 7.170311e-05
1601 7.156668e-05
1602 7.143051e-05
1603 7.129461e-05
1604 7.115898e-05
1605 7.102361e-05
1606 7.088851e-05
1607 7.075369e-05
1608 7.061913e-05
1609 7.048484e-05
1610 7.035083e-05
1611 7.021709e-05
1612 7.008362e-05
1613 6.995043e-05
1614 6.981752e-05
1615 6.968489e-05
1616 6.955254e-05
1617 6.942047e-05
1618 6.928868e-05
1619 6.915717e-05
1620 6.902595e-05
1621 6.889502e-05
1622 6.876437e-05
1623 6.863402e-05
1624 6.850395e-05
1625 6.837417e-05
1626 6.824469e-05
1627 6.811550e-05
1628 6.798660e-05
1629 6.785800e-05
1630 6.772970e-05
1631 6.760170e-05
1632 6.747400e-05
1633 6.734660e-05
1634 6.721950e-05
1635 6.709271e-05
1636 6.696622e-05
1637 6.684004e-05
1638 6.671417e-05
1639 6.658861e-05
1640 6.646336e-05
1641 6.633842e-05
1642 6.621379e-05
1643 6.608948e-05
1644 6.596549e-05
1645 6.584181e-05
1646 6.571846e-05
1647 6.559542e-05
1648 6.547271e-05
1649 6.535032e-05
1650 6.522825e-05
1651 6.510652e-05
1652 6.498510e-05
1653 6.486402e-05
1654 6.474327e-05
1655 6.462285e-05
1656 6.450276e-05
1657 6.438301e-05
1658 6.426360e-05
1659 6.414452e-05
1660 6.402578e-05
1661 6.390738e-05
1662 6.378932e-05
1663 6.367161e-05
1664 6.355424e-05
1665 6.343722e-05
1666 6.332054e-05
1667 6.320422e-05
1668 6.308824e-05
1669 6.297262e-05
1670 6.285735e-05
1671 6.274243e-05
1672 6.262787e-05
1673 6.251367e-05
1674 6.239983e-05
1675 6.228635e-05
1676 6.217323e-05
1677 6.206048e-05
1678 6.194809e-05
1679 6.183607e-05
1680 6.172441e-05
1681 6.161313e-05
1682 6.150221e-05
1683 6.139167e-05
1684 6.128150e-05
1685 6.117171e-05
1686 6.106229e-05
1687 6.095326e-05
1688 6.084460e-05
1689 6.073632e-05
1690 6.062843e-05
1691 6.052092e-05
1692 6.041379e-05
1693 6.030706e-05
1694 6.020071e-05
1695 6.009475e-05
1696 5.998918e-05
1697 5.988401e-05
1698 5.977923e-05
1699 5.967485e-05
1700 5.957086e-05
1701 5.946728e-05
1702 5.936409e-05
1703 5.926130e-05
1704 5.915892e-05
1705 5.905694e-05
1706 5.895537e-05
1707 5.885421e-05
1708 5.875345e-05
1709 5.865311e-05
1710 5.855317e-05
1711 5.845365e-05
1712 5.835455e-05
1713 5.825586e-05
1714 5.815759e-05
1715 5.805974e-05
1716 5.796230e-05
1717 5.786529e-05
1718 5.776870e-05
1719 5.767254e-05
1720 5.757681e-05
1721 5.748150e-05
1722 5.738661e-05
1723 5.729216e-05
1724 5.719814e-05
1725 5.710456e-05
1726 5.701141e-05
1727 5.691869e-05
1728 5.682641e-05
1729 5.673457e-05
1730 5.664317e-05
1731 5.655221e-05
1732 5.646169e-05
1733 5.637162e-05
1734 5.628199e-05
1735 5.619281e-05
1736 5.610408e-05
1737 5.601579e-05
1738 5.592796e-05
1739 5.584058e-05
1740 5.575365e-05
1741 5.566717e-05
1742 5.558115e-05
1743 5.549559e-05
1744 5.541049e-05
1745 5.532585e-05
1746 5.524166e-05
1747 5.515794e-05
1748 5.507469e-05
1749 5.499189e-05
1750 5.490957e-05
1751 5.482771e-05
1752 5.474632e-05
1753 5.466540e-05
1754 5.458494e-05
1755 5.450497e-05
1756 5.442546e-05
1757 5.434643e-05
1758 5.426788e-05
1759 5.418980e-05
1760 5.411220e-05
1761 5.403508e-05
1762 5.395844e-05
1763 5.388228e-05
1764 5.380660e-05
1765 5.373141e-05
1766 5.365670e-05
1767 5.358248e-05
1768 5.350875e-05
1769 5.343550e-05
1770 5.336274e-05
1771 5.329048e-05
1772 5.321870e-05
1773 5.314742e-05
1774 5.307663e-05
1775 5.300634e-05
1776 5.293654e-05
1777 5.286724e-05
1778 5.279844e-05
1779 5.273013e-05
1780 5.266233e-05
1781 5.259502e-05
1782 5.252822e-05
1783 5.246192e-05
1784 5.239612e-05
1785 5.233083e-05
1786 5.226605e-05
1787 5.220177e-05
1788 5.213800e-05
1789 5.207473e-05
1790 5.201198e-05
1791 5.194973e-05
1792 5.188800e-05
1793 5.182678e-05
1794 5.176607e-05
1795 5.170587e-05
1796 5.164619e-05
1797 5.158703e-05
1798 5.152838e-05
1799 5.147025e-05
1800 5.141263e-05
1801 5.135553e-05
1802 5.129896e-05
1803 5.124290e-05
1804 5.118736e-05
1805 5.113234e-05
1806 5.107785e-05
1807 5.102388e-05
1808 5.097043e-05
1809 5.091750e-05
1810 5.086510e-05
1811 5.081323e-05
1812 5.076188e-05
1813 5.071106e-05
1814 5.066076e-05
1815 5.061100e-05
1816 5.056176e-05
1817 5.051305e-05
1818 5.046487e-05
1819 5.041722e-05
1820 5.037010e-05
1821 5.032351e-05
1822 5.027745e-05
1823 5.023193e-05
1824 5.018693e-05
1825 5.014247e-05
1826 5.009855e-05
1827 5.005515e-05
1828 5.001230e-05
1829 4.996997e-05
1830 4.992818e-05
1831 4.988693e-05
1832 4.984621e-05
1833 4.980603e-05
1834 4.976638e-05
1835 4.972727e-05
1836 4.968870e-05
1837 4.965066e-05
1838 4.961316e-05
1839 4.957620e-05
1840 4.953978e-05
1841 4.950389e-05
1842 4.946854e-05
1843 4.943374e-05
1844 4.939946e-05
1845 4.936573e-05
1846 4.933254e-05
1847 4.929989e-05
1848 4.926777e-05
1849 4.923619e-05
1850 4.920516e-05
1851 4.917466e-05
1852 4.914470e-05
1853 4.911528e-05
1854 4.908640e-05
1855 4.905806e-05
1856 4.903025e-05
1857 4.900299e-05
1858 4.897626e-05
1859 4.895008e-05
1860 4.892443e-05
1861 4.889932e-05
1862 4.887475e-05
1863 4.885072e-05
1864 4.882722e-05
1865 4.880426e-05
1866 4.878184e-05
1867 4.875996e-05
1868 4.873861e-05
1869 4.871780e-05
1870 4.869753e-05
1871 4.867779e-05
1872 4.865859e-05
1873 4.863992e-05
1874 4.862179e-05
1875 4.860419e-05
1876 4.858713e-05
1877 4.857060e-05
1878 4.855460e-05
1879 4.853914e-05
1880 4.852421e-05
1881 4.850980e-05
1882 4.849593e-05
1883 4.848260e-05
1884 4.846979e-05
1885 4.845750e-05
1886 4.844575e-05
1887 4.843453e-05
1888 4.842383e-05
1889 4.841366e-05
1890 4.840401e-05
1891 4.839489e-05
1892 4.838630e-05
1893 4.837823e-05
1894 4.837068e-05
1895 4.836365e-05
1896 4.835714e-05
1897 4.835115e-05
1898 4.834569e-05
1899 4.834074e-05
1900 4.833630e-05
1901 4.833239e-05
1902 4.832899e-05
1903 4.832610e-05
1904 4.832373e-05
1905 4.832187e-05
1906 4.832052e-05
1907 4.831968e-05
1908 4.831935e-05
1909 4.831952e-05
1910 4.832021e-05
1911 4.832140e-05
1912 4.832309e-05
1913 4.832529e-05
1914 4.832798e-05
1915 4.833118e-05
1916 4.833488e-05
1917 4.833908e-05
1918 4.834377e-05
1919 4.834895e-05
1920 4.835463e-05
1921 4.836081e-05
1922 4.836747e-05
1923 4.837462e-05
1924 4.838226e-05
1925 4.839039e-05
1926 4.839900e-05
1927 4.840809e-05
1928 4.841766e-05
1929 4.842772e-05
1930 4.843825e-05
1931 4.844926e-05
1932 4.846074e-05
1933 4.847270e-05
1934 4.848513e-05
1935 4.849802e-05
1936 4.851139e-05
1937 4.852522e-05
1938 4.853951e-05
1939 4.855427e-05
1940 4.856948e-05
1941 4.858516e-05
1942 4.860128e-05
1943 4.861787e-05
1944 4.863490e-05
1945 4.865239e-05
1946 4.867032e-05
1947 4.868870e-05
1948 4.870752e-05
1949 4.872679e-05
1950 4.874649e-05
1951 4.876663e-05
1952 4.878721e-05
1953 4.880822e-05
1954 4.882965e-05
1955 4.885152e-05
1956 4.887381e-05
1957 4.889652e-05
1958 4.891966e-05
1959 4.894321e-05
1960 4.896718e-05
1961 4.899156e-05
1962 4.901635e-05
1963 4.904155e-05
1964 4.906716e-05
1965 4.909317e-05
1966 4.911958e-05
1967 4.914638e-05
1968 4.917358e-05
1969 4.920118e-05
1970 4.922916e-05
1971 4.925753e-05
1972 4.928628e-05
1973 4.931541e-05
1974 4.934492e-05
1975 4.937481e-05
1976 4.940507e-05
1977 4.943569e-05
1978 4.946669e-05
1979 4.949804e-05
1980 4.952976e-05
1981 4.956183e-05
1982 4.959426e-05
1983 4.962703e-05
1984 4.966016e-05
1985 4.969362e-05
1986 4.972743e-05
1987 4.976158e-05
1988 4.979606e-05
1989 4.983087e-05
1990 4.986601e-05
1991 4.990147e-05
1992 4.993725e-05
1993 4.997335e-05
1994 5.000976e-05
1995 5.004649e-05
1996 5.008352e-05
1997 5.012085e-05
1998 5.015848e-05
1999 5.019640e-05
2000 5.023462e-05
2001 5.027313e-05
