2.305014304493034160e+03
1.858804036047200498e+03
1.903128680708153524e+03
2.295145712151394491e+03
2.506737495593652056e+03
2.404125260513649209e+03
1.897400863251046985e+03
1.350363176384019653e+03
1.079605484392819335e+03
1.090793592900980002e+03
1.217448423889969490e+03
1.204347444035323861e+03
1.043309530605999271e+03
8.463172347616138040e+02
7.273198088047442980e+02
7.517076263575785333e+02
8.013107160388545935e+02
7.939967810992957311e+02
6.950413957992710721e+02
5.331796441512815363e+02
4.260496201620003376e+02
3.902264163616823112e+02
3.922700215284845058e+02
3.883210426295919433e+02
3.565780716247326723e+02
2.941422754321095567e+02
2.579496511707282593e+02
2.353568312254658679e+02
2.294989804329682386e+02
2.186685727371651069e+02
1.593581508613403912e+02
1.191022944304445303e+02
1.087628970720054298e+02
8.459147297288144784e+01
6.282830955603645862e+01
3.968355939179087244e+01
2.575219303002054616e+01
1.327684509554068093e+01
5.616415049620922417e+00
1.383294660798060294e+00
8.028186217468324948e-01
-1.104862366281605945e+00
-1.691050883480345268e+00
-2.123548610026427585e+00
-2.256947578833078172e+00
3.722489612625460609e+01
-1.412250464649704540e+01
-8.794801117677207003e+01
-1.325783666655875663e+02
-8.547236315062085055e+01
-1.441170742304584751e+00
5.704148878121288391e+01
3.590618655204547593e+01
-2.284501146760458568e+01
-6.988398808309655408e+01
-6.750438662299399084e+01
-2.820180267834017585e+01
1.871591673930784738e+00
-2.487684471476737880e+00
-3.319778487612319395e+01
-5.589579817142517726e+01
-5.305197032514023192e+01
-2.810016672390633019e+01
-2.127143424208505884e+00
5.354403539349550378e+00
-8.283227974562800355e+00
-2.416406612783054086e+01
-2.860852325084293213e+01
-2.016898889924207339e+01
-1.040304601807934226e+01
-4.765271325431380767e+00
-8.411239992210465033e+00
-1.590758862621765246e+01
-1.717642567949761556e+01
-1.135124112035926913e+01
-3.865494484981116141e+00
-7.382719333378339854e+00
-6.601262505126832103e+00
-3.471485094726166842e+00
-4.007559005307250288e+00
-1.730217176476614771e+00
-1.568401457111035180e+00
-6.666884314554024638e-01
-9.304189535483775586e-02
-2.449270254771175326e-01
-4.271696914905699360e-01
4.980289379167228692e-01
-1.399734056789718739e+00
-4.481647967530152377e-01
-9.571186391680627237e-01
2.007460996323905533e+01
3.236415671766479818e+01
3.611281427361017649e+01
2.799958705153062866e+01
1.556377133443636929e+01
1.377438640590473007e+01
2.416283799666585352e+01
3.724426371268830138e+01
4.082952685300865880e+01
3.297579978093624220e+01
1.993498539606867581e+01
1.327029284836142864e+01
1.801249392934209581e+01
2.602251160315066514e+01
3.010787229074542637e+01
2.580164569249970441e+01
1.765494331995496680e+01
1.204978762151998772e+01
1.344343439362847015e+01
1.783678102536938326e+01
2.064963170275325055e+01
1.921566557305111900e+01
1.393648025905221566e+01
9.297315417924393088e+00
8.435980834174587883e+00
8.952905132998617788e+00
1.047102864281344914e+01
1.101909142912366768e+01
8.342655569972885488e+00
6.211915370219529997e+00
5.873912853762178088e+00
5.703616371947592967e+00
3.715396975682964342e+00
3.047556908859874625e+00
2.397576352826451096e+00
1.504044578520674635e+00
1.163664735886016377e+00
3.953338423171894878e-01
2.545179395675818967e-01
2.500208353353662941e-02
-7.665714561819984008e-01
-5.547951995341424691e-01
-6.033658849049102768e-01
-3.368751305101593818e-01
1.319097178082332678e-01
