0 0.000000e+00 8.076874e-07
1 0.000000e+00 8.076874e-07
2 0.000000e+00 8.076874e-07
3 0.000000e+00 1.509880e-06
4 0.000000e+00 2.238089e-06
5 0.000000e+00 2.987899e-06
6 0.000000e+00 3.755319e-06
7 0.000000e+00 4.536756e-06
8 0.000000e+00 5.329002e-06
9 0.000000e+00 6.129209e-06
10 0.000000e+00 6.934870e-06
11 0.000000e+00 7.743799e-06
12 0.000000e+00 8.554112e-06
13 0.000000e+00 9.364203e-06
14 0.000000e+00 1.017273e-05
15 0.000000e+00 1.097858e-05
16 0.000000e+00 1.178088e-05
17 0.000000e+00 1.257893e-05
18 0.000000e+00 1.337223e-05
19 0.000000e+00 1.416044e-05
20 0.000000e+00 1.494334e-05
21 0.000000e+00 1.572085e-05
22 0.000000e+00 1.649296e-05
23 0.000000e+00 1.725976e-05
24 0.000000e+00 1.802141e-05
25 0.000000e+00 1.877807e-05
26 0.000000e+00 1.952995e-05
27 0.000000e+00 2.027723e-05
28 0.000000e+00 2.102010e-05
29 0.000000e+00 2.175867e-05
30 0.000000e+00 2.249301e-05
31 0.000000e+00 2.322310e-05
32 0.000000e+00 2.394881e-05
33 0.000000e+00 2.466990e-05
34 0.000000e+00 2.538597e-05
35 0.000000e+00 2.609655e-05
36 0.000000e+00 2.680105e-05
37 0.000000e+00 2.749886e-05
38 0.000000e+00 2.818933e-05
39 0.000000e+00 2.887187e-05
40 0.000000e+00 2.954590e-05
41 0.000000e+00 3.021095e-05
42 0.000000e+00 3.086665e-05
43 0.000000e+00 3.151280e-05
44 0.000000e+00 3.214936e-05
45 0.000000e+00 3.277641e-05
46 0.000000e+00 3.339420e-05
47 0.000000e+00 3.400302e-05
48 0.000000e+00 3.460323e-05
49 0.000000e+00 3.519520e-05
50 0.000000e+00 3.577929e-05
51 0.000000e+00 3.635581e-05
52 0.000000e+00 3.692498e-05
53 0.000000e+00 3.748692e-05
54 0.000000e+00 3.804160e-05
55 0.000000e+00 3.858887e-05
56 0.000000e+00 3.912849e-05
57 0.000000e+00 3.966016e-05
58 0.000000e+00 4.018350e-05
59 0.000000e+00 4.069814e-05
60 0.000000e+00 4.120372e-05
61 0.000000e+00 4.169989e-05
62 0.000000e+00 4.218637e-05
63 0.000000e+00 4.266297e-05
64 0.000000e+00 4.312959e-05
65 0.000000e+00 4.358624e-05
66 0.000000e+00 4.403297e-05
67 0.000000e+00 4.446991e-05
68 0.000000e+00 4.489725e-05
69 0.000000e+00 4.531517e-05
70 0.000000e+00 4.572386e-05
71 0.000000e+00 4.612351e-05
72 0.000000e+00 4.651427e-05
73 0.000000e+00 4.689626e-05
74 0.000000e+00 4.726951e-05
75 0.000000e+00 4.763402e-05
76 0.000000e+00 4.798974e-05
77 0.000000e+00 4.833659e-05
78 0.000000e+00 4.867446e-05
79 0.000000e+00 4.900324e-05
80 0.000000e+00 4.932282e-05
81 0.000000e+00 4.963307e-05
82 0.000000e+00 4.993393e-05
83 0.000000e+00 5.022534e-05
84 0.000000e+00 5.050729e-05
85 0.000000e+00 5.077980e-05
86 0.000000e+00 5.104293e-05
87 0.000000e+00 5.129675e-05
88 0.000000e+00 5.154139e-05
89 0.000000e+00 5.177695e-05
90 0.000000e+00 5.200355e-05
91 0.000000e+00 5.222134e-05
92 0.000000e+00 5.243044e-05
93 0.000000e+00 5.263096e-05
94 0.000000e+00 5.282303e-05
95 0.000000e+00 5.300673e-05
96 0.000000e+00 5.318215e-05
97 0.000000e+00 5.334939e-05
98 0.000000e+00 5.350850e-05
99 0.000000e+00 5.365958e-05
100 0.000000e+00 5.380268e-05
101 0.000000e+00 5.393790e-05
102 0.000000e+00 5.406531e-05
103 0.000000e+00 5.418499e-05
104 0.000000e+00 5.429704e-05
105 0.000000e+00 5.440157e-05
106 0.000000e+00 5.449869e-05
107 0.000000e+00 5.458851e-05
108 0.000000e+00 5.467116e-05
109 0.000000e+00 5.474677e-05
110 0.000000e+00 5.481548e-05
111 0.000000e+00 5.487745e-05
112 0.000000e+00 5.493282e-05
113 0.000000e+00 5.498175e-05
114 0.000000e+00 5.502441e-05
115 0.000000e+00 5.506097e-05
116 0.000000e+00 5.509159e-05
117 0.000000e+00 5.511647e-05
118 0.000000e+00 5.513578e-05
119 0.000000e+00 5.514971e-05
120 0.000000e+00 5.515846e-05
121 0.000000e+00 5.516223e-05
122 0.000000e+00 5.516120e-05
123 0.000000e+00 5.515559e-05
124 0.000000e+00 5.514559e-05
125 0.000000e+00 5.513143e-05
126 0.000000e+00 5.511329e-05
127 0.000000e+00 5.509141e-05
128 0.000000e+00 5.506599e-05
129 0.000000e+00 5.503725e-05
130 0.000000e+00 5.500539e-05
131 0.000000e+00 5.497065e-05
132 0.000000e+00 5.493323e-05
133 0.000000e+00 5.489335e-05
134 0.000000e+00 5.485124e-05
135 0.000000e+00 5.480710e-05
136 0.000000e+00 5.476115e-05
137 0.000000e+00 5.471361e-05
138 0.000000e+00 5.466470e-05
139 0.000000e+00 5.461463e-05
140 0.000000e+00 5.456362e-05
141 0.000000e+00 5.451188e-05
142 0.000000e+00 5.445963e-05
143 0.000000e+00 5.440708e-05
144 0.000000e+00 5.435444e-05
145 0.000000e+00 5.430194e-05
146 0.000000e+00 5.424978e-05
147 0.000000e+00 5.419817e-05
148 0.000000e+00 5.414733e-05
149 0.000000e+00 5.409747e-05
150 0.000000e+00 5.404879e-05
151 0.000000e+00 5.400152e-05
152 0.000000e+00 5.395585e-05
153 0.000000e+00 5.391199e-05
154 0.000000e+00 5.387016e-05
155 0.000000e+00 5.383056e-05
156 0.000000e+00 5.379339e-05
157 0.000000e+00 5.375887e-05
158 0.000000e+00 5.372718e-05
159 0.000000e+00 5.369855e-05
160 0.000000e+00 5.367316e-05
161 0.000000e+00 5.365122e-05
162 0.000000e+00 5.363293e-05
163 0.000000e+00 5.361849e-05
164 0.000000e+00 5.360810e-05
165 0.000000e+00 5.360195e-05
166 0.000000e+00 5.360023e-05
167 0.000000e+00 5.360315e-05
168 0.000000e+00 5.361088e-05
169 0.000000e+00 5.362363e-05
170 0.000000e+00 5.364157e-05
171 0.000000e+00 5.366490e-05
172 0.000000e+00 5.369380e-05
173 0.000000e+00 5.372844e-05
174 0.000000e+00 5.376901e-05
175 0.000000e+00 5.381568e-05
176 0.000000e+00 5.386862e-05
177 0.000000e+00 5.392799e-05
178 0.000000e+00 5.399398e-05
179 0.000000e+00 5.406673e-05
180 0.000000e+00 5.414642e-05
181 0.000000e+00 5.423318e-05
182 0.000000e+00 5.432717e-05
183 0.000000e+00 5.442855e-05
184 0.000000e+00 5.453745e-05
185 0.000000e+00 5.465401e-05
186 0.000000e+00 5.477836e-05
187 0.000000e+00 5.491064e-05
188 0.000000e+00 5.505097e-05
189 0.000000e+00 5.519946e-05
190 0.000000e+00 5.535624e-05
191 0.000000e+00 5.552141e-05
192 0.000000e+00 5.569508e-05
193 0.000000e+00 5.587734e-05
194 0.000000e+00 5.606829e-05
195 0.000000e+00 5.626802e-05
196 0.000000e+00 5.647660e-05
197 0.000000e+00 5.669411e-05
198 0.000000e+00 5.692062e-05
199 0.000000e+00 5.715621e-05
200 0.000000e+00 5.740091e-05
201 0.000000e+00 5.765481e-05
202 0.000000e+00 5.791793e-05
203 0.000000e+00 5.819032e-05
204 0.000000e+00 5.847204e-05
205 0.000000e+00 5.876309e-05
206 0.000000e+00 5.906353e-05
207 0.000000e+00 5.937336e-05
208 0.000000e+00 5.969262e-05
209 0.000000e+00 6.002131e-05
210 0.000000e+00 6.035944e-05
211 0.000000e+00 6.070702e-05
212 0.000000e+00 6.106404e-05
213 0.000000e+00 6.143051e-05
214 0.000000e+00 6.180641e-05
215 0.000000e+00 6.219173e-05
216 0.000000e+00 6.258646e-05
217 0.000000e+00 6.299056e-05
218 0.000000e+00 6.340401e-05
219 0.000000e+00 6.382679e-05
220 0.000000e+00 6.425885e-05
221 0.000000e+00 6.470015e-05
222 0.000000e+00 6.515066e-05
223 0.000000e+00 6.561033e-05
224 0.000000e+00 6.607910e-05
225 0.000000e+00 6.655691e-05
226 0.000000e+00 6.704371e-05
227 0.000000e+00 6.753944e-05
228 0.000000e+00 6.804402e-05
229 0.000000e+00 6.855738e-05
230 0.000000e+00 6.907945e-05
231 0.000000e+00 6.961013e-05
232 0.000000e+00 7.014935e-05
233 0.000000e+00 7.069702e-05
234 0.000000e+00 7.125303e-05
235 0.000000e+00 7.181728e-05
236 0.000000e+00 7.238966e-05
237 0.000000e+00 7.297007e-05
238 0.000000e+00 7.355839e-05
239 0.000000e+00 7.415449e-05
240 0.000000e+00 7.475824e-05
241 0.000000e+00 7.536950e-05
242 0.000000e+00 7.598814e-05
243 0.000000e+00 7.661402e-05
244 0.000000e+00 7.724697e-05
245 0.000000e+00 7.788684e-05
246 0.000000e+00 7.853346e-05
247 0.000000e+00 7.918667e-05
248 0.000000e+00 7.984629e-05
249 0.000000e+00 8.051212e-05
250 0.000000e+00 8.118399e-05
251 0.000000e+00 8.186169e-05
252 0.000000e+00 8.254502e-05
253 0.000000e+00 8.323377e-05
254 0.000000e+00 8.392772e-05
255 0.000000e+00 8.462665e-05
256 0.000000e+00 8.533032e-05
257 0.000000e+00 8.603850e-05
258 0.000000e+00 8.675095e-05
259 0.000000e+00 8.746741e-05
260 0.000000e+00 8.818765e-05
261 0.000000e+00 8.891139e-05
262 0.000000e+00 8.963839e-05
263 0.000000e+00 9.036837e-05
264 0.000000e+00 9.110108e-05
265 0.000000e+00 9.183623e-05
266 0.000000e+00 9.257356e-05
267 0.000000e+00 9.331279e-05
268 0.000000e+00 9.405365e-05
269 0.000000e+00 9.479586e-05
270 0.000000e+00 9.553914e-05
271 0.000000e+00 9.628321e-05
272 0.000000e+00 9.702779e-05
273 0.000000e+00 9.777260e-05
274 0.000000e+00 9.851737e-05
275 0.000000e+00 9.926181e-05
276 0.000000e+00 1.000057e-04
277 0.000000e+00 1.007486e-04
278 0.000000e+00 1.014905e-04
279 0.000000e+00 1.022309e-04
280 0.000000e+00 1.029696e-04
281 0.000000e+00 1.037064e-04
282 0.000000e+00 1.044409e-04
283 0.000000e+00 1.051730e-04
284 0.000000e+00 1.059024e-04
285 0.000000e+00 1.066288e-04
286 0.000000e+00 1.073520e-04
287 0.000000e+00 1.080718e-04
288 0.000000e+00 1.087879e-04
289 0.000000e+00 1.095000e-04
290 0.000000e+00 1.102081e-04
291 0.000000e+00 1.109117e-04
292 0.000000e+00 1.116108e-04
293 0.000000e+00 1.123050e-04
294 0.000000e+00 1.129943e-04
295 0.000000e+00 1.136783e-04
296 0.000000e+00 1.143569e-04
297 0.000000e+00 1.150298e-04
298 0.000000e+00 1.156969e-04
299 0.000000e+00 1.163580e-04
300 1.158548e-14 1.170128e-04
301 1.158548e-14 1.176613e-04
302 1.158548e-14 1.183031e-04
303 1.158548e-14 1.189381e-04
304 1.158548e-14 1.195662e-04
305 1.160822e-14 1.201872e-04
306 1.165370e-14 1.208008e-04
307 1.169918e-14 1.214069e-04
308 1.174466e-14 1.220053e-04
309 1.179014e-14 1.225959e-04
310 1.183563e-14 1.231786e-04
311 1.188111e-14 1.237530e-04
312 1.192659e-14 1.243191e-04
313 1.197207e-14 1.248768e-04
314 1.201755e-14 1.254257e-04
315 1.203543e-14 1.259659e-04
316 1.202570e-14 1.264972e-04
317 1.201597e-14 1.270193e-04
318 1.200623e-14 1.275322e-04
319 1.199650e-14 1.280357e-04
320 1.198677e-14 1.285296e-04
321 1.197704e-14 1.290139e-04
322 1.196731e-14 1.294883e-04
323 1.195758e-14 1.299528e-04
324 1.194785e-14 1.304073e-04
325 1.190697e-14 1.308515e-04
326 1.183494e-14 1.312853e-04
327 1.176292e-14 1.317087e-04
328 1.169089e-14 1.321216e-04
329 1.161887e-14 1.325237e-04
330 1.154684e-14 1.329150e-04
331 1.147482e-14 1.332955e-04
332 1.140279e-14 1.336649e-04
333 1.133077e-14 1.340232e-04
334 1.125874e-14 1.343703e-04
335 1.115244e-14 1.347061e-04
336 1.101185e-14 1.350305e-04
337 1.087126e-14 1.353435e-04
338 1.073068e-14 1.356449e-04
339 1.059009e-14 1.359347e-04
340 1.044950e-14 1.362128e-04
341 1.030892e-14 1.364791e-04
342 1.016833e-14 1.367337e-04
343 1.002775e-14 1.369764e-04
344 9.887159e-15 1.372072e-04
345 9.712008e-15 1.374260e-04
346 9.502293e-15 1.376328e-04
347 9.292578e-15 1.378276e-04
348 9.082863e-15 1.380104e-04
349 8.873149e-15 1.381811e-04
350 8.663434e-15 1.383396e-04
351 8.453719e-15 1.384861e-04
352 8.244004e-15 1.386205e-04
353 8.034289e-15 1.387427e-04
354 7.824574e-15 1.388529e-04
355 7.581618e-15 1.389509e-04
356 7.305422e-15 1.390368e-04
357 7.029225e-15 1.391107e-04
358 6.753029e-15 1.391725e-04
359 6.476833e-15 1.392224e-04
360 6.200636e-15 1.392602e-04
361 5.924440e-15 1.392861e-04
362 5.648244e-15 1.393001e-04
363 5.372047e-15 1.393023e-04
364 5.095851e-15 1.392927e-04
365 4.788460e-15 1.392714e-04
366 4.449876e-15 1.392385e-04
367 4.111292e-15 1.391940e-04
368 3.772708e-15 1.391380e-04
369 3.434123e-15 1.390706e-04
370 3.095539e-15 1.389919e-04
371 2.756955e-15 1.389020e-04
372 2.418370e-15 1.388010e-04
373 2.079786e-15 1.386890e-04
374 1.741202e-15 1.385661e-04
375 1.371982e-15 1.384324e-04
376 9.721265e-16 1.382882e-04
377 5.722712e-16 1.381334e-04
378 1.724159e-16 1.379683e-04
379 -2.274395e-16 1.377929e-04
380 -6.272948e-16 1.376075e-04
381 -1.027150e-15 1.374122e-04
382 -1.427005e-15 1.372071e-04
383 -1.826861e-15 1.369924e-04
384 -2.226716e-15 1.367683e-04
385 -2.676184e-15 1.365350e-04
386 -3.175264e-15 1.362925e-04
387 -3.674344e-15 1.360411e-04
388 -4.173424e-15 1.357810e-04
389 -4.672505e-15 1.355124e-04
390 -5.171585e-15 1.352354e-04
391 -5.670665e-15 1.349502e-04
392 -6.169745e-15 1.346571e-04
393 -6.668825e-15 1.343562e-04
394 -7.167905e-15 1.340477e-04
395 -7.659779e-15 1.337319e-04
396 -8.144446e-15 1.334089e-04
397 -8.629112e-15 1.330790e-04
398 -9.113779e-15 1.327424e-04
399 -9.598445e-15 1.323992e-04
400 -1.008311e-14 1.320497e-04
401 -1.056778e-14 1.316941e-04
402 -1.105245e-14 1.313326e-04
403 -1.153711e-14 1.309655e-04
404 -1.202178e-14 1.305929e-04
405 -1.242068e-14 1.302152e-04
406 -1.273381e-14 1.298324e-04
407 -1.304694e-14 1.294449e-04
408 -1.336007e-14 1.290528e-04
409 -1.367319e-14 1.286565e-04
410 -1.398632e-14 1.282560e-04
411 -1.429945e-14 1.278517e-04
412 -1.461258e-14 1.274438e-04
413 -1.492571e-14 1.270325e-04
414 -1.523884e-14 1.266181e-04
415 -1.543881e-14 1.262007e-04
416 -1.552562e-14 1.257806e-04
417 -1.561244e-14 1.253581e-04
418 -1.569925e-14 1.249334e-04
419 -1.578606e-14 1.245066e-04
420 -1.587287e-14 1.240782e-04
421 -1.595969e-14 1.236482e-04
422 -1.604650e-14 1.232170e-04
423 -1.613331e-14 1.227847e-04
424 -1.622012e-14 1.223517e-04
425 -1.619103e-14 1.219181e-04
426 -1.604604e-14 1.214842e-04
427 -1.590106e-14 1.210503e-04
428 -1.575607e-14 1.206165e-04
429 -1.561108e-14 1.201832e-04
430 -1.546609e-14 1.197505e-04
431 -1.532110e-14 1.193188e-04
432 -1.517611e-14 1.188882e-04
433 -1.503113e-14 1.184590e-04
434 -1.488614e-14 1.180315e-04
435 -1.466998e-14 1.176059e-04
436 -1.438265e-14 1.171824e-04
437 -1.409533e-14 1.167613e-04
438 -1.380800e-14 1.163428e-04
439 -1.352067e-14 1.159272e-04
440 -1.323335e-14 1.155148e-04
441 -1.294602e-14 1.151057e-04
442 -1.265870e-14 1.147002e-04
443 -1.237137e-14 1.142986e-04
444 -1.208404e-14 1.139010e-04
445 -1.174361e-14 1.135078e-04
446 -1.135006e-14 1.131192e-04
447 -1.095651e-14 1.127354e-04
448 -1.056297e-14 1.123567e-04
449 -1.016942e-14 1.119832e-04
450 -9.775874e-15 1.116153e-04
451 -9.382327e-15 1.112532e-04
452 -8.988780e-15 1.108970e-04
453 -8.595234e-15 1.105471e-04
454 -8.201687e-15 1.102037e-04
455 -7.769585e-15 1.098669e-04
456 -7.298929e-15 1.095371e-04
457 -6.828272e-15 1.092143e-04
458 -6.357616e-15 1.088990e-04
459 -5.886959e-15 1.085912e-04
460 -5.416303e-15 1.082912e-04
461 -4.945646e-15 1.079992e-04
462 -4.474990e-15 1.077154e-04
463 -4.004334e-15 1.074401e-04
464 -3.533677e-15 1.071734e-04
465 -3.038849e-15 1.069155e-04
466 -2.519849e-15 1.066667e-04
467 -2.000849e-15 1.064270e-04
468 -1.481849e-15 1.061969e-04
469 -9.628486e-16 1.059763e-04
470 -4.438485e-16 1.057655e-04
471 7.515158e-17 1.055647e-04
472 5.941517e-16 1.053741e-04
473 1.113152e-15 1.051938e-04
474 1.632152e-15 1.050240e-04
475 2.161067e-15 1.048649e-04
476 2.699897e-15 1.047166e-04
477 3.238728e-15 1.045793e-04
478 3.777558e-15 1.044531e-04
479 4.316388e-15 1.043383e-04
480 4.855218e-15 1.042349e-04
481 5.394049e-15 1.041430e-04
482 5.932879e-15 1.040629e-04
483 6.471709e-15 1.039946e-04
484 7.010539e-15 1.039383e-04
485 7.545739e-15 1.038940e-04
486 8.077306e-15 1.038620e-04
487 8.608874e-15 1.038422e-04
488 9.140442e-15 1.038348e-04
489 9.672010e-15 1.038399e-04
490 1.020358e-14 1.038576e-04
491 1.073515e-14 1.038880e-04
492 1.126671e-14 1.039311e-04
493 1.179828e-14 1.039870e-04
494 1.232985e-14 1.040558e-04
495 1.284623e-14 1.041376e-04
496 1.334743e-14 1.042323e-04
497 1.384863e-14 1.043400e-04
498 1.434982e-14 1.044608e-04
499 1.485102e-14 1.045947e-04
500 1.535222e-14 1.047417e-04
501 1.585341e-14 1.049019e-04
502 1.635461e-14 1.050752e-04
503 1.685581e-14 1.052617e-04
504 1.735700e-14 1.054613e-04
505 1.783288e-14 1.056741e-04
506 1.828342e-14 1.059001e-04
507 1.873397e-14 1.061392e-04
508 1.918452e-14 1.063914e-04
509 1.963506e-14 1.066567e-04
510 2.008561e-14 1.069350e-04
511 2.053616e-14 1.072264e-04
512 2.098670e-14 1.075308e-04
513 2.143725e-14 1.078480e-04
514 2.188780e-14 1.081782e-04
515 2.230465e-14 1.085212e-04
516 2.268780e-14 1.088769e-04
517 2.307095e-14 1.092453e-04
518 2.345410e-14 1.096263e-04
519 2.383725e-14 1.100198e-04
520 2.422040e-14 1.104258e-04
521 2.460355e-14 1.108442e-04
522 2.498670e-14 1.112748e-04
523 2.536985e-14 1.117176e-04
524 2.575300e-14 1.121724e-04
525 2.609360e-14 1.126392e-04
526 2.639167e-14 1.131179e-04
527 2.668973e-14 1.136083e-04
528 2.698779e-14 1.141103e-04
529 2.728586e-14 1.146237e-04
530 2.758392e-14 1.151486e-04
531 2.788198e-14 1.156846e-04
532 2.818005e-14 1.162318e-04
533 2.847811e-14 1.167899e-04
534 2.877617e-14 1.173587e-04
535 2.902490e-14 1.179383e-04
536 2.922427e-14 1.185283e-04
537 2.942365e-14 1.191286e-04
538 2.962303e-14 1.197391e-04
539 2.982241e-14 1.203596e-04
540 3.002178e-14 1.209899e-04
541 3.022116e-14 1.216299e-04
542 3.042054e-14 1.222793e-04
543 3.061992e-14 1.229380e-04
544 3.081929e-14 1.236058e-04
545 3.095957e-14 1.242825e-04
546 3.104073e-14 1.249679e-04
547 3.112189e-14 1.256618e-04
548 3.120306e-14 1.263640e-04
549 3.128422e-14 1.270743e-04
550 3.136538e-14 1.277924e-04
551 3.144655e-14 1.285182e-04
552 3.152771e-14 1.292515e-04
553 3.160888e-14 1.299920e-04
554 3.169004e-14 1.307394e-04
555 3.170362e-14 1.314936e-04
556 3.164962e-14 1.322543e-04
557 3.159561e-14 1.330213e-04
558 3.154161e-14 1.337943e-04
559 3.148760e-14 1.345731e-04
560 3.143360e-14 1.353575e-04
561 3.137959e-14 1.361471e-04
562 3.132559e-14 1.369418e-04
563 3.127158e-14 1.377413e-04
564 3.121758e-14 1.385453e-04
565 3.108495e-14 1.393535e-04
566 3.087369e-14 1.401657e-04
567 3.066243e-14 1.409817e-04
568 3.045117e-14 1.418011e-04
569 3.023991e-14 1.426237e-04
570 3.002866e-14 1.434492e-04
571 2.981740e-14 1.442773e-04
572 2.960614e-14 1.451078e-04
573 2.939488e-14 1.459404e-04
574 2.918362e-14 1.467748e-04
575 2.888806e-14 1.476107e-04
576 2.850820e-14 1.484478e-04
577 2.812833e-14 1.492859e-04
578 2.774846e-14 1.501247e-04
579 2.736859e-14 1.509638e-04
580 2.698873e-14 1.518031e-04
581 2.660886e-14 1.526422e-04
582 2.622899e-14 1.534807e-04
583 2.584913e-14 1.543186e-04
584 2.546926e-14 1.551554e-04
585 2.500272e-14 1.559908e-04
586 2.444950e-14 1.568246e-04
587 2.389628e-14 1.576565e-04
588 2.334306e-14 1.584862e-04
589 2.278984e-14 1.593134e-04
590 2.223662e-14 1.601378e-04
591 2.168339e-14 1.609592e-04
592 2.113017e-14 1.617772e-04
593 2.057695e-14 1.625916e-04
594 2.002373e-14 1.634021e-04
595 1.938595e-14 1.642083e-04
596 1.866362e-14 1.650101e-04
597 1.794128e-14 1.658071e-04
598 1.721894e-14 1.665990e-04
599 1.649660e-14 1.673857e-04
600 1.577426e-14 1.681667e-04
601 1.505192e-14 1.689418e-04
602 1.432959e-14 1.697108e-04
603 1.360725e-14 1.704734e-04
604 1.288491e-14 1.712293e-04
605 1.208927e-14 1.719782e-04
606 1.122033e-14 1.727199e-04
607 1.035139e-14 1.734541e-04
608 9.482447e-15 1.741806e-04
609 8.613506e-15 1.748991e-04
610 7.744565e-15 1.756093e-04
611 6.875624e-15 1.763110e-04
612 6.006683e-15 1.770039e-04
613 5.137743e-15 1.776878e-04
614 4.268802e-15 1.783625e-04
615 3.346040e-15 1.790277e-04
616 2.369458e-15 1.796832e-04
617 1.392875e-15 1.803287e-04
618 4.162924e-16 1.809641e-04
619 -5.602901e-16 1.815890e-04
620 -1.536873e-15 1.822033e-04
621 -2.513455e-15 1.828068e-04
622 -3.490038e-15 1.833992e-04
623 -4.466620e-15 1.839803e-04
624 -5.443203e-15 1.845500e-04
625 -6.444208e-15 1.851079e-04
626 -7.469636e-15 1.856541e-04
627 -8.495064e-15 1.861881e-04
628 -9.520493e-15 1.867100e-04
629 -1.054592e-14 1.872194e-04
630 -1.157135e-14 1.877162e-04
631 -1.259678e-14 1.882002e-04
632 -1.362220e-14 1.886713e-04
633 -1.464763e-14 1.891294e-04
634 -1.567306e-14 1.895741e-04
635 -1.668769e-14 1.900055e-04
636 -1.769153e-14 1.904234e-04
637 -1.869536e-14 1.908276e-04
638 -1.969919e-14 1.912179e-04
639 -2.070303e-14 1.915944e-04
640 -2.170686e-14 1.919568e-04
641 -2.271070e-14 1.923050e-04
642 -2.371453e-14 1.926390e-04
643 -2.471836e-14 1.929586e-04
644 -2.572220e-14 1.932638e-04
645 -2.667353e-14 1.935544e-04
646 -2.757235e-14 1.938305e-04
647 -2.847117e-14 1.940918e-04
648 -2.936999e-14 1.943384e-04
649 -3.026882e-14 1.945701e-04
650 -3.116764e-14 1.947871e-04
651 -3.206646e-14 1.949891e-04
652 -3.296528e-14 1.951762e-04
653 -3.386411e-14 1.953483e-04
654 -3.476293e-14 1.955054e-04
655 -3.556765e-14 1.956476e-04
656 -3.627826e-14 1.957748e-04
657 -3.698888e-14 1.958869e-04
658 -3.769950e-14 1.959841e-04
659 -3.841012e-14 1.960664e-04
660 -3.912073e-14 1.961337e-04
661 -3.983135e-14 1.961861e-04
662 -4.054197e-14 1.962237e-04
663 -4.125258e-14 1.962465e-04
664 -4.196320e-14 1.962545e-04
665 -4.254339e-14 1.962478e-04
666 -4.299316e-14 1.962265e-04
667 -4.344293e-14 1.961906e-04
668 -4.389269e-14 1.961403e-04
669 -4.434246e-14 1.960756e-04
670 -4.479223e-14 1.959966e-04
671 -4.524199e-14 1.959034e-04
672 -4.569176e-14 1.957961e-04
673 -4.614153e-14 1.956749e-04
674 -4.659129e-14 1.955398e-04
675 -4.688532e-14 1.953910e-04
676 -4.702362e-14 1.952285e-04
677 -4.716191e-14 1.950526e-04
678 -4.730020e-14 1.948633e-04
679 -4.743849e-14 1.946609e-04
680 -4.757678e-14 1.944454e-04
681 -4.771507e-14 1.942170e-04
682 -4.785337e-14 1.939759e-04
683 -4.799166e-14 1.937222e-04
684 -4.812995e-14 1.934561e-04
685 -4.810282e-14 1.931778e-04
686 -4.791026e-14 1.928875e-04
687 -4.771770e-14 1.925853e-04
688 -4.752515e-14 1.922713e-04
689 -4.733259e-14 1.919459e-04
690 -4.714004e-14 1.916092e-04
691 -4.694748e-14 1.912614e-04
692 -4.675493e-14 1.909027e-04
693 -4.656237e-14 1.905333e-04
694 -4.636981e-14 1.901534e-04
695 -4.601218e-14 1.897633e-04
696 -4.548948e-14 1.893631e-04
697 -4.496677e-14 1.889530e-04
698 -4.444406e-14 1.885333e-04
699 -4.392136e-14 1.881043e-04
700 -4.339865e-14 1.876660e-04
701 -4.287594e-14 1.872189e-04
702 -4.235324e-14 1.867630e-04
703 -4.183053e-14 1.862987e-04
704 -4.130783e-14 1.858261e-04
705 -4.063838e-14 1.853456e-04
706 -3.982220e-14 1.848573e-04
707 -3.900602e-14 1.843615e-04
708 -3.818984e-14 1.838585e-04
709 -3.737366e-14 1.833484e-04
710 -3.655747e-14 1.828317e-04
711 -3.574129e-14 1.823084e-04
712 -3.492511e-14 1.817789e-04
713 -3.410893e-14 1.812434e-04
714 -3.329275e-14 1.807022e-04
715 -3.235377e-14 1.801556e-04
716 -3.129199e-14 1.796037e-04
717 -3.023020e-14 1.790469e-04
718 -2.916842e-14 1.784854e-04
719 -2.810664e-14 1.779195e-04
720 -2.704486e-14 1.773494e-04
721 -2.598308e-14 1.767754e-04
722 -2.492130e-14 1.761979e-04
723 -2.385952e-14 1.756169e-04
724 -2.279774e-14 1.750329e-04
725 -2.164163e-14 1.744461e-04
726 -2.039119e-14 1.738567e-04
727 -1.914076e-14 1.732650e-04
728 -1.789033e-14 1.726713e-04
729 -1.663989e-14 1.720759e-04
730 -1.538946e-14 1.714789e-04
731 -1.413902e-14 1.708808e-04
732 -1.288859e-14 1.702816e-04
733 -1.163816e-14 1.696818e-04
734 -1.038772e-14 1.690816e-04
735 -9.072690e-15 1.684812e-04
736 -7.693060e-15 1.678809e-04
737 -6.313429e-15 1.672809e-04
738 -4.933799e-15 1.666816e-04
739 -3.554168e-15 1.660831e-04
740 -2.174538e-15 1.654858e-04
741 -7.949075e-16 1.648899e-04
742 5.847229e-16 1.642956e-04
743 1.964353e-15 1.637033e-04
744 3.343984e-15 1.631131e-04
745 4.760203e-15 1.625252e-04
746 6.213012e-15 1.619401e-04
747 7.665821e-15 1.613578e-04
748 9.118630e-15 1.607787e-04
749 1.057144e-14 1.602029e-04
750 1.202425e-14 1.596308e-04
751 1.347706e-14 1.590625e-04
752 1.492987e-14 1.584983e-04
753 1.638267e-14 1.579384e-04
754 1.783548e-14 1.573830e-04
755 1.930502e-14 1.568325e-04
756 2.079128e-14 1.562869e-04
757 2.227754e-14 1.557465e-04
758 2.376380e-14 1.552115e-04
759 2.525006e-14 1.546822e-04
760 2.673632e-14 1.541588e-04
761 2.822258e-14 1.536413e-04
762 2.970884e-14 1.531302e-04
763 3.119510e-14 1.526255e-04
764 3.268136e-14 1.521274e-04
765 3.416892e-14 1.516362e-04
766 3.565778e-14 1.511521e-04
767 3.714664e-14 1.506751e-04
768 3.863550e-14 1.502056e-04
769 4.012435e-14 1.497437e-04
770 4.161321e-14 1.492895e-04
771 4.310207e-14 1.488433e-04
772 4.459093e-14 1.484052e-04
773 4.607979e-14 1.479754e-04
774 4.756865e-14 1.475541e-04
775 4.905398e-14 1.471413e-04
776 5.053577e-14 1.467373e-04
777 5.201756e-14 1.463423e-04
778 5.349935e-14 1.459563e-04
779 5.498114e-14 1.455796e-04
780 5.646293e-14 1.452122e-04
781 5.794472e-14 1.448543e-04
782 5.942651e-14 1.445060e-04
783 6.090830e-14 1.441675e-04
784 6.239009e-14 1.438389e-04
785 6.386787e-14 1.435204e-04
786 6.534164e-14 1.432119e-04
787 6.681540e-14 1.429138e-04
788 6.828916e-14 1.426260e-04
789 6.976293e-14 1.423487e-04
790 7.123669e-14 1.420820e-04
791 7.271046e-14 1.418260e-04
792 7.418422e-14 1.415807e-04
793 7.565798e-14 1.413464e-04
794 7.713175e-14 1.411230e-04
795 7.860839e-14 1.409107e-04
796 8.008791e-14 1.407095e-04
797 8.156743e-14 1.405195e-04
798 8.304695e-14 1.403409e-04
799 8.452647e-14 1.401736e-04
800 8.600599e-14 1.400177e-04
801 8.748551e-14 1.398733e-04
802 8.896503e-14 1.397404e-04
803 9.044455e-14 1.396191e-04
804 9.192407e-14 1.395095e-04
805 9.341103e-14 1.394116e-04
806 9.490543e-14 1.393254e-04
807 9.639982e-14 1.392509e-04
808 9.789422e-14 1.391883e-04
809 9.938862e-14 1.391374e-04
810 1.008830e-13 1.390984e-04
811 1.023774e-13 1.390712e-04
812 1.038718e-13 1.390560e-04
813 1.053662e-13 1.390525e-04
814 1.068606e-13 1.390610e-04
815 1.083659e-13 1.390814e-04
816 1.098822e-13 1.391136e-04
817 1.113984e-13 1.391577e-04
818 1.129146e-13 1.392136e-04
819 1.144309e-13 1.392813e-04
820 1.159471e-13 1.393609e-04
821 1.174634e-13 1.394522e-04
822 1.189796e-13 1.395553e-04
823 1.204958e-13 1.396700e-04
824 1.220121e-13 1.397964e-04
825 1.235356e-13 1.399345e-04
826 1.250665e-13 1.400840e-04
827 1.265974e-13 1.402451e-04
828 1.281282e-13 1.404176e-04
829 1.296591e-13 1.406014e-04
830 1.311899e-13 1.407966e-04
831 1.327208e-13 1.410029e-04
832 1.342517e-13 1.412204e-04
833 1.357825e-13 1.414489e-04
834 1.373134e-13 1.416883e-04
835 1.388357e-13 1.419386e-04
836 1.403495e-13 1.421996e-04
837 1.418633e-13 1.424712e-04
838 1.433771e-13 1.427533e-04
839 1.448909e-13 1.430459e-04
840 1.464047e-13 1.433486e-04
841 1.479185e-13 1.436616e-04
842 1.494323e-13 1.439845e-04
843 1.509460e-13 1.443172e-04
844 1.524598e-13 1.446597e-04
845 1.539264e-13 1.450117e-04
846 1.553459e-13 1.453731e-04
847 1.567653e-13 1.457437e-04
848 1.581847e-13 1.461234e-04
849 1.596041e-13 1.465120e-04
850 1.610235e-13 1.469092e-04
851 1.624429e-13 1.473150e-04
852 1.638624e-13 1.477291e-04
853 1.652818e-13 1.481513e-04
854 1.667012e-13 1.485815e-04
855 1.680243e-13 1.490193e-04
856 1.692511e-13 1.494647e-04
857 1.704778e-13 1.499173e-04
858 1.717046e-13 1.503770e-04
859 1.729314e-13 1.508435e-04
860 1.741582e-13 1.513165e-04
861 1.753850e-13 1.517960e-04
862 1.766118e-13 1.522815e-04
863 1.778385e-13 1.527728e-04
864 1.790653e-13 1.532698e-04
865 1.801213e-13 1.537721e-04
866 1.810065e-13 1.542795e-04
867 1.818917e-13 1.547917e-04
868 1.827769e-13 1.553085e-04
869 1.836621e-13 1.558295e-04
870 1.845473e-13 1.563546e-04
871 1.854325e-13 1.568833e-04
872 1.863177e-13 1.574155e-04
873 1.872029e-13 1.579509e-04
874 1.880881e-13 1.584891e-04
875 1.887144e-13 1.590300e-04
876 1.890820e-13 1.595731e-04
877 1.894495e-13 1.601182e-04
878 1.898171e-13 1.606651e-04
879 1.901847e-13 1.612133e-04
880 1.905522e-13 1.617627e-04
881 1.909198e-13 1.623129e-04
882 1.912873e-13 1.628635e-04
883 1.916549e-13 1.634144e-04
884 1.920225e-13 1.639652e-04
885 1.920358e-13 1.645156e-04
886 1.916948e-13 1.650653e-04
887 1.913539e-13 1.656140e-04
888 1.910129e-13 1.661613e-04
889 1.906720e-13 1.667071e-04
890 1.903310e-13 1.672509e-04
891 1.899901e-13 1.677924e-04
892 1.896491e-13 1.683315e-04
893 1.893082e-13 1.688676e-04
894 1.889672e-13 1.694006e-04
895 1.881836e-13 1.699302e-04
896 1.869573e-13 1.704559e-04
897 1.857310e-13 1.709776e-04
898 1.845048e-13 1.714950e-04
899 1.832785e-13 1.720076e-04
900 1.820522e-13 1.725153e-04
901 1.808259e-13 1.730177e-04
902 1.795996e-13 1.735145e-04
903 1.783734e-13 1.740055e-04
904 1.771471e-13 1.744903e-04
905 1.754218e-13 1.749687e-04
906 1.731975e-13 1.754403e-04
907 1.709732e-13 1.759049e-04
908 1.687489e-13 1.763622e-04
909 1.665246e-13 1.768119e-04
910 1.643003e-13 1.772538e-04
911 1.620760e-13 1.776875e-04
912 1.598517e-13 1.781128e-04
913 1.576273e-13 1.785295e-04
914 1.554030e-13 1.789372e-04
915 1.526418e-13 1.793357e-04
916 1.493435e-13 1.797248e-04
917 1.460453e-13 1.801041e-04
918 1.427471e-13 1.804735e-04
919 1.394489e-13 1.808328e-04
920 1.361506e-13 1.811815e-04
921 1.328524e-13 1.815197e-04
922 1.295542e-13 1.818469e-04
923 1.262559e-13 1.821630e-04
924 1.229577e-13 1.824677e-04
925 1.191421e-13 1.827609e-04
926 1.148091e-13 1.830424e-04
927 1.104761e-13 1.833119e-04
928 1.061431e-13 1.835692e-04
929 1.018101e-13 1.838142e-04
930 9.747708e-14 1.840466e-04
931 9.314408e-14 1.842663e-04
932 8.881108e-14 1.844732e-04
933 8.447808e-14 1.846670e-04
934 8.014508e-14 1.848475e-04
935 7.536119e-14 1.850147e-04
936 7.012641e-14 1.851684e-04
937 6.489163e-14 1.853085e-04
938 5.965686e-14 1.854348e-04
939 5.442208e-14 1.855472e-04
940 4.918730e-14 1.856455e-04
941 4.395253e-14 1.857298e-04
942 3.871775e-14 1.857998e-04
943 3.348297e-14 1.858555e-04
944 2.824820e-14 1.858968e-04
945 2.268483e-14 1.859237e-04
946 1.679286e-14 1.859360e-04
947 1.090090e-14 1.859337e-04
948 5.008938e-15 1.859168e-04
949 -8.830249e-16 1.858852e-04
950 -6.774988e-15 1.858389e-04
951 -1.266695e-14 1.857778e-04
952 -1.855891e-14 1.857020e-04
953 -2.445088e-14 1.856115e-04
954 -3.034284e-14 1.855062e-04
955 -3.638369e-14 1.853862e-04
956 -4.257343e-14 1.852515e-04
957 -4.876317e-14 1.851022e-04
958 -5.495291e-14 1.849382e-04
959 -6.114265e-14 1.847597e-04
960 -6.733239e-14 1.845667e-04
961 -7.352213e-14 1.843593e-04
962 -7.971187e-14 1.841375e-04
963 -8.590162e-14 1.839015e-04
964 -9.209136e-14 1.836514e-04
965 -9.819646e-14 1.833872e-04
966 -1.042169e-13 1.831090e-04
967 -1.102374e-13 1.828171e-04
968 -1.162578e-13 1.825115e-04
969 -1.222783e-13 1.821923e-04
970 -1.282988e-13 1.818597e-04
971 -1.343192e-13 1.815139e-04
972 -1.403397e-13 1.811549e-04
973 -1.463601e-13 1.807831e-04
974 -1.523806e-13 1.803984e-04
975 -1.580683e-13 1.800012e-04
976 -1.634233e-13 1.795916e-04
977 -1.687782e-13 1.791697e-04
978 -1.741332e-13 1.787359e-04
979 -1.794881e-13 1.782902e-04
980 -1.848431e-13 1.778329e-04
981 -1.901980e-13 1.773642e-04
982 -1.955530e-13 1.768843e-04
983 -2.009079e-13 1.763934e-04
984 -2.062629e-13 1.758919e-04
985 -2.110267e-13 1.753798e-04
986 -2.151993e-13 1.748574e-04
987 -2.193720e-13 1.743250e-04
988 -2.235446e-13 1.737828e-04
989 -2.277173e-13 1.732311e-04
990 -2.318899e-13 1.726701e-04
991 -2.360625e-13 1.721000e-04
992 -2.402352e-13 1.715212e-04
993 -2.444078e-13 1.709339e-04
994 -2.485804e-13 1.703383e-04
995 -2.519421e-13 1.697348e-04
996 -2.544926e-13 1.691236e-04
997 -2.570432e-13 1.685049e-04
998 -2.595938e-13 1.678791e-04
999 -2.621444e-13 1.672465e-04
1000 -2.646949e-13 1.666072e-04
1001 -2.672455e-13 1.659617e-04
1002 -2.697961e-13 1.653101e-04
1003 -2.723467e-13 1.646528e-04
1004 -2.748972e-13 1.639901e-04
1005 -2.765165e-13 1.633223e-04
1006 -2.772045e-13 1.626495e-04
1007 -2.778925e-13 1.619723e-04
1008 -2.785805e-13 1.612908e-04
1009 -2.792685e-13 1.606053e-04
1010 -2.799565e-13 1.599161e-04
1011 -2.806445e-13 1.592236e-04
1012 -2.813325e-13 1.585280e-04
1013 -2.820205e-13 1.578296e-04
1014 -2.827085e-13 1.571287e-04
1015 -2.824067e-13 1.564256e-04
1016 -2.811149e-13 1.557207e-04
1017 -2.798232e-13 1.550141e-04
1018 -2.785314e-13 1.543063e-04
1019 -2.772397e-13 1.535974e-04
1020 -2.759480e-13 1.528878e-04
1021 -2.746562e-13 1.521779e-04
1022 -2.733645e-13 1.514677e-04
1023 -2.720728e-13 1.507578e-04
1024 -2.707810e-13 1.500483e-04
1025 -2.685425e-13 1.493395e-04
1026 -2.653572e-13 1.486317e-04
1027 -2.621719e-13 1.479252e-04
1028 -2.589866e-13 1.472203e-04
1029 -2.558013e-13 1.465173e-04
1030 -2.526160e-13 1.458164e-04
1031 -2.494307e-13 1.451178e-04
1032 -2.462454e-13 1.444220e-04
1033 -2.430601e-13 1.437291e-04
1034 -2.398748e-13 1.430393e-04
1035 -2.358675e-13 1.423530e-04
1036 -2.310383e-13 1.416704e-04
1037 -2.262090e-13 1.409918e-04
1038 -2.213797e-13 1.403173e-04
1039 -2.165505e-13 1.396473e-04
1040 -2.117212e-13 1.389820e-04
1041 -2.068920e-13 1.383216e-04
1042 -2.020627e-13 1.376663e-04
1043 -1.972334e-13 1.370164e-04
1044 -1.924042e-13 1.363721e-04
1045 -1.869122e-13 1.357336e-04
1046 -1.807575e-13 1.351011e-04
1047 -1.746028e-13 1.344748e-04
1048 -1.684481e-13 1.338549e-04
1049 -1.622935e-13 1.332416e-04
1050 -1.561388e-13 1.326351e-04
1051 -1.499841e-13 1.320355e-04
1052 -1.438294e-13 1.314431e-04
1053 -1.376747e-13 1.308580e-04
1054 -1.315200e-13 1.302804e-04
1055 -1.249036e-13 1.297103e-04
1056 -1.178256e-13 1.291481e-04
1057 -1.107475e-13 1.285937e-04
1058 -1.036694e-13 1.280474e-04
1059 -9.659130e-14 1.275092e-04
1060 -8.951322e-14 1.269794e-04
1061 -8.243513e-14 1.264579e-04
1062 -7.535705e-14 1.259450e-04
1063 -6.827897e-14 1.254407e-04
1064 -6.120088e-14 1.249451e-04
1065 -5.385097e-14 1.244583e-04
1066 -4.622923e-14 1.239804e-04
1067 -3.860749e-14 1.235115e-04
1068 -3.098576e-14 1.230516e-04
1069 -2.336402e-14 1.226009e-04
1070 -1.574228e-14 1.221593e-04
1071 -8.120539e-15 1.217270e-04
1072 -4.988003e-16 1.213040e-04
1073 7.122938e-15 1.208904e-04
1074 1.474468e-14 1.204861e-04
1075 2.245232e-14 1.200913e-04
1076 3.024587e-14 1.197059e-04
1077 3.803942e-14 1.193301e-04
1078 4.583297e-14 1.189638e-04
1079 5.362652e-14 1.186070e-04
1080 6.142007e-14 1.182597e-04
1081 6.921361e-14 1.179221e-04
1082 7.700716e-14 1.175940e-04
1083 8.480071e-14 1.172754e-04
1084 9.259426e-14 1.169665e-04
1085 1.003169e-13 1.166671e-04
1086 1.079685e-13 1.163772e-04
1087 1.156202e-13 1.160969e-04
1088 1.232719e-13 1.158262e-04
1089 1.309235e-13 1.155649e-04
1090 1.385752e-13 1.153131e-04
1091 1.462269e-13 1.150707e-04
1092 1.538785e-13 1.148377e-04
1093 1.615302e-13 1.146141e-04
1094 1.691819e-13 1.143998e-04
1095 1.766311e-13 1.141948e-04
1096 1.838779e-13 1.139990e-04
1097 1.911247e-13 1.138124e-04
1098 1.983715e-13 1.136350e-04
1099 2.056183e-13 1.134666e-04
1100 2.128650e-13 1.133072e-04
1101 2.201118e-13 1.131567e-04
1102 2.273586e-13 1.130151e-04
1103 2.346054e-13 1.128823e-04
1104 2.418522e-13 1.127583e-04
1105 2.488038e-13 1.126429e-04
1106 2.554604e-13 1.125361e-04
1107 2.621170e-13 1.124378e-04
1108 2.687735e-13 1.123479e-04
1109 2.754301e-13 1.122663e-04
1110 2.820866e-13 1.121930e-04
1111 2.887432e-13 1.121278e-04
1112 2.953997e-13 1.120707e-04
1113 3.020563e-13 1.120215e-04
1114 3.087128e-13 1.119803e-04
1115 3.150088e-13 1.119468e-04
1116 3.209441e-13 1.119209e-04
1117 3.268795e-13 1.119027e-04
1118 3.328148e-13 1.118919e-04
1119 3.387501e-13 1.118884e-04
1120 3.446855e-13 1.118923e-04
1121 3.506208e-13 1.119032e-04
1122 3.565562e-13 1.119212e-04
1123 3.624915e-13 1.119462e-04
1124 3.684268e-13 1.119780e-04
1125 3.739213e-13 1.120164e-04
1126 3.789750e-13 1.120615e-04
1127 3.840287e-13 1.121130e-04
1128 3.890823e-13 1.121709e-04
1129 3.941360e-13 1.122351e-04
1130 3.991897e-13 1.123053e-04
1131 4.042433e-13 1.123816e-04
1132 4.092970e-13 1.124638e-04
1133 4.143506e-13 1.125517e-04
1134 4.194043e-13 1.126453e-04
1135 4.239723e-13 1.127444e-04
1136 4.280546e-13 1.128489e-04
1137 4.321368e-13 1.129588e-04
1138 4.362191e-13 1.130738e-04
1139 4.403014e-13 1.131938e-04
1140 4.443837e-13 1.133188e-04
1141 4.484660e-13 1.134486e-04
1142 4.525482e-13 1.135830e-04
1143 4.566305e-13 1.137221e-04
1144 4.607128e-13 1.138655e-04
1145 4.642069e-13 1.140134e-04
1146 4.671130e-13 1.141654e-04
1147 4.700190e-13 1.143215e-04
1148 4.729250e-13 1.144816e-04
1149 4.758310e-13 1.146455e-04
1150 4.787370e-13 1.148132e-04
1151 4.816431e-13 1.149845e-04
1152 4.845491e-13 1.151594e-04
1153 4.874551e-13 1.153376e-04
1154 4.903611e-13 1.155191e-04
1155 4.926012e-13 1.157038e-04
1156 4.941755e-13 1.158915e-04
1157 4.957498e-13 1.160822e-04
1158 4.973240e-13 1.162758e-04
1159 4.988983e-13 1.164721e-04
1160 5.004725e-13 1.166710e-04
1161 5.020468e-13 1.168724e-04
1162 5.036211e-13 1.170763e-04
1163 5.051953e-13 1.172825e-04
1164 5.067696e-13 1.174910e-04
1165 5.075486e-13 1.177015e-04
1166 5.075323e-13 1.179141e-04
1167 5.075160e-13 1.181286e-04
1168 5.074998e-13 1.183449e-04
1169 5.074835e-13 1.185630e-04
1170 5.074672e-13 1.187827e-04
1171 5.074510e-13 1.190039e-04
1172 5.074347e-13 1.192266e-04
1173 5.074184e-13 1.194506e-04
1174 5.074022e-13 1.196759e-04
1175 5.064676e-13 1.199024e-04
1176 5.046147e-13 1.201300e-04
1177 5.027618e-13 1.203585e-04
1178 5.009089e-13 1.205880e-04
1179 4.990560e-13 1.208183e-04
1180 4.972031e-13 1.210494e-04
1181 4.953502e-13 1.212811e-04
1182 4.934974e-13 1.215133e-04
1183 4.916445e-13 1.217461e-04
1184 4.897916e-13 1.219793e-04
1185 4.869018e-13 1.222127e-04
1186 4.829753e-13 1.224465e-04
1187 4.790487e-13 1.226804e-04
1188 4.751221e-13 1.229144e-04
1189 4.711956e-13 1.231484e-04
1190 4.672690e-13 1.233824e-04
1191 4.633424e-13 1.236162e-04
1192 4.594159e-13 1.238499e-04
1193 4.554893e-13 1.240832e-04
1194 4.515627e-13 1.243162e-04
1195 4.465232e-13 1.245488e-04
1196 4.403706e-13 1.247809e-04
1197 4.342181e-13 1.250124e-04
1198 4.280655e-13 1.252433e-04
1199 4.219130e-13 1.254735e-04
1200 4.157605e-13 1.257029e-04
1201 4.096079e-13 1.259315e-04
1202 4.034554e-13 1.261592e-04
1203 3.973028e-13 1.263860e-04
1204 3.911503e-13 1.266118e-04
1205 3.838582e-13 1.268364e-04
1206 3.754265e-13 1.270599e-04
1207 3.669948e-13 1.272823e-04
1208 3.585631e-13 1.275033e-04
1209 3.501314e-13 1.277231e-04
1210 3.416997e-13 1.279414e-04
1211 3.332680e-13 1.281584e-04
1212 3.248363e-13 1.283738e-04
1213 3.164046e-13 1.285877e-04
1214 3.079729e-13 1.288000e-04
1215 2.984747e-13 1.290107e-04
1216 2.879099e-13 1.292197e-04
1217 2.773452e-13 1.294269e-04
1218 2.667804e-13 1.296322e-04
1219 2.562157e-13 1.298358e-04
1220 2.456509e-13 1.300374e-04
1221 2.350862e-13 1.302371e-04
1222 2.245215e-13 1.304348e-04
1223 2.139567e-13 1.306304e-04
1224 2.033920e-13 1.308240e-04
1225 1.919217e-13 1.310154e-04
1226 1.795458e-13 1.312046e-04
1227 1.671699e-13 1.313916e-04
1228 1.547941e-13 1.315764e-04
1229 1.424182e-13 1.317588e-04
1230 1.300424e-13 1.319389e-04
1231 1.176665e-13 1.321166e-04
1232 1.052906e-13 1.322918e-04
1233 9.291479e-14 1.324646e-04
1234 8.053893e-14 1.326349e-04
1235 6.753607e-14 1.328026e-04
1236 5.390623e-14 1.329678e-04
1237 4.027639e-14 1.331303e-04
1238 2.664654e-14 1.332902e-04
1239 1.301670e-14 1.334474e-04
1240 -6.131478e-16 1.336018e-04
1241 -1.424299e-14 1.337536e-04
1242 -2.787284e-14 1.339025e-04
1243 -4.150268e-14 1.340486e-04
1244 -5.513253e-14 1.341919e-04
1245 -6.902292e-14 1.343323e-04
1246 -8.317386e-14 1.344698e-04
1247 -9.732480e-14 1.346043e-04
1248 -1.114757e-13 1.347359e-04
1249 -1.256267e-13 1.348645e-04
1250 -1.397776e-13 1.349901e-04
1251 -1.539286e-13 1.351126e-04
1252 -1.680795e-13 1.352321e-04
1253 -1.822304e-13 1.353485e-04
1254 -1.963814e-13 1.354617e-04
1255 -2.103379e-13 1.355718e-04
1256 -2.241001e-13 1.356788e-04
1257 -2.378622e-13 1.357826e-04
1258 -2.516243e-13 1.358831e-04
1259 -2.653865e-13 1.359805e-04
1260 -2.791486e-13 1.360746e-04
1261 -2.929108e-13 1.361654e-04
1262 -3.066729e-13 1.362529e-04
1263 -3.204350e-13 1.363372e-04
1264 -3.341972e-13 1.364181e-04
1265 -3.472675e-13 1.364957e-04
1266 -3.596460e-13 1.365699e-04
1267 -3.720245e-13 1.366408e-04
1268 -3.844030e-13 1.367083e-04
1269 -3.967816e-13 1.367724e-04
1270 -4.091601e-13 1.368330e-04
1271 -4.215386e-13 1.368903e-04
1272 -4.339171e-13 1.369441e-04
1273 -4.462956e-13 1.369945e-04
1274 -4.586741e-13 1.370414e-04
1275 -4.698552e-13 1.370848e-04
1276 -4.798388e-13 1.371248e-04
1277 -4.898225e-13 1.371613e-04
1278 -4.998061e-13 1.371943e-04
1279 -5.097897e-13 1.372237e-04
1280 -5.197733e-13 1.372497e-04
1281 -5.297570e-13 1.372721e-04
1282 -5.397406e-13 1.372910e-04
1283 -5.497242e-13 1.373064e-04
1284 -5.597079e-13 1.373182e-04
1285 -5.680702e-13 1.373265e-04
1286 -5.748113e-13 1.373312e-04
1287 -5.815524e-13 1.373324e-04
1288 -5.882934e-13 1.373300e-04
1289 -5.950345e-13 1.373241e-04
1290 -6.017756e-13 1.373145e-04
1291 -6.085166e-13 1.373015e-04
1292 -6.152577e-13 1.372848e-04
1293 -6.219988e-13 1.372646e-04
1294 -6.287399e-13 1.372408e-04
1295 -6.335381e-13 1.372135e-04
1296 -6.363934e-13 1.371826e-04
1297 -6.392488e-13 1.371481e-04
1298 -6.421042e-13 1.371100e-04
1299 -6.449596e-13 1.370684e-04
1300 -6.478149e-13 1.370232e-04
1301 -6.506703e-13 1.369745e-04
1302 -6.535257e-13 1.369222e-04
1303 -6.563811e-13 1.368664e-04
1304 -6.592364e-13 1.368070e-04
1305 -6.599617e-13 1.367441e-04
1306 -6.585567e-13 1.366776e-04
1307 -6.571518e-13 1.366076e-04
1308 -6.557469e-13 1.365341e-04
1309 -6.543419e-13 1.364570e-04
1310 -6.529370e-13 1.363765e-04
1311 -6.515321e-13 1.362924e-04
1312 -6.501271e-13 1.362048e-04
1313 -6.487222e-13 1.361138e-04
1314 -6.473173e-13 1.360193e-04
1315 -6.438178e-13 1.359213e-04
1316 -6.382238e-13 1.358198e-04
1317 -6.326298e-13 1.357149e-04
1318 -6.270359e-13 1.356065e-04
1319 -6.214419e-13 1.354948e-04
1320 -6.158479e-13 1.353795e-04
1321 -6.102539e-13 1.352609e-04
1322 -6.046599e-13 1.351389e-04
1323 -5.990660e-13 1.350135e-04
1324 -5.934720e-13 1.348847e-04
1325 -5.859123e-13 1.347526e-04
1326 -5.763870e-13 1.346171e-04
1327 -5.668618e-13 1.344783e-04
1328 -5.573365e-13 1.343362e-04
1329 -5.478112e-13 1.341908e-04
1330 -5.382859e-13 1.340420e-04
1331 -5.287606e-13 1.338900e-04
1332 -5.192353e-13 1.337348e-04
1333 -5.097100e-13 1.335763e-04
1334 -5.001847e-13 1.334145e-04
1335 -4.889886e-13 1.332496e-04
1336 -4.761216e-13 1.330815e-04
1337 -4.632546e-13 1.329101e-04
1338 -4.503876e-13 1.327357e-04
1339 -4.375206e-13 1.325580e-04
1340 -4.246537e-13 1.323773e-04
1341 -4.117867e-13 1.321934e-04
1342 -3.989197e-13 1.320065e-04
1343 -3.860527e-13 1.318165e-04
1344 -3.731857e-13 1.316234e-04
1345 -3.589986e-13 1.314273e-04
1346 -3.434913e-13 1.312282e-04
1347 -3.279839e-13 1.310261e-04
1348 -3.124766e-13 1.308210e-04
1349 -2.969693e-13 1.306130e-04
1350 -2.814619e-13 1.304020e-04
1351 -2.659546e-13 1.301882e-04
1352 -2.504473e-13 1.299714e-04
1353 -2.349399e-13 1.297518e-04
1354 -2.194326e-13 1.295293e-04
1355 -2.029953e-13 1.293040e-04
1356 -1.856279e-13 1.290759e-04
1357 -1.682606e-13 1.288450e-04
1358 -1.508932e-13 1.286114e-04
1359 -1.335259e-13 1.283750e-04
1360 -1.161585e-13 1.281359e-04
1361 -9.879119e-14 1.278942e-04
1362 -8.142385e-14 1.276497e-04
1363 -6.405650e-14 1.274026e-04
1364 -4.668916e-14 1.271529e-04
1365 -2.877208e-14 1.269006e-04
1366 -1.030527e-14 1.266458e-04
1367 8.161537e-15 1.263884e-04
1368 2.662834e-14 1.261285e-04
1369 4.509515e-14 1.258660e-04
1370 6.356196e-14 1.256011e-04
1371 8.202877e-14 1.253338e-04
1372 1.004956e-13 1.250640e-04
1373 1.189624e-13 1.247919e-04
1374 1.374292e-13 1.245174e-04
1375 1.560995e-13 1.242405e-04
1376 1.749733e-13 1.239613e-04
1377 1.938470e-13 1.236798e-04
1378 2.127208e-13 1.233961e-04
1379 2.315946e-13 1.231101e-04
1380 2.504683e-13 1.228219e-04
1381 2.693421e-13 1.225315e-04
1382 2.882159e-13 1.222390e-04
1383 3.070897e-13 1.219443e-04
1384 3.259634e-13 1.216475e-04
1385 3.447534e-13 1.213487e-04
1386 3.634595e-13 1.210477e-04
1387 3.821656e-13 1.207448e-04
1388 4.008717e-13 1.204399e-04
1389 4.195778e-13 1.201330e-04
1390 4.382839e-13 1.198241e-04
1391 4.569901e-13 1.195134e-04
1392 4.756962e-13 1.192007e-04
1393 4.944023e-13 1.188862e-04
1394 5.131084e-13 1.185698e-04
1395 5.315276e-13 1.182517e-04
1396 5.496600e-13 1.179318e-04
1397 5.677924e-13 1.176101e-04
1398 5.859248e-13 1.172867e-04
1399 6.040572e-13 1.169616e-04
1400 6.221896e-13 1.166349e-04
1401 6.403220e-13 1.163065e-04
1402 6.584544e-13 1.159765e-04
1403 6.765868e-13 1.156449e-04
1404 6.947192e-13 1.153118e-04
1405 7.124104e-13 1.149772e-04
1406 7.296603e-13 1.146410e-04
1407 7.469103e-13 1.143034e-04
1408 7.641603e-13 1.139644e-04
1409 7.814103e-13 1.136239e-04
1410 7.986603e-13 1.132821e-04
1411 8.159103e-13 1.129389e-04
1412 8.331603e-13 1.125944e-04
1413 8.504102e-13 1.122486e-04
1414 8.676602e-13 1.119015e-04
1415 8.844106e-13 1.115532e-04
1416 9.006615e-13 1.112037e-04
1417 9.169124e-13 1.108530e-04
1418 9.331632e-13 1.105011e-04
1419 9.494141e-13 1.101481e-04
1420 9.656649e-13 1.097940e-04
1421 9.819158e-13 1.094388e-04
1422 9.981666e-13 1.090826e-04
1423 1.014417e-12 1.087254e-04
1424 1.030668e-12 1.083672e-04
1425 1.046317e-12 1.080081e-04
1426 1.061363e-12 1.076480e-04
1427 1.076408e-12 1.072870e-04
1428 1.091454e-12 1.069251e-04
1429 1.106500e-12 1.065624e-04
1430 1.121546e-12 1.061988e-04
1431 1.136592e-12 1.058345e-04
1432 1.151638e-12 1.054694e-04
1433 1.166684e-12 1.051035e-04
1434 1.181730e-12 1.047370e-04
1435 1.196087e-12 1.043697e-04
1436 1.209756e-12 1.040018e-04
1437 1.223425e-12 1.036333e-04
1438 1.237094e-12 1.032642e-04
1439 1.250764e-12 1.028945e-04
1440 1.264433e-12 1.025242e-04
1441 1.278102e-12 1.021534e-04
1442 1.291771e-12 1.017821e-04
1443 1.305440e-12 1.014104e-04
1444 1.319109e-12 1.010381e-04
1445 1.331988e-12 1.006655e-04
1446 1.344077e-12 1.002925e-04
1447 1.356167e-12 9.991908e-05
1448 1.368256e-12 9.954534e-05
1449 1.380345e-12 9.917127e-05
1450 1.392434e-12 9.879691e-05
1451 1.404524e-12 9.842227e-05
1452 1.416613e-12 9.804739e-05
1453 1.428702e-12 9.767229e-05
1454 1.440792e-12 9.729699e-05
1455 1.451861e-12 9.692151e-05
1456 1.461910e-12 9.654589e-05
1457 1.471958e-12 9.617014e-05
1458 1.482007e-12 9.579428e-05
1459 1.492056e-12 9.541834e-05
1460 1.502105e-12 9.504235e-05
1461 1.512154e-12 9.466632e-05
1462 1.522203e-12 9.429028e-05
1463 1.532252e-12 9.391425e-05
1464 1.542301e-12 9.353826e-05
1465 1.551099e-12 9.316232e-05
1466 1.558647e-12 9.278645e-05
1467 1.566195e-12 9.241069e-05
1468 1.573743e-12 9.203504e-05
1469 1.581291e-12 9.165954e-05
1470 1.588839e-12 9.128420e-05
1471 1.596387e-12 9.090905e-05
1472 1.603935e-12 9.053410e-05
1473 1.611483e-12 9.015937e-05
1474 1.619030e-12 8.978489e-05
1475 1.624969e-12 8.941068e-05
1476 1.629297e-12 8.903676e-05
1477 1.633626e-12 8.866314e-05
1478 1.637955e-12 8.828985e-05
1479 1.642283e-12 8.791690e-05
1480 1.646612e-12 8.754432e-05
1481 1.650941e-12 8.717213e-05
1482 1.655270e-12 8.680033e-05
1483 1.659598e-12 8.642897e-05
1484 1.663927e-12 8.605804e-05
1485 1.666195e-12 8.568757e-05
1486 1.666403e-12 8.531759e-05
1487 1.666611e-12 8.494809e-05
1488 1.666819e-12 8.457912e-05
1489 1.667027e-12 8.421068e-05
1490 1.667235e-12 8.384278e-05
1491 1.667443e-12 8.347546e-05
1492 1.667651e-12 8.310872e-05
1493 1.667859e-12 8.274259e-05
1494 1.668067e-12 8.237707e-05
1495 1.665791e-12 8.201219e-05
1496 1.661030e-12 8.164797e-05
1497 1.656269e-12 8.128441e-05
1498 1.651508e-12 8.092154e-05
1499 1.646747e-12 8.055938e-05
1500 1.641986e-12 8.019793e-05
1501 1.637225e-12 7.983722e-05
1502 1.632464e-12 7.947726e-05
1503 1.627704e-12 7.911807e-05
1504 1.622943e-12 7.875965e-05
1505 1.615275e-12 7.840204e-05
1506 1.604700e-12 7.804523e-05
1507 1.594125e-12 7.768926e-05
1508 1.583550e-12 7.733412e-05
1509 1.572975e-12 7.697984e-05
1510 1.562400e-12 7.662643e-05
1511 1.551825e-12 7.627391e-05
1512 1.541251e-12 7.592229e-05
1513 1.530676e-12 7.557158e-05
1514 1.520101e-12 7.522180e-05
1515 1.506352e-12 7.487295e-05
1516 1.489431e-12 7.452507e-05
1517 1.472509e-12 7.417815e-05
1518 1.455587e-12 7.383221e-05
1519 1.438665e-12 7.348726e-05
1520 1.421744e-12 7.314332e-05
1521 1.404822e-12 7.280041e-05
1522 1.387900e-12 7.245852e-05
1523 1.370978e-12 7.211768e-05
1524 1.354056e-12 7.177789e-05
1525 1.333854e-12 7.143918e-05
1526 1.310372e-12 7.110155e-05
1527 1.286890e-12 7.076501e-05
1528 1.263408e-12 7.042957e-05
1529 1.239925e-12 7.009525e-05
1530 1.216443e-12 6.976206e-05
1531 1.192961e-12 6.943001e-05
1532 1.169479e-12 6.909910e-05
1533 1.145996e-12 6.876936e-05
1534 1.122514e-12 6.844079e-05
1535 1.095851e-12 6.811341e-05
1536 1.066008e-12 6.778721e-05
1537 1.036165e-12 6.746222e-05
1538 1.006322e-12 6.713845e-05
1539 9.764785e-13 6.681589e-05
1540 9.466353e-13 6.649457e-05
1541 9.167921e-13 6.617450e-05
1542 8.869488e-13 6.585568e-05
1543 8.571056e-13 6.553812e-05
1544 8.272624e-13 6.522183e-05
1545 7.946697e-13 6.490682e-05
1546 7.593276e-13 6.459311e-05
1547 7.239855e-13 6.428069e-05
1548 6.886433e-13 6.396958e-05
1549 6.533012e-13 6.365979e-05
1550 6.179590e-13 6.335132e-05
1551 5.826169e-13 6.304419e-05
1552 5.472748e-13 6.273840e-05
1553 5.119326e-13 6.243396e-05
1554 4.765905e-13 6.213088e-05
1555 4.391689e-13 6.182916e-05
1556 3.996678e-13 6.152882e-05
1557 3.601667e-13 6.122986e-05
1558 3.206656e-13 6.093229e-05
1559 2.811644e-13 6.063612e-05
1560 2.416633e-13 6.034134e-05
1561 2.021622e-13 6.004798e-05
1562 1.626611e-13 5.975604e-05
1563 1.231600e-13 5.946552e-05
1564 8.365891e-14 5.917643e-05
1565 4.306982e-14 5.888878e-05
1566 1.392750e-15 5.860257e-05
1567 -4.028432e-14 5.831781e-05
1568 -8.196139e-14 5.803451e-05
1569 -1.236385e-13 5.775267e-05
1570 -1.653155e-13 5.747230e-05
1571 -2.069926e-13 5.719340e-05
1572 -2.486697e-13 5.691598e-05
1573 -2.903467e-13 5.664004e-05
1574 -3.320238e-13 5.636560e-05
1575 -3.735659e-13 5.609265e-05
1576 -4.149731e-13 5.582120e-05
1577 -4.563803e-13 5.555126e-05
1578 -4.977875e-13 5.528283e-05
1579 -5.391946e-13 5.501591e-05
1580 -5.806018e-13 5.475052e-05
1581 -6.220090e-13 5.448665e-05
1582 -6.634162e-13 5.422430e-05
1583 -7.048233e-13 5.396349e-05
1584 -7.462305e-13 5.370422e-05
1585 -7.860617e-13 5.344649e-05
1586 -8.243169e-13 5.319030e-05
1587 -8.625721e-13 5.293566e-05
1588 -9.008273e-13 5.268258e-05
1589 -9.390824e-13 5.243105e-05
1590 -9.773376e-13 5.218108e-05
1591 -1.015593e-12 5.193267e-05
1592 -1.053848e-12 5.168583e-05
1593 -1.092103e-12 5.144056e-05
1594 -1.130358e-12 5.119686e-05
1595 -1.165689e-12 5.095474e-05
1596 -1.198094e-12 5.071419e-05
1597 -1.230499e-12 5.047522e-05
1598 -1.262904e-12 5.023784e-05
1599 -1.295309e-12 5.000204e-05
1600 -1.327714e-12 4.976783e-05
1601 -1.360119e-12 4.953521e-05
1602 -1.392524e-12 4.930418e-05
1603 -1.424930e-12 4.907475e-05
1604 -1.457335e-12 4.884690e-05
1605 -1.485526e-12 4.862066e-05
1606 -1.509504e-12 4.839602e-05
1607 -1.533482e-12 4.817297e-05
1608 -1.557460e-12 4.795153e-05
1609 -1.581438e-12 4.773169e-05
1610 -1.605415e-12 4.751346e-05
1611 -1.629393e-12 4.729683e-05
1612 -1.653371e-12 4.708180e-05
1613 -1.677349e-12 4.686839e-05
1614 -1.701327e-12 4.665658e-05
1615 -1.719971e-12 4.644638e-05
1616 -1.733281e-12 4.623778e-05
1617 -1.746592e-12 4.603080e-05
1618 -1.759902e-12 4.582543e-05
1619 -1.773212e-12 4.562167e-05
1620 -1.786523e-12 4.541952e-05
1621 -1.799833e-12 4.521898e-05
1622 -1.813144e-12 4.502004e-05
1623 -1.826454e-12 4.482272e-05
1624 -1.839764e-12 4.462701e-05
1625 -1.847277e-12 4.443291e-05
1626 -1.848992e-12 4.424041e-05
1627 -1.850706e-12 4.404953e-05
1628 -1.852421e-12 4.386025e-05
1629 -1.854136e-12 4.367258e-05
1630 -1.855850e-12 4.348652e-05
1631 -1.857565e-12 4.330206e-05
1632 -1.859280e-12 4.311920e-05
1633 -1.860994e-12 4.293795e-05
1634 -1.862709e-12 4.275829e-05
1635 -1.858294e-12 4.258024e-05
1636 -1.847748e-12 4.240379e-05
1637 -1.837203e-12 4.222894e-05
1638 -1.826657e-12 4.205568e-05
1639 -1.816111e-12 4.188401e-05
1640 -1.805566e-12 4.171394e-05
1641 -1.795020e-12 4.154545e-05
1642 -1.784474e-12 4.137856e-05
1643 -1.773929e-12 4.121325e-05
1644 -1.763383e-12 4.104952e-05
1645 -1.747092e-12 4.088738e-05
1646 -1.725056e-12 4.072682e-05
1647 -1.703020e-12 4.056783e-05
1648 -1.680984e-12 4.041042e-05
1649 -1.658948e-12 4.025458e-05
1650 -1.636912e-12 4.010030e-05
1651 -1.614876e-12 3.994760e-05
1652 -1.592840e-12 3.979645e-05
1653 -1.570804e-12 3.964687e-05
1654 -1.548768e-12 3.949885e-05
1655 -1.521572e-12 3.935238e-05
1656 -1.489214e-12 3.920746e-05
1657 -1.456857e-12 3.906409e-05
1658 -1.424500e-12 3.892226e-05
1659 -1.392142e-12 3.878197e-05
1660 -1.359785e-12 3.864322e-05
1661 -1.327428e-12 3.850601e-05
1662 -1.295070e-12 3.837032e-05
1663 -1.262713e-12 3.823616e-05
1664 -1.230356e-12 3.810353e-05
1665 -1.193665e-12 3.797241e-05
1666 -1.152641e-12 3.784281e-05
1667 -1.111616e-12 3.771471e-05
1668 -1.070592e-12 3.758812e-05
1669 -1.029568e-12 3.746304e-05
1670 -9.885437e-13 3.733945e-05
1671 -9.475195e-13 3.721736e-05
1672 -9.064952e-13 3.709675e-05
1673 -8.654710e-13 3.697763e-05
1674 -8.244467e-13 3.685998e-05
1675 -7.803290e-13 3.674381e-05
1676 -7.331179e-13 3.662912e-05
1677 -6.859068e-13 3.651588e-05
1678 -6.386956e-13 3.640411e-05
1679 -5.914845e-13 3.629379e-05
1680 -5.442734e-13 3.618492e-05
1681 -4.970623e-13 3.607750e-05
1682 -4.498511e-13 3.597151e-05
1683 -4.026400e-13 3.586696e-05
1684 -3.554289e-13 3.576384e-05
1685 -3.062205e-13 3.566215e-05
1686 -2.550148e-13 3.556187e-05
1687 -2.038091e-13 3.546300e-05
1688 -1.526034e-13 3.536554e-05
1689 -1.013977e-13 3.526948e-05
1690 -5.019199e-14 3.517482e-05
1691 1.013707e-15 3.508154e-05
1692 5.221940e-14 3.498965e-05
1693 1.034251e-13 3.489914e-05
1694 1.546308e-13 3.481000e-05
1695 2.066469e-13 3.472222e-05
1696 2.594733e-13 3.463581e-05
1697 3.122998e-13 3.455075e-05
1698 3.651263e-13 3.446703e-05
1699 4.179527e-13 3.438465e-05
1700 4.707792e-13 3.430361e-05
1701 5.236056e-13 3.422390e-05
1702 5.764321e-13 3.414551e-05
1703 6.292586e-13 3.406843e-05
1704 6.820850e-13 3.399266e-05
1705 7.346732e-13 3.391819e-05
1706 7.870232e-13 3.384502e-05
1707 8.393732e-13 3.377313e-05
1708 8.917232e-13 3.370252e-05
1709 9.440732e-13 3.363319e-05
1710 9.964232e-13 3.356513e-05
1711 1.048773e-12 3.349832e-05
1712 1.101123e-12 3.343277e-05
1713 1.153473e-12 3.336846e-05
1714 1.205823e-12 3.330539e-05
1715 1.256925e-12 3.324355e-05
1716 1.306778e-12 3.318294e-05
1717 1.356631e-12 3.312354e-05
1718 1.406484e-12 3.306535e-05
1719 1.456337e-12 3.300836e-05
1720 1.506190e-12 3.295257e-05
1721 1.556044e-12 3.289796e-05
1722 1.605897e-12 3.284453e-05
1723 1.655750e-12 3.279227e-05
1724 1.705603e-12 3.274118e-05
1725 1.753539e-12 3.269124e-05
1726 1.799559e-12 3.264245e-05
1727 1.845578e-12 3.259480e-05
1728 1.891598e-12 3.254828e-05
1729 1.937617e-12 3.250288e-05
1730 1.983637e-12 3.245860e-05
1731 2.029656e-12 3.241543e-05
1732 2.075676e-12 3.237335e-05
1733 2.121695e-12 3.233237e-05
1734 2.167715e-12 3.229248e-05
1735 2.211064e-12 3.225365e-05
1736 2.251743e-12 3.221590e-05
1737 2.292422e-12 3.217920e-05
1738 2.333101e-12 3.214355e-05
1739 2.373780e-12 3.210895e-05
1740 2.414459e-12 3.207538e-05
1741 2.455137e-12 3.204283e-05
1742 2.495816e-12 3.201130e-05
1743 2.536495e-12 3.198078e-05
1744 2.577174e-12 3.195125e-05
1745 2.614707e-12 3.192272e-05
1746 2.649093e-12 3.189517e-05
1747 2.683479e-12 3.186859e-05
1748 2.717865e-12 3.184297e-05
1749 2.752252e-12 3.181832e-05
1750 2.786638e-12 3.179460e-05
1751 2.821024e-12 3.177183e-05
1752 2.855410e-12 3.174998e-05
1753 2.889796e-12 3.172906e-05
1754 2.924182e-12 3.170905e-05
1755 2.954959e-12 3.168993e-05
1756 2.982125e-12 3.167171e-05
1757 3.009292e-12 3.165438e-05
1758 3.036459e-12 3.163792e-05
1759 3.063625e-12 3.162232e-05
1760 3.090792e-12 3.160759e-05
1761 3.117958e-12 3.159370e-05
1762 3.145125e-12 3.158064e-05
1763 3.172292e-12 3.156842e-05
1764 3.199458e-12 3.155702e-05
1765 3.222332e-12 3.154642e-05
1766 3.240914e-12 3.153663e-05
1767 3.259495e-12 3.152763e-05
1768 3.278077e-12 3.151941e-05
1769 3.296659e-12 3.151196e-05
1770 3.315240e-12 3.150528e-05
1771 3.333822e-12 3.149935e-05
1772 3.352404e-12 3.149417e-05
1773 3.370985e-12 3.148972e-05
1774 3.389567e-12 3.148599e-05
1775 3.403505e-12 3.148298e-05
1776 3.412799e-12 3.148068e-05
1777 3.422092e-12 3.147908e-05
1778 3.431386e-12 3.147816e-05
1779 3.440680e-12 3.147792e-05
1780 3.449974e-12 3.147834e-05
1781 3.459268e-12 3.147943e-05
1782 3.468562e-12 3.148116e-05
1783 3.477856e-12 3.148353e-05
1784 3.487150e-12 3.148653e-05
1785 3.491279e-12 3.149015e-05
1786 3.490243e-12 3.149438e-05
1787 3.489207e-12 3.149920e-05
1788 3.488170e-12 3.150462e-05
1789 3.487134e-12 3.151062e-05
1790 3.486098e-12 3.151719e-05
1791 3.485062e-12 3.152431e-05
1792 3.484026e-12 3.153199e-05
1793 3.482990e-12 3.154021e-05
1794 3.481954e-12 3.154895e-05
1795 3.475161e-12 3.155822e-05
1796 3.462609e-12 3.156800e-05
1797 3.450058e-12 3.157828e-05
1798 3.437506e-12 3.158905e-05
1799 3.424955e-12 3.160030e-05
1800 3.412404e-12 3.161202e-05
1801 3.399852e-12 3.162421e-05
1802 3.387301e-12 3.163684e-05
1803 3.374750e-12 3.164991e-05
1804 3.362198e-12 3.166342e-05
1805 3.343772e-12 3.167734e-05
1806 3.319472e-12 3.169168e-05
1807 3.295172e-12 3.170642e-05
1808 3.270871e-12 3.172154e-05
1809 3.246571e-12 3.173705e-05
1810 3.222271e-12 3.175293e-05
1811 3.197970e-12 3.176917e-05
1812 3.173670e-12 3.178576e-05
1813 3.149369e-12 3.180269e-05
1814 3.125069e-12 3.181995e-05
1815 3.094555e-12 3.183753e-05
1816 3.057828e-12 3.185542e-05
1817 3.021101e-12 3.187361e-05
1818 2.984374e-12 3.189209e-05
1819 2.947647e-12 3.191085e-05
1820 2.910920e-12 3.192988e-05
1821 2.874192e-12 3.194917e-05
1822 2.837465e-12 3.196871e-05
1823 2.800738e-12 3.198849e-05
1824 2.764011e-12 3.200850e-05
1825 2.721391e-12 3.202873e-05
1826 2.672879e-12 3.204917e-05
1827 2.624367e-12 3.206980e-05
1828 2.575854e-12 3.209063e-05
1829 2.527342e-12 3.211164e-05
1830 2.478829e-12 3.213281e-05
1831 2.430317e-12 3.215415e-05
1832 2.381805e-12 3.217563e-05
1833 2.333292e-12 3.219725e-05
1834 2.284780e-12 3.221901e-05
1835 2.230880e-12 3.224088e-05
1836 2.171591e-12 3.226286e-05
1837 2.112303e-12 3.228494e-05
1838 2.053015e-12 3.230711e-05
1839 1.993727e-12 3.232935e-05
1840 1.934438e-12 3.235167e-05
1841 1.875150e-12 3.237405e-05
1842 1.815862e-12 3.239647e-05
1843 1.756574e-12 3.241894e-05
1844 1.697285e-12 3.244143e-05
1845 1.633538e-12 3.246395e-05
1846 1.565332e-12 3.248647e-05
1847 1.497127e-12 3.250899e-05
1848 1.428921e-12 3.253151e-05
1849 1.360715e-12 3.255400e-05
1850 1.292509e-12 3.257646e-05
1851 1.224303e-12 3.259889e-05
1852 1.156097e-12 3.262126e-05
1853 1.087891e-12 3.264358e-05
1854 1.019686e-12 3.266582e-05
1855 9.484404e-13 3.268799e-05
1856 8.741559e-13 3.271007e-05
1857 7.998714e-13 3.273205e-05
1858 7.255869e-13 3.275392e-05
1859 6.513023e-13 3.277568e-05
1860 5.770178e-13 3.279730e-05
1861 5.027333e-13 3.281880e-05
1862 4.284488e-13 3.284014e-05
1863 3.541643e-13 3.286133e-05
1864 2.798797e-13 3.288235e-05
1865 2.037362e-13 3.290320e-05
1866 1.257337e-13 3.292386e-05
1867 4.773112e-14 3.294433e-05
1868 -3.027142e-14 3.296460e-05
1869 -1.082740e-13 3.298465e-05
1870 -1.862765e-13 3.300448e-05
1871 -2.642790e-13 3.302407e-05
1872 -3.422816e-13 3.304343e-05
1873 -4.202841e-13 3.306253e-05
1874 -4.982867e-13 3.308138e-05
1875 -5.857746e-13 3.309996e-05
1876 -6.827479e-13 3.311825e-05
1877 -7.797213e-13 3.313626e-05
1878 -8.766946e-13 3.315398e-05
1879 -9.736679e-13 3.317138e-05
1880 -1.070641e-12 3.318847e-05
1881 -1.167615e-12 3.320524e-05
1882 -1.264588e-12 3.322167e-05
1883 -1.361561e-12 3.323776e-05
1884 -1.458535e-12 3.325350e-05
1885 -1.560873e-12 3.326888e-05
1886 -1.668576e-12 3.328389e-05
1887 -1.776278e-12 3.329852e-05
1888 -1.883981e-12 3.331276e-05
1889 -1.991684e-12 3.332661e-05
1890 -2.099387e-12 3.334005e-05
1891 -2.207090e-12 3.335308e-05
1892 -2.314793e-12 3.336569e-05
1893 -2.422496e-12 3.337786e-05
1894 -2.530198e-12 3.338960e-05
1895 -2.633546e-12 3.340088e-05
1896 -2.732539e-12 3.341171e-05
1897 -2.831531e-12 3.342208e-05
1898 -2.930524e-12 3.343197e-05
1899 -3.029516e-12 3.344137e-05
1900 -3.128509e-12 3.345029e-05
1901 -3.227501e-12 3.345871e-05
1902 -3.326494e-12 3.346662e-05
1903 -3.425486e-12 3.347401e-05
1904 -3.524479e-12 3.348088e-05
1905 -3.608317e-12 3.348722e-05
1906 -3.677000e-12 3.349301e-05
1907 -3.745684e-12 3.349826e-05
1908 -3.814367e-12 3.350295e-05
1909 -3.883051e-12 3.350708e-05
1910 -3.951735e-12 3.351063e-05
1911 -4.020418e-12 3.351360e-05
1912 -4.089102e-12 3.351599e-05
1913 -4.157785e-12 3.351777e-05
1914 -4.226469e-12 3.351896e-05
1915 -4.270463e-12 3.351953e-05
1916 -4.289769e-12 3.351948e-05
1917 -4.309074e-12 3.351880e-05
1918 -4.328380e-12 3.351749e-05
1919 -4.347685e-12 3.351554e-05
1920 -4.366991e-12 3.351293e-05
1921 -4.386296e-12 3.350967e-05
1922 -4.405601e-12 3.350575e-05
1923 -4.424907e-12 3.350115e-05
1924 -4.444212e-12 3.349587e-05
1925 -4.450015e-12 3.348991e-05
1926 -4.442314e-12 3.348325e-05
1927 -4.434613e-12 3.347589e-05
1928 -4.426912e-12 3.346782e-05
1929 -4.419211e-12 3.345904e-05
1930 -4.411510e-12 3.344953e-05
1931 -4.403809e-12 3.343930e-05
1932 -4.396108e-12 3.342833e-05
1933 -4.388407e-12 3.341662e-05
1934 -4.380706e-12 3.340415e-05
1935 -4.364683e-12 3.339094e-05
1936 -4.340338e-12 3.337696e-05
1937 -4.315993e-12 3.336221e-05
1938 -4.291648e-12 3.334668e-05
1939 -4.267303e-12 3.333037e-05
1940 -4.242959e-12 3.331328e-05
1941 -4.218614e-12 3.329539e-05
1942 -4.194269e-12 3.327669e-05
1943 -4.169924e-12 3.325720e-05
1944 -4.145579e-12 3.323688e-05
1945 -4.115202e-12 3.321575e-05
1946 -4.078792e-12 3.319379e-05
1947 -4.042383e-12 3.317101e-05
1948 -4.005974e-12 3.314738e-05
1949 -3.969564e-12 3.312291e-05
1950 -3.933155e-12 3.309759e-05
1951 -3.896746e-12 3.307142e-05
1952 -3.860336e-12 3.304439e-05
1953 -3.823927e-12 3.301649e-05
1954 -3.787517e-12 3.298773e-05
1955 -3.747642e-12 3.295808e-05
1956 -3.704302e-12 3.292756e-05
1957 -3.660961e-12 3.289614e-05
1958 -3.617620e-12 3.286384e-05
1959 -3.574280e-12 3.283063e-05
1960 -3.530939e-12 3.279653e-05
1961 -3.487598e-12 3.276152e-05
1962 -3.444258e-12 3.272560e-05
1963 -3.400917e-12 3.268875e-05
1964 -3.357577e-12 3.265099e-05
1965 -3.312142e-12 3.261230e-05
1966 -3.264615e-12 3.257268e-05
1967 -3.217087e-12 3.253213e-05
1968 -3.169559e-12 3.249064e-05
1969 -3.122032e-12 3.244820e-05
1970 -3.074504e-12 3.240481e-05
1971 -3.026976e-12 3.236047e-05
1972 -2.979449e-12 3.231517e-05
1973 -2.931921e-12 3.226891e-05
1974 -2.884393e-12 3.222169e-05
1975 -2.836691e-12 3.217350e-05
1976 -2.788813e-12 3.212434e-05
1977 -2.740935e-12 3.207419e-05
1978 -2.693057e-12 3.202307e-05
1979 -2.645180e-12 3.197097e-05
1980 -2.597302e-12 3.191788e-05
1981 -2.549424e-12 3.186380e-05
1982 -2.501546e-12 3.180872e-05
1983 -2.453668e-12 3.175265e-05
1984 -2.405791e-12 3.169557e-05
1985 -2.368541e-12 3.163750e-05
1986 -2.341921e-12 3.157841e-05
1987 -2.315301e-12 3.151832e-05
1988 -2.288680e-12 3.145722e-05
1989 -2.262060e-12 3.139510e-05
1990 -2.235439e-12 3.133196e-05
1991 -2.208819e-12 3.126781e-05
1992 -2.182198e-12 3.120263e-05
1993 -2.155578e-12 3.113642e-05
1994 -2.128958e-12 3.106919e-05
1995 -2.102337e-12 3.100093e-05
1996 -2.102337e-12 3.093164e-05
1997 -2.102337e-12 3.086131e-05
1998 -2.102337e-12 3.078995e-05
1999 -2.102337e-12 3.071755e-05
2000 -2.102337e-12 3.064412e-05
2001 -2.102337e-12 3.056964e-05
