0 0.000000e+00 1.115945e-06
1 0.000000e+00 1.115945e-06
2 0.000000e+00 1.115945e-06
3 0.000000e+00 2.045818e-06
4 0.000000e+00 3.029076e-06
5 0.000000e+00 4.056607e-06
6 0.000000e+00 5.120194e-06
7 0.000000e+00 6.212467e-06
8 0.000000e+00 7.326868e-06
9 0.000000e+00 8.457604e-06
10 0.000000e+00 9.599610e-06
11 0.000000e+00 1.074850e-05
12 0.000000e+00 1.190054e-05
13 0.000000e+00 1.305258e-05
14 0.000000e+00 1.420205e-05
15 0.000000e+00 1.534688e-05
16 0.000000e+00 1.648548e-05
17 0.000000e+00 1.761670e-05
18 0.000000e+00 1.873978e-05
19 0.000000e+00 1.985429e-05
20 0.000000e+00 2.096015e-05
21 0.000000e+00 2.205750e-05
22 0.000000e+00 2.314675e-05
23 0.000000e+00 2.422846e-05
24 0.000000e+00 2.530335e-05
25 0.000000e+00 2.637223e-05
26 0.000000e+00 2.743598e-05
27 0.000000e+00 2.849548e-05
28 0.000000e+00 2.955160e-05
29 0.000000e+00 3.060514e-05
30 0.000000e+00 3.165679e-05
31 0.000000e+00 3.270710e-05
32 0.000000e+00 3.375640e-05
33 0.000000e+00 3.480483e-05
34 0.000000e+00 3.585223e-05
35 0.000000e+00 3.689825e-05
36 0.000000e+00 3.794233e-05
37 0.000000e+00 3.898377e-05
38 0.000000e+00 4.002179e-05
39 0.000000e+00 4.105555e-05
40 0.000000e+00 4.208418e-05
41 0.000000e+00 4.310688e-05
42 0.000000e+00 4.412291e-05
43 0.000000e+00 4.513167e-05
44 0.000000e+00 4.613271e-05
45 0.000000e+00 4.712574e-05
46 0.000000e+00 4.811061e-05
47 0.000000e+00 4.908734e-05
48 0.000000e+00 5.005604e-05
49 0.000000e+00 5.101698e-05
50 0.000000e+00 5.197050e-05
51 0.000000e+00 5.291708e-05
52 0.000000e+00 5.385724e-05
53 0.000000e+00 5.479163e-05
54 0.000000e+00 5.572093e-05
55 0.000000e+00 5.664586e-05
56 0.000000e+00 5.756714e-05
57 0.000000e+00 5.848545e-05
58 0.000000e+00 5.940138e-05
59 0.000000e+00 6.031542e-05
60 0.000000e+00 6.122792e-05
61 0.000000e+00 6.213902e-05
62 0.000000e+00 6.304866e-05
63 0.000000e+00 6.395651e-05
64 0.000000e+00 6.486198e-05
65 0.000000e+00 6.576425e-05
66 0.000000e+00 6.666235e-05
67 0.000000e+00 6.755523e-05
68 0.000000e+00 6.844183e-05
69 0.000000e+00 6.932115e-05
70 0.000000e+00 7.019233e-05
71 0.000000e+00 7.105470e-05
72 0.000000e+00 7.190786e-05
73 0.000000e+00 7.275178e-05
74 0.000000e+00 7.358678e-05
75 0.000000e+00 7.441354e-05
76 0.000000e+00 7.523297e-05
77 0.000000e+00 7.604618e-05
78 0.000000e+00 7.685435e-05
79 0.000000e+00 7.765871e-05
80 0.000000e+00 7.846038e-05
81 0.000000e+00 7.926036e-05
82 0.000000e+00 8.005942e-05
83 0.000000e+00 8.085802e-05
84 0.000000e+00 8.165627e-05
85 0.000000e+00 8.245394e-05
86 0.000000e+00 8.325056e-05
87 0.000000e+00 8.404543e-05
88 0.000000e+00 8.483772e-05
89 0.000000e+00 8.562652e-05
90 0.000000e+00 8.641089e-05
91 0.000000e+00 8.718994e-05
92 0.000000e+00 8.796287e-05
93 0.000000e+00 8.872906e-05
94 0.000000e+00 8.948806e-05
95 0.000000e+00 9.023965e-05
96 0.000000e+00 9.098377e-05
97 0.000000e+00 9.172050e-05
98 0.000000e+00 9.245005e-05
99 0.000000e+00 9.317271e-05
100 0.000000e+00 9.388885e-05
101 0.000000e+00 9.459889e-05
102 0.000000e+00 9.530326e-05
103 0.000000e+00 9.600236e-05
104 0.000000e+00 9.669659e-05
105 0.000000e+00 9.738632e-05
106 0.000000e+00 9.807185e-05
107 0.000000e+00 9.875350e-05
108 0.000000e+00 9.943152e-05
109 0.000000e+00 1.001062e-04
110 0.000000e+00 1.007776e-04
111 0.000000e+00 1.014461e-04
112 0.000000e+00 1.021117e-04
113 0.000000e+00 1.027747e-04
114 0.000000e+00 1.034350e-04
115 0.000000e+00 1.040929e-04
116 0.000000e+00 1.047485e-04
117 0.000000e+00 1.054017e-04
118 0.000000e+00 1.060526e-04
119 0.000000e+00 1.067013e-04
120 0.000000e+00 1.073478e-04
121 0.000000e+00 1.079920e-04
122 0.000000e+00 1.086341e-04
123 0.000000e+00 1.092740e-04
124 0.000000e+00 1.099116e-04
125 0.000000e+00 1.105470e-04
126 0.000000e+00 1.111801e-04
127 0.000000e+00 1.118109e-04
128 0.000000e+00 1.124394e-04
129 0.000000e+00 1.130655e-04
130 0.000000e+00 1.136893e-04
131 0.000000e+00 1.143106e-04
132 0.000000e+00 1.149295e-04
133 0.000000e+00 1.155460e-04
134 0.000000e+00 1.161600e-04
135 0.000000e+00 1.167715e-04
136 0.000000e+00 1.173805e-04
137 0.000000e+00 1.179871e-04
138 0.000000e+00 1.185913e-04
139 0.000000e+00 1.191930e-04
140 0.000000e+00 1.197923e-04
141 0.000000e+00 1.203892e-04
142 0.000000e+00 1.209838e-04
143 0.000000e+00 1.215760e-04
144 0.000000e+00 1.221660e-04
145 0.000000e+00 1.227537e-04
146 0.000000e+00 1.233393e-04
147 0.000000e+00 1.239227e-04
148 0.000000e+00 1.245040e-04
149 0.000000e+00 1.250833e-04
150 0.000000e+00 1.256606e-04
151 0.000000e+00 1.262359e-04
152 0.000000e+00 1.268094e-04
153 0.000000e+00 1.273811e-04
154 0.000000e+00 1.279510e-04
155 0.000000e+00 1.285192e-04
156 0.000000e+00 1.290857e-04
157 0.000000e+00 1.296507e-04
158 0.000000e+00 1.302141e-04
159 0.000000e+00 1.307761e-04
160 0.000000e+00 1.313367e-04
161 0.000000e+00 1.318959e-04
162 0.000000e+00 1.324538e-04
163 0.000000e+00 1.330105e-04
164 0.000000e+00 1.335660e-04
165 0.000000e+00 1.341203e-04
166 0.000000e+00 1.346735e-04
167 0.000000e+00 1.352256e-04
168 0.000000e+00 1.357767e-04
169 0.000000e+00 1.363268e-04
170 0.000000e+00 1.368760e-04
171 0.000000e+00 1.374242e-04
172 0.000000e+00 1.379716e-04
173 0.000000e+00 1.385181e-04
174 0.000000e+00 1.390638e-04
175 0.000000e+00 1.396087e-04
176 0.000000e+00 1.401528e-04
177 0.000000e+00 1.406962e-04
178 0.000000e+00 1.412389e-04
179 0.000000e+00 1.417809e-04
180 0.000000e+00 1.423222e-04
181 0.000000e+00 1.428629e-04
182 0.000000e+00 1.434030e-04
183 0.000000e+00 1.439424e-04
184 0.000000e+00 1.444813e-04
185 0.000000e+00 1.450196e-04
186 0.000000e+00 1.455573e-04
187 0.000000e+00 1.460945e-04
188 0.000000e+00 1.466312e-04
189 0.000000e+00 1.471674e-04
190 0.000000e+00 1.477031e-04
191 0.000000e+00 1.482383e-04
192 0.000000e+00 1.487731e-04
193 0.000000e+00 1.493074e-04
194 0.000000e+00 1.498413e-04
195 0.000000e+00 1.503748e-04
196 0.000000e+00 1.509079e-04
197 0.000000e+00 1.514405e-04
198 0.000000e+00 1.519728e-04
199 0.000000e+00 1.525048e-04
200 0.000000e+00 1.530364e-04
201 0.000000e+00 1.535676e-04
202 0.000000e+00 1.540985e-04
203 0.000000e+00 1.546291e-04
204 0.000000e+00 1.551594e-04
205 0.000000e+00 1.556895e-04
206 0.000000e+00 1.562192e-04
207 0.000000e+00 1.567487e-04
208 0.000000e+00 1.572779e-04
209 0.000000e+00 1.578069e-04
210 0.000000e+00 1.583356e-04
211 0.000000e+00 1.588641e-04
212 0.000000e+00 1.593924e-04
213 0.000000e+00 1.599205e-04
214 0.000000e+00 1.604484e-04
215 0.000000e+00 1.609761e-04
216 0.000000e+00 1.615036e-04
217 0.000000e+00 1.620310e-04
218 0.000000e+00 1.625581e-04
219 0.000000e+00 1.630852e-04
220 0.000000e+00 1.636120e-04
221 0.000000e+00 1.641387e-04
222 0.000000e+00 1.646653e-04
223 0.000000e+00 1.651917e-04
224 0.000000e+00 1.657179e-04
225 0.000000e+00 1.662441e-04
226 0.000000e+00 1.667701e-04
227 0.000000e+00 1.672960e-04
228 0.000000e+00 1.678217e-04
229 0.000000e+00 1.683473e-04
230 0.000000e+00 1.688728e-04
231 0.000000e+00 1.693981e-04
232 0.000000e+00 1.699234e-04
233 0.000000e+00 1.704484e-04
234 0.000000e+00 1.709734e-04
235 0.000000e+00 1.714982e-04
236 0.000000e+00 1.720229e-04
237 0.000000e+00 1.725475e-04
238 0.000000e+00 1.730718e-04
239 0.000000e+00 1.735961e-04
240 0.000000e+00 1.741202e-04
241 0.000000e+00 1.746441e-04
242 0.000000e+00 1.751679e-04
243 0.000000e+00 1.756914e-04
244 0.000000e+00 1.762148e-04
245 0.000000e+00 1.767380e-04
246 0.000000e+00 1.772610e-04
247 0.000000e+00 1.777838e-04
248 0.000000e+00 1.783064e-04
249 0.000000e+00 1.788287e-04
250 0.000000e+00 1.793508e-04
251 0.000000e+00 1.798726e-04
252 0.000000e+00 1.803942e-04
253 0.000000e+00 1.809155e-04
254 0.000000e+00 1.814365e-04
255 0.000000e+00 1.819572e-04
256 0.000000e+00 1.824776e-04
257 0.000000e+00 1.829976e-04
258 0.000000e+00 1.835172e-04
259 0.000000e+00 1.840365e-04
260 0.000000e+00 1.845554e-04
261 0.000000e+00 1.850739e-04
262 0.000000e+00 1.855919e-04
263 0.000000e+00 1.861095e-04
264 0.000000e+00 1.866266e-04
265 0.000000e+00 1.871432e-04
266 0.000000e+00 1.876592e-04
267 0.000000e+00 1.881747e-04
268 0.000000e+00 1.886895e-04
269 0.000000e+00 1.892037e-04
270 0.000000e+00 1.897173e-04
271 0.000000e+00 1.902301e-04
272 0.000000e+00 1.907421e-04
273 0.000000e+00 1.912534e-04
274 0.000000e+00 1.917638e-04
275 0.000000e+00 1.922732e-04
276 0.000000e+00 1.927818e-04
277 0.000000e+00 1.932893e-04
278 0.000000e+00 1.937958e-04
279 0.000000e+00 1.943011e-04
280 0.000000e+00 1.948052e-04
281 0.000000e+00 1.953081e-04
282 0.000000e+00 1.958096e-04
283 0.000000e+00 1.963097e-04
284 0.000000e+00 1.968083e-04
285 0.000000e+00 1.973054e-04
286 0.000000e+00 1.978008e-04
287 0.000000e+00 1.982944e-04
288 0.000000e+00 1.987863e-04
289 0.000000e+00 1.992762e-04
290 0.000000e+00 1.997640e-04
291 0.000000e+00 2.002498e-04
292 0.000000e+00 2.007334e-04
293 0.000000e+00 2.012147e-04
294 0.000000e+00 2.016935e-04
295 0.000000e+00 2.021700e-04
296 0.000000e+00 2.026438e-04
297 0.000000e+00 2.031150e-04
298 0.000000e+00 2.035834e-04
299 0.000000e+00 2.040490e-04
300 1.232924e-15 2.045117e-04
301 1.232924e-15 2.049713e-04
302 1.232924e-15 2.054280e-04
303 1.232924e-15 2.058814e-04
304 1.232924e-15 2.063317e-04
305 1.236593e-15 2.067787e-04
306 1.243930e-15 2.072224e-04
307 1.251267e-15 2.076626e-04
308 1.258604e-15 2.080995e-04
309 1.265942e-15 2.085329e-04
310 1.273279e-15 2.089628e-04
311 1.280616e-15 2.093892e-04
312 1.287954e-15 2.098121e-04
313 1.295291e-15 2.102314e-04
314 1.302628e-15 2.106472e-04
315 1.309847e-15 2.110594e-04
316 1.316948e-15 2.114681e-04
317 1.324049e-15 2.118733e-04
318 1.331150e-15 2.122750e-04
319 1.338251e-15 2.126733e-04
320 1.345352e-15 2.130682e-04
321 1.352453e-15 2.134597e-04
322 1.359554e-15 2.138478e-04
323 1.366655e-15 2.142327e-04
324 1.373756e-15 2.146144e-04
325 1.380748e-15 2.149929e-04
326 1.387631e-15 2.153683e-04
327 1.394513e-15 2.157406e-04
328 1.401396e-15 2.161099e-04
329 1.408279e-15 2.164762e-04
330 1.415161e-15 2.168396e-04
331 1.422044e-15 2.172002e-04
332 1.428927e-15 2.175579e-04
333 1.435809e-15 2.179129e-04
334 1.442692e-15 2.182651e-04
335 1.449307e-15 2.186146e-04
336 1.455654e-15 2.189614e-04
337 1.462000e-15 2.193056e-04
338 1.468347e-15 2.196472e-04
339 1.474694e-15 2.199861e-04
340 1.481041e-15 2.203224e-04
341 1.487388e-15 2.206561e-04
342 1.493734e-15 2.209872e-04
343 1.500081e-15 2.213156e-04
344 1.506428e-15 2.216413e-04
345 1.512493e-15 2.219642e-04
346 1.518276e-15 2.222844e-04
347 1.524059e-15 2.226018e-04
348 1.529842e-15 2.229162e-04
349 1.535625e-15 2.232277e-04
350 1.541408e-15 2.235360e-04
351 1.547191e-15 2.238413e-04
352 1.552974e-15 2.241433e-04
353 1.558757e-15 2.244421e-04
354 1.564540e-15 2.247374e-04
355 1.570083e-15 2.250292e-04
356 1.575385e-15 2.253174e-04
357 1.580688e-15 2.256020e-04
358 1.585991e-15 2.258828e-04
359 1.591293e-15 2.261597e-04
360 1.596596e-15 2.264326e-04
361 1.601899e-15 2.267015e-04
362 1.607202e-15 2.269663e-04
363 1.612504e-15 2.272268e-04
364 1.617807e-15 2.274831e-04
365 1.622850e-15 2.277350e-04
366 1.627632e-15 2.279825e-04
367 1.632415e-15 2.282256e-04
368 1.637197e-15 2.284641e-04
369 1.641980e-15 2.286981e-04
370 1.646762e-15 2.289275e-04
371 1.651545e-15 2.291523e-04
372 1.656327e-15 2.293724e-04
373 1.661110e-15 2.295880e-04
374 1.665892e-15 2.297990e-04
375 1.670707e-15 2.300055e-04
376 1.675554e-15 2.302074e-04
377 1.680401e-15 2.304049e-04
378 1.685249e-15 2.305979e-04
379 1.690096e-15 2.307866e-04
380 1.694943e-15 2.309711e-04
381 1.699790e-15 2.311514e-04
382 1.704637e-15 2.313276e-04
383 1.709484e-15 2.314998e-04
384 1.714331e-15 2.316682e-04
385 1.719141e-15 2.318328e-04
386 1.723913e-15 2.319937e-04
387 1.728686e-15 2.321511e-04
388 1.733458e-15 2.323051e-04
389 1.738230e-15 2.324559e-04
390 1.743002e-15 2.326034e-04
391 1.747775e-15 2.327479e-04
392 1.752547e-15 2.328895e-04
393 1.757319e-15 2.330283e-04
394 1.762091e-15 2.331645e-04
395 1.767098e-15 2.332981e-04
396 1.772339e-15 2.334293e-04
397 1.777579e-15 2.335582e-04
398 1.782820e-15 2.336849e-04
399 1.788061e-15 2.338095e-04
400 1.793301e-15 2.339321e-04
401 1.798542e-15 2.340528e-04
402 1.803783e-15 2.341718e-04
403 1.809024e-15 2.342890e-04
404 1.814264e-15 2.344046e-04
405 1.820076e-15 2.345187e-04
406 1.826460e-15 2.346312e-04
407 1.832843e-15 2.347423e-04
408 1.839226e-15 2.348520e-04
409 1.845609e-15 2.349603e-04
410 1.851993e-15 2.350672e-04
411 1.858376e-15 2.351729e-04
412 1.864759e-15 2.352773e-04
413 1.871143e-15 2.353804e-04
414 1.877526e-15 2.354823e-04
415 1.884372e-15 2.355829e-04
416 1.891680e-15 2.356823e-04
417 1.898989e-15 2.357804e-04
418 1.906298e-15 2.358774e-04
419 1.913606e-15 2.359730e-04
420 1.920915e-15 2.360675e-04
421 1.928223e-15 2.361607e-04
422 1.935532e-15 2.362526e-04
423 1.942840e-15 2.363432e-04
424 1.950149e-15 2.364326e-04
425 1.958182e-15 2.365206e-04
426 1.966940e-15 2.366073e-04
427 1.975698e-15 2.366927e-04
428 1.984456e-15 2.367767e-04
429 1.993213e-15 2.368593e-04
430 2.001971e-15 2.369406e-04
431 2.010729e-15 2.370205e-04
432 2.019487e-15 2.370989e-04
433 2.028245e-15 2.371760e-04
434 2.037003e-15 2.372516e-04
435 2.046272e-15 2.373258e-04
436 2.056053e-15 2.373985e-04
437 2.065835e-15 2.374698e-04
438 2.075616e-15 2.375397e-04
439 2.085397e-15 2.376081e-04
440 2.095179e-15 2.376752e-04
441 2.104960e-15 2.377408e-04
442 2.114741e-15 2.378049e-04
443 2.124522e-15 2.378677e-04
444 2.134304e-15 2.379292e-04
445 2.144630e-15 2.379892e-04
446 2.155500e-15 2.380480e-04
447 2.166371e-15 2.381054e-04
448 2.177242e-15 2.381615e-04
449 2.188112e-15 2.382164e-04
450 2.198983e-15 2.382700e-04
451 2.209854e-15 2.383225e-04
452 2.220724e-15 2.383738e-04
453 2.231595e-15 2.384240e-04
454 2.242466e-15 2.384732e-04
455 2.253876e-15 2.385213e-04
456 2.265826e-15 2.385685e-04
457 2.277775e-15 2.386147e-04
458 2.289725e-15 2.386601e-04
459 2.301675e-15 2.387047e-04
460 2.313625e-15 2.387485e-04
461 2.325574e-15 2.387917e-04
462 2.337524e-15 2.388343e-04
463 2.349474e-15 2.388764e-04
464 2.361424e-15 2.389180e-04
465 2.373802e-15 2.389593e-04
466 2.386608e-15 2.390002e-04
467 2.399414e-15 2.390410e-04
468 2.412221e-15 2.390816e-04
469 2.425027e-15 2.391223e-04
470 2.437833e-15 2.391629e-04
471 2.450640e-15 2.392038e-04
472 2.463446e-15 2.392448e-04
473 2.476253e-15 2.392862e-04
474 2.489059e-15 2.393280e-04
475 2.502418e-15 2.393704e-04
476 2.516331e-15 2.394133e-04
477 2.530244e-15 2.394569e-04
478 2.544156e-15 2.395012e-04
479 2.558069e-15 2.395464e-04
480 2.571981e-15 2.395925e-04
481 2.585894e-15 2.396396e-04
482 2.599807e-15 2.396877e-04
483 2.613719e-15 2.397370e-04
484 2.627632e-15 2.397875e-04
485 2.641929e-15 2.398392e-04
486 2.656609e-15 2.398922e-04
487 2.671290e-15 2.399465e-04
488 2.685971e-15 2.400022e-04
489 2.700652e-15 2.400593e-04
490 2.715333e-15 2.401179e-04
491 2.730014e-15 2.401779e-04
492 2.744695e-15 2.402394e-04
493 2.759376e-15 2.403023e-04
494 2.774056e-15 2.403667e-04
495 2.789258e-15 2.404325e-04
496 2.804980e-15 2.404998e-04
497 2.820703e-15 2.405684e-04
498 2.836425e-15 2.406384e-04
499 2.852147e-15 2.407098e-04
500 2.867870e-15 2.407823e-04
501 2.883592e-15 2.408562e-04
502 2.899314e-15 2.409311e-04
503 2.915037e-15 2.410072e-04
504 2.930759e-15 2.410843e-04
505 2.946969e-15 2.411623e-04
506 2.963667e-15 2.412413e-04
507 2.980365e-15 2.413211e-04
508 2.997063e-15 2.414016e-04
509 3.013761e-15 2.414828e-04
510 3.030458e-15 2.415647e-04
511 3.047156e-15 2.416470e-04
512 3.063854e-15 2.417298e-04
513 3.080552e-15 2.418130e-04
514 3.097250e-15 2.418965e-04
515 3.114386e-15 2.419802e-04
516 3.131961e-15 2.420641e-04
517 3.149535e-15 2.421481e-04
518 3.167110e-15 2.422322e-04
519 3.184684e-15 2.423163e-04
520 3.202259e-15 2.424003e-04
521 3.219834e-15 2.424842e-04
522 3.237408e-15 2.425679e-04
523 3.254983e-15 2.426515e-04
524 3.272557e-15 2.427348e-04
525 3.290431e-15 2.428179e-04
526 3.308604e-15 2.429008e-04
527 3.326777e-15 2.429834e-04
528 3.344951e-15 2.430657e-04
529 3.363124e-15 2.431478e-04
530 3.381297e-15 2.432296e-04
531 3.399470e-15 2.433112e-04
532 3.417643e-15 2.433925e-04
533 3.435816e-15 2.434736e-04
534 3.453989e-15 2.435545e-04
535 3.472516e-15 2.436352e-04
536 3.491396e-15 2.437158e-04
537 3.510276e-15 2.437963e-04
538 3.529156e-15 2.438766e-04
539 3.548036e-15 2.439569e-04
540 3.566916e-15 2.440372e-04
541 3.585797e-15 2.441175e-04
542 3.604677e-15 2.441979e-04
543 3.623557e-15 2.442784e-04
544 3.642437e-15 2.443590e-04
545 3.661490e-15 2.444398e-04
546 3.680715e-15 2.445208e-04
547 3.699941e-15 2.446020e-04
548 3.719166e-15 2.446836e-04
549 3.738392e-15 2.447655e-04
550 3.757617e-15 2.448477e-04
551 3.776843e-15 2.449304e-04
552 3.796068e-15 2.450135e-04
553 3.815293e-15 2.450971e-04
554 3.834519e-15 2.451812e-04
555 3.853968e-15 2.452658e-04
556 3.873640e-15 2.453510e-04
557 3.893312e-15 2.454368e-04
558 3.912984e-15 2.455231e-04
559 3.932657e-15 2.456101e-04
560 3.952329e-15 2.456977e-04
561 3.972001e-15 2.457860e-04
562 3.991673e-15 2.458749e-04
563 4.011345e-15 2.459645e-04
564 4.031017e-15 2.460548e-04
565 4.050633e-15 2.461457e-04
566 4.070193e-15 2.462373e-04
567 4.089752e-15 2.463297e-04
568 4.109311e-15 2.464227e-04
569 4.128870e-15 2.465164e-04
570 4.148430e-15 2.466107e-04
571 4.167989e-15 2.467058e-04
572 4.187548e-15 2.468015e-04
573 4.207108e-15 2.468979e-04
574 4.226667e-15 2.469949e-04
575 4.246271e-15 2.470925e-04
576 4.265921e-15 2.471908e-04
577 4.285571e-15 2.472897e-04
578 4.305221e-15 2.473892e-04
579 4.324870e-15 2.474892e-04
580 4.344520e-15 2.475899e-04
581 4.364170e-15 2.476910e-04
582 4.383820e-15 2.477926e-04
583 4.403470e-15 2.478948e-04
584 4.423119e-15 2.479974e-04
585 4.442777e-15 2.481004e-04
586 4.462441e-15 2.482038e-04
587 4.482106e-15 2.483077e-04
588 4.501771e-15 2.484118e-04
589 4.521436e-15 2.485163e-04
590 4.541100e-15 2.486211e-04
591 4.560765e-15 2.487261e-04
592 4.580430e-15 2.488314e-04
593 4.600094e-15 2.489368e-04
594 4.619759e-15 2.490424e-04
595 4.639211e-15 2.491481e-04
596 4.658451e-15 2.492539e-04
597 4.677691e-15 2.493597e-04
598 4.696931e-15 2.494656e-04
599 4.716171e-15 2.495714e-04
600 4.735410e-15 2.496771e-04
601 4.754650e-15 2.497827e-04
602 4.773890e-15 2.498882e-04
603 4.793130e-15 2.499934e-04
604 4.812370e-15 2.500985e-04
605 4.831568e-15 2.502032e-04
606 4.850725e-15 2.503076e-04
607 4.869882e-15 2.504117e-04
608 4.889038e-15 2.505153e-04
609 4.908195e-15 2.506185e-04
610 4.927352e-15 2.507212e-04
611 4.946508e-15 2.508234e-04
612 4.965665e-15 2.509249e-04
613 4.984822e-15 2.510259e-04
614 5.003979e-15 2.511262e-04
615 5.022995e-15 2.512257e-04
616 5.041870e-15 2.513245e-04
617 5.060746e-15 2.514225e-04
618 5.079621e-15 2.515196e-04
619 5.098497e-15 2.516158e-04
620 5.117372e-15 2.517111e-04
621 5.136248e-15 2.518054e-04
622 5.155123e-15 2.518987e-04
623 5.173999e-15 2.519909e-04
624 5.192874e-15 2.520821e-04
625 5.211624e-15 2.521720e-04
626 5.230249e-15 2.522607e-04
627 5.248874e-15 2.523483e-04
628 5.267499e-15 2.524345e-04
629 5.286124e-15 2.525194e-04
630 5.304749e-15 2.526029e-04
631 5.323374e-15 2.526851e-04
632 5.341999e-15 2.527657e-04
633 5.360624e-15 2.528450e-04
634 5.379249e-15 2.529226e-04
635 5.398247e-15 2.529988e-04
636 5.417616e-15 2.530733e-04
637 5.436986e-15 2.531462e-04
638 5.456356e-15 2.532175e-04
639 5.475725e-15 2.532870e-04
640 5.495095e-15 2.533548e-04
641 5.514465e-15 2.534209e-04
642 5.533834e-15 2.534851e-04
643 5.553204e-15 2.535476e-04
644 5.572574e-15 2.536081e-04
645 5.592264e-15 2.536668e-04
646 5.612275e-15 2.537236e-04
647 5.632285e-15 2.537785e-04
648 5.652296e-15 2.538314e-04
649 5.672307e-15 2.538823e-04
650 5.692318e-15 2.539312e-04
651 5.712329e-15 2.539781e-04
652 5.732339e-15 2.540229e-04
653 5.752350e-15 2.540657e-04
654 5.772361e-15 2.541064e-04
655 5.792957e-15 2.541450e-04
656 5.814138e-15 2.541815e-04
657 5.835319e-15 2.542159e-04
658 5.856500e-15 2.542482e-04
659 5.877681e-15 2.542783e-04
660 5.898862e-15 2.543063e-04
661 5.920043e-15 2.543321e-04
662 5.941224e-15 2.543558e-04
663 5.962405e-15 2.543773e-04
664 5.983586e-15 2.543967e-04
665 6.005537e-15 2.544139e-04
666 6.028259e-15 2.544289e-04
667 6.050980e-15 2.544417e-04
668 6.073702e-15 2.544524e-04
669 6.096423e-15 2.544610e-04
670 6.119145e-15 2.544673e-04
671 6.141866e-15 2.544716e-04
672 6.164587e-15 2.544737e-04
673 6.187309e-15 2.544736e-04
674 6.210030e-15 2.544714e-04
675 6.233684e-15 2.544671e-04
676 6.258271e-15 2.544608e-04
677 6.282857e-15 2.544523e-04
678 6.307444e-15 2.544417e-04
679 6.332030e-15 2.544291e-04
680 6.356617e-15 2.544144e-04
681 6.381203e-15 2.543976e-04
682 6.405790e-15 2.543789e-04
683 6.430376e-15 2.543581e-04
684 6.454962e-15 2.543354e-04
685 6.480782e-15 2.543107e-04
686 6.507833e-15 2.542840e-04
687 6.534885e-15 2.542555e-04
688 6.561937e-15 2.542250e-04
689 6.588989e-15 2.541926e-04
690 6.616041e-15 2.541584e-04
691 6.643093e-15 2.541223e-04
692 6.670144e-15 2.540844e-04
693 6.697196e-15 2.540448e-04
694 6.724248e-15 2.540033e-04
695 6.752138e-15 2.539602e-04
696 6.780865e-15 2.539153e-04
697 6.809592e-15 2.538687e-04
698 6.838319e-15 2.538205e-04
699 6.867046e-15 2.537707e-04
700 6.895774e-15 2.537192e-04
701 6.924501e-15 2.536662e-04
702 6.953228e-15 2.536117e-04
703 6.981955e-15 2.535556e-04
704 7.010682e-15 2.534981e-04
705 7.040489e-15 2.534391e-04
706 7.071375e-15 2.533787e-04
707 7.102260e-15 2.533170e-04
708 7.133146e-15 2.532539e-04
709 7.164032e-15 2.531894e-04
710 7.194917e-15 2.531237e-04
711 7.225803e-15 2.530567e-04
712 7.256689e-15 2.529885e-04
713 7.287574e-15 2.529192e-04
714 7.318460e-15 2.528486e-04
715 7.350147e-15 2.527770e-04
716 7.382635e-15 2.527043e-04
717 7.415123e-15 2.526305e-04
718 7.447611e-15 2.525558e-04
719 7.480099e-15 2.524800e-04
720 7.512587e-15 2.524033e-04
721 7.545075e-15 2.523257e-04
722 7.577563e-15 2.522473e-04
723 7.610051e-15 2.521680e-04
724 7.642539e-15 2.520879e-04
725 7.675821e-15 2.520070e-04
726 7.709897e-15 2.519254e-04
727 7.743973e-15 2.518431e-04
728 7.778049e-15 2.517602e-04
729 7.812124e-15 2.516766e-04
730 7.846200e-15 2.515925e-04
731 7.880276e-15 2.515078e-04
732 7.914352e-15 2.514225e-04
733 7.948428e-15 2.513368e-04
734 7.982504e-15 2.512507e-04
735 8.017427e-15 2.511641e-04
736 8.053198e-15 2.510772e-04
737 8.088968e-15 2.509899e-04
738 8.124739e-15 2.509023e-04
739 8.160509e-15 2.508144e-04
740 8.196279e-15 2.507263e-04
741 8.232050e-15 2.506379e-04
742 8.267820e-15 2.505494e-04
743 8.303591e-15 2.504607e-04
744 8.339361e-15 2.503719e-04
745 8.375989e-15 2.502831e-04
746 8.413474e-15 2.501942e-04
747 8.450959e-15 2.501052e-04
748 8.488445e-15 2.500163e-04
749 8.525930e-15 2.499274e-04
750 8.563415e-15 2.498385e-04
751 8.600900e-15 2.497498e-04
752 8.638386e-15 2.496612e-04
753 8.675871e-15 2.495727e-04
754 8.713356e-15 2.494844e-04
755 8.751920e-15 2.493963e-04
756 8.791563e-15 2.493085e-04
757 8.831206e-15 2.492209e-04
758 8.870849e-15 2.491336e-04
759 8.910492e-15 2.490465e-04
760 8.950135e-15 2.489599e-04
761 8.989778e-15 2.488735e-04
762 9.029421e-15 2.487875e-04
763 9.069064e-15 2.487020e-04
764 9.108707e-15 2.486168e-04
765 9.149283e-15 2.485321e-04
766 9.190792e-15 2.484478e-04
767 9.232301e-15 2.483640e-04
768 9.273810e-15 2.482807e-04
769 9.315319e-15 2.481979e-04
770 9.356829e-15 2.481157e-04
771 9.398338e-15 2.480340e-04
772 9.439847e-15 2.479528e-04
773 9.481356e-15 2.478723e-04
774 9.522865e-15 2.477923e-04
775 9.565809e-15 2.477130e-04
776 9.610188e-15 2.476342e-04
777 9.654567e-15 2.475562e-04
778 9.698946e-15 2.474787e-04
779 9.743324e-15 2.474020e-04
780 9.787703e-15 2.473259e-04
781 9.832082e-15 2.472505e-04
782 9.876461e-15 2.471758e-04
783 9.920839e-15 2.471018e-04
784 9.965218e-15 2.470285e-04
785 1.001099e-14 2.469560e-04
786 1.005815e-14 2.468842e-04
787 1.010531e-14 2.468131e-04
788 1.015247e-14 2.467428e-04
789 1.019963e-14 2.466733e-04
790 1.024679e-14 2.466045e-04
791 1.029395e-14 2.465365e-04
792 1.034111e-14 2.464693e-04
793 1.038827e-14 2.464028e-04
794 1.043543e-14 2.463372e-04
795 1.048434e-14 2.462723e-04
796 1.053499e-14 2.462083e-04
797 1.058564e-14 2.461450e-04
798 1.063629e-14 2.460825e-04
799 1.068693e-14 2.460209e-04
800 1.073758e-14 2.459600e-04
801 1.078823e-14 2.458999e-04
802 1.083888e-14 2.458407e-04
803 1.088953e-14 2.457822e-04
804 1.094018e-14 2.457245e-04
805 1.099242e-14 2.456677e-04
806 1.104626e-14 2.456116e-04
807 1.110010e-14 2.455563e-04
808 1.115393e-14 2.455018e-04
809 1.120777e-14 2.454481e-04
810 1.126161e-14 2.453952e-04
811 1.131544e-14 2.453430e-04
812 1.136928e-14 2.452916e-04
813 1.142311e-14 2.452410e-04
814 1.147695e-14 2.451911e-04
815 1.153237e-14 2.451419e-04
816 1.158937e-14 2.450936e-04
817 1.164638e-14 2.450459e-04
818 1.170338e-14 2.449989e-04
819 1.176038e-14 2.449527e-04
820 1.181739e-14 2.449071e-04
821 1.187439e-14 2.448623e-04
822 1.193139e-14 2.448181e-04
823 1.198840e-14 2.447746e-04
824 1.204540e-14 2.447317e-04
825 1.210405e-14 2.446895e-04
826 1.216435e-14 2.446479e-04
827 1.222464e-14 2.446069e-04
828 1.228494e-14 2.445666e-04
829 1.234523e-14 2.445267e-04
830 1.240553e-14 2.444875e-04
831 1.246582e-14 2.444488e-04
832 1.252612e-14 2.444106e-04
833 1.258641e-14 2.443730e-04
834 1.264671e-14 2.443358e-04
835 1.270861e-14 2.442992e-04
836 1.277211e-14 2.442629e-04
837 1.283562e-14 2.442272e-04
838 1.289913e-14 2.441918e-04
839 1.296264e-14 2.441568e-04
840 1.302614e-14 2.441222e-04
841 1.308965e-14 2.440880e-04
842 1.315316e-14 2.440541e-04
843 1.321667e-14 2.440205e-04
844 1.328017e-14 2.439871e-04
845 1.334476e-14 2.439541e-04
846 1.341042e-14 2.439212e-04
847 1.347608e-14 2.438886e-04
848 1.354174e-14 2.438562e-04
849 1.360739e-14 2.438239e-04
850 1.367305e-14 2.437918e-04
851 1.373871e-14 2.437597e-04
852 1.380437e-14 2.437277e-04
853 1.387003e-14 2.436958e-04
854 1.393569e-14 2.436639e-04
855 1.400250e-14 2.436319e-04
856 1.407047e-14 2.436000e-04
857 1.413844e-14 2.435679e-04
858 1.420641e-14 2.435358e-04
859 1.427438e-14 2.435035e-04
860 1.434235e-14 2.434710e-04
861 1.441032e-14 2.434383e-04
862 1.447829e-14 2.434054e-04
863 1.454626e-14 2.433723e-04
864 1.461422e-14 2.433388e-04
865 1.468283e-14 2.433050e-04
866 1.475206e-14 2.432708e-04
867 1.482130e-14 2.432362e-04
868 1.489053e-14 2.432012e-04
869 1.495977e-14 2.431657e-04
870 1.502900e-14 2.431297e-04
871 1.509824e-14 2.430931e-04
872 1.516747e-14 2.430559e-04
873 1.523671e-14 2.430182e-04
874 1.530594e-14 2.429797e-04
875 1.537541e-14 2.429406e-04
876 1.544511e-14 2.429007e-04
877 1.551482e-14 2.428601e-04
878 1.558452e-14 2.428187e-04
879 1.565422e-14 2.427764e-04
880 1.572392e-14 2.427332e-04
881 1.579363e-14 2.426891e-04
882 1.586333e-14 2.426441e-04
883 1.593303e-14 2.425981e-04
884 1.600273e-14 2.425510e-04
885 1.607202e-14 2.425028e-04
886 1.614089e-14 2.424536e-04
887 1.620976e-14 2.424032e-04
888 1.627863e-14 2.423516e-04
889 1.634751e-14 2.422987e-04
890 1.641638e-14 2.422447e-04
891 1.648525e-14 2.421893e-04
892 1.655412e-14 2.421325e-04
893 1.662299e-14 2.420744e-04
894 1.669186e-14 2.420149e-04
895 1.675994e-14 2.419539e-04
896 1.682722e-14 2.418915e-04
897 1.689450e-14 2.418275e-04
898 1.696178e-14 2.417619e-04
899 1.702906e-14 2.416948e-04
900 1.709635e-14 2.416260e-04
901 1.716363e-14 2.415555e-04
902 1.723091e-14 2.414833e-04
903 1.729819e-14 2.414093e-04
904 1.736547e-14 2.413336e-04
905 1.743203e-14 2.412561e-04
906 1.749787e-14 2.411767e-04
907 1.756371e-14 2.410954e-04
908 1.762955e-14 2.410122e-04
909 1.769538e-14 2.409270e-04
910 1.776122e-14 2.408398e-04
911 1.782706e-14 2.407506e-04
912 1.789290e-14 2.406594e-04
913 1.795873e-14 2.405660e-04
914 1.802457e-14 2.404705e-04
915 1.808853e-14 2.403729e-04
916 1.815061e-14 2.402731e-04
917 1.821269e-14 2.401710e-04
918 1.827476e-14 2.400667e-04
919 1.833684e-14 2.399601e-04
920 1.839892e-14 2.398513e-04
921 1.846100e-14 2.397400e-04
922 1.852307e-14 2.396264e-04
923 1.858515e-14 2.395104e-04
924 1.864723e-14 2.393920e-04
925 1.870794e-14 2.392712e-04
926 1.876729e-14 2.391478e-04
927 1.882665e-14 2.390220e-04
928 1.888600e-14 2.388936e-04
929 1.894535e-14 2.387627e-04
930 1.900470e-14 2.386292e-04
931 1.906405e-14 2.384931e-04
932 1.912340e-14 2.383544e-04
933 1.918275e-14 2.382131e-04
934 1.924210e-14 2.380691e-04
935 1.930022e-14 2.379224e-04
936 1.935713e-14 2.377730e-04
937 1.941404e-14 2.376209e-04
938 1.947094e-14 2.374661e-04
939 1.952785e-14 2.373085e-04
940 1.958476e-14 2.371482e-04
941 1.964166e-14 2.369851e-04
942 1.969857e-14 2.368191e-04
943 1.975548e-14 2.366504e-04
944 1.981238e-14 2.364789e-04
945 1.986736e-14 2.363045e-04
946 1.992040e-14 2.361273e-04
947 1.997345e-14 2.359472e-04
948 2.002649e-14 2.357643e-04
949 2.007953e-14 2.355785e-04
950 2.013257e-14 2.353899e-04
951 2.018562e-14 2.351983e-04
952 2.023866e-14 2.350039e-04
953 2.029170e-14 2.348066e-04
954 2.034475e-14 2.346064e-04
955 2.039829e-14 2.344034e-04
956 2.045232e-14 2.341974e-04
957 2.050636e-14 2.339886e-04
958 2.056040e-14 2.337768e-04
959 2.061444e-14 2.335622e-04
960 2.066848e-14 2.333448e-04
961 2.072251e-14 2.331244e-04
962 2.077655e-14 2.329012e-04
963 2.083059e-14 2.326751e-04
964 2.088463e-14 2.324462e-04
965 2.093884e-14 2.322144e-04
966 2.099323e-14 2.319798e-04
967 2.104761e-14 2.317424e-04
968 2.110200e-14 2.315021e-04
969 2.115638e-14 2.312591e-04
970 2.121077e-14 2.310133e-04
971 2.126516e-14 2.307647e-04
972 2.131954e-14 2.305134e-04
973 2.137393e-14 2.302593e-04
974 2.142831e-14 2.300025e-04
975 2.148539e-14 2.297429e-04
976 2.154517e-14 2.294807e-04
977 2.160495e-14 2.292159e-04
978 2.166472e-14 2.289483e-04
979 2.172450e-14 2.286782e-04
980 2.178427e-14 2.284054e-04
981 2.184405e-14 2.281300e-04
982 2.190382e-14 2.278521e-04
983 2.196360e-14 2.275716e-04
984 2.202338e-14 2.272886e-04
985 2.208662e-14 2.270031e-04
986 2.215333e-14 2.267151e-04
987 2.222004e-14 2.264247e-04
988 2.228675e-14 2.261318e-04
989 2.235345e-14 2.258366e-04
990 2.242016e-14 2.255389e-04
991 2.248687e-14 2.252390e-04
992 2.255358e-14 2.249367e-04
993 2.262029e-14 2.246321e-04
994 2.268700e-14 2.243252e-04
995 2.275836e-14 2.240161e-04
996 2.283437e-14 2.237048e-04
997 2.291038e-14 2.233914e-04
998 2.298640e-14 2.230758e-04
999 2.306241e-14 2.227580e-04
1000 2.313842e-14 2.224382e-04
1001 2.321443e-14 2.221163e-04
1002 2.329044e-14 2.217924e-04
1003 2.336645e-14 2.214666e-04
1004 2.344247e-14 2.211387e-04
1005 2.352492e-14 2.208090e-04
1006 2.361383e-14 2.204773e-04
1007 2.370273e-14 2.201438e-04
1008 2.379164e-14 2.198084e-04
1009 2.388054e-14 2.194713e-04
1010 2.396944e-14 2.191324e-04
1011 2.405835e-14 2.187917e-04
1012 2.414725e-14 2.184494e-04
1013 2.423616e-14 2.181054e-04
1014 2.432506e-14 2.177598e-04
1015 2.442015e-14 2.174126e-04
1016 2.452143e-14 2.170638e-04
1017 2.462270e-14 2.167135e-04
1018 2.472398e-14 2.163618e-04
1019 2.482526e-14 2.160085e-04
1020 2.492653e-14 2.156539e-04
1021 2.502781e-14 2.152979e-04
1022 2.512909e-14 2.149405e-04
1023 2.523036e-14 2.145818e-04
1024 2.533164e-14 2.142218e-04
1025 2.543842e-14 2.138606e-04
1026 2.555070e-14 2.134981e-04
1027 2.566298e-14 2.131345e-04
1028 2.577526e-14 2.127698e-04
1029 2.588755e-14 2.124039e-04
1030 2.599983e-14 2.120370e-04
1031 2.611211e-14 2.116690e-04
1032 2.622439e-14 2.113001e-04
1033 2.633667e-14 2.109301e-04
1034 2.644896e-14 2.105592e-04
1035 2.656716e-14 2.101874e-04
1036 2.669130e-14 2.098148e-04
1037 2.681543e-14 2.094413e-04
1038 2.693956e-14 2.090670e-04
1039 2.706369e-14 2.086919e-04
1040 2.718782e-14 2.083161e-04
1041 2.731196e-14 2.079396e-04
1042 2.743609e-14 2.075624e-04
1043 2.756022e-14 2.071846e-04
1044 2.768435e-14 2.068062e-04
1045 2.781200e-14 2.064271e-04
1046 2.794316e-14 2.060476e-04
1047 2.807432e-14 2.056675e-04
1048 2.820548e-14 2.052869e-04
1049 2.833664e-14 2.049059e-04
1050 2.846780e-14 2.045244e-04
1051 2.859896e-14 2.041425e-04
1052 2.873012e-14 2.037603e-04
1053 2.886128e-14 2.033777e-04
1054 2.899245e-14 2.029948e-04
1055 2.912804e-14 2.026115e-04
1056 2.926808e-14 2.022281e-04
1057 2.940812e-14 2.018444e-04
1058 2.954816e-14 2.014604e-04
1059 2.968819e-14 2.010763e-04
1060 2.982823e-14 2.006920e-04
1061 2.996827e-14 2.003076e-04
1062 3.010831e-14 1.999230e-04
1063 3.024834e-14 1.995384e-04
1064 3.038838e-14 1.991536e-04
1065 3.053062e-14 1.987689e-04
1066 3.067507e-14 1.983841e-04
1067 3.081953e-14 1.979993e-04
1068 3.096398e-14 1.976145e-04
1069 3.110843e-14 1.972297e-04
1070 3.125288e-14 1.968450e-04
1071 3.139733e-14 1.964604e-04
1072 3.154178e-14 1.960758e-04
1073 3.168623e-14 1.956914e-04
1074 3.183068e-14 1.953071e-04
1075 3.197764e-14 1.949230e-04
1076 3.212713e-14 1.945390e-04
1077 3.227661e-14 1.941552e-04
1078 3.242610e-14 1.937716e-04
1079 3.257558e-14 1.933882e-04
1080 3.272507e-14 1.930051e-04
1081 3.287455e-14 1.926222e-04
1082 3.302403e-14 1.922396e-04
1083 3.317352e-14 1.918573e-04
1084 3.332300e-14 1.914752e-04
1085 3.347506e-14 1.910935e-04
1086 3.362968e-14 1.907121e-04
1087 3.378431e-14 1.903310e-04
1088 3.393894e-14 1.899503e-04
1089 3.409356e-14 1.895700e-04
1090 3.424819e-14 1.891900e-04
1091 3.440281e-14 1.888104e-04
1092 3.455744e-14 1.884313e-04
1093 3.471206e-14 1.880525e-04
1094 3.486669e-14 1.876742e-04
1095 3.502259e-14 1.872963e-04
1096 3.517978e-14 1.869189e-04
1097 3.533696e-14 1.865419e-04
1098 3.549414e-14 1.861654e-04
1099 3.565132e-14 1.857894e-04
1100 3.580850e-14 1.854139e-04
1101 3.596568e-14 1.850389e-04
1102 3.612286e-14 1.846644e-04
1103 3.628004e-14 1.842904e-04
1104 3.643722e-14 1.839169e-04
1105 3.659624e-14 1.835440e-04
1106 3.675709e-14 1.831716e-04
1107 3.691795e-14 1.827998e-04
1108 3.707880e-14 1.824286e-04
1109 3.723965e-14 1.820579e-04
1110 3.740051e-14 1.816878e-04
1111 3.756136e-14 1.813183e-04
1112 3.772221e-14 1.809494e-04
1113 3.788307e-14 1.805810e-04
1114 3.804392e-14 1.802133e-04
1115 3.820728e-14 1.798462e-04
1116 3.837314e-14 1.794797e-04
1117 3.853901e-14 1.791139e-04
1118 3.870488e-14 1.787487e-04
1119 3.887074e-14 1.783841e-04
1120 3.903661e-14 1.780201e-04
1121 3.920247e-14 1.776568e-04
1122 3.936834e-14 1.772942e-04
1123 3.953421e-14 1.769322e-04
1124 3.970007e-14 1.765708e-04
1125 3.986627e-14 1.762102e-04
1126 4.003279e-14 1.758502e-04
1127 4.019931e-14 1.754909e-04
1128 4.036584e-14 1.751322e-04
1129 4.053236e-14 1.747743e-04
1130 4.069888e-14 1.744170e-04
1131 4.086541e-14 1.740604e-04
1132 4.103193e-14 1.737045e-04
1133 4.119845e-14 1.733493e-04
1134 4.136498e-14 1.729948e-04
1135 4.153353e-14 1.726410e-04
1136 4.170410e-14 1.722879e-04
1137 4.187467e-14 1.719356e-04
1138 4.204524e-14 1.715839e-04
1139 4.221582e-14 1.712329e-04
1140 4.238639e-14 1.708827e-04
1141 4.255696e-14 1.705332e-04
1142 4.272753e-14 1.701844e-04
1143 4.289811e-14 1.698363e-04
1144 4.306868e-14 1.694890e-04
1145 4.323886e-14 1.691423e-04
1146 4.340866e-14 1.687964e-04
1147 4.357845e-14 1.684513e-04
1148 4.374825e-14 1.681069e-04
1149 4.391804e-14 1.677632e-04
1150 4.408784e-14 1.674202e-04
1151 4.425763e-14 1.670780e-04
1152 4.442743e-14 1.667365e-04
1153 4.459722e-14 1.663958e-04
1154 4.476702e-14 1.660558e-04
1155 4.493786e-14 1.657165e-04
1156 4.510975e-14 1.653780e-04
1157 4.528164e-14 1.650402e-04
1158 4.545353e-14 1.647032e-04
1159 4.562542e-14 1.643670e-04
1160 4.579731e-14 1.640314e-04
1161 4.596920e-14 1.636967e-04
1162 4.614109e-14 1.633627e-04
1163 4.631298e-14 1.630294e-04
1164 4.648487e-14 1.626969e-04
1165 4.665608e-14 1.623652e-04
1166 4.682662e-14 1.620342e-04
1167 4.699715e-14 1.617040e-04
1168 4.716769e-14 1.613745e-04
1169 4.733822e-14 1.610458e-04
1170 4.750876e-14 1.607178e-04
1171 4.767929e-14 1.603906e-04
1172 4.784983e-14 1.600642e-04
1173 4.802036e-14 1.597385e-04
1174 4.819090e-14 1.594136e-04
1175 4.836037e-14 1.590895e-04
1176 4.852876e-14 1.587661e-04
1177 4.869716e-14 1.584435e-04
1178 4.886556e-14 1.581217e-04
1179 4.903396e-14 1.578006e-04
1180 4.920235e-14 1.574803e-04
1181 4.937075e-14 1.571608e-04
1182 4.953915e-14 1.568420e-04
1183 4.970755e-14 1.565240e-04
1184 4.987594e-14 1.562068e-04
1185 5.004269e-14 1.558903e-04
1186 5.020779e-14 1.555746e-04
1187 5.037289e-14 1.552597e-04
1188 5.053799e-14 1.549455e-04
1189 5.070309e-14 1.546321e-04
1190 5.086820e-14 1.543195e-04
1191 5.103330e-14 1.540076e-04
1192 5.119840e-14 1.536965e-04
1193 5.136350e-14 1.533862e-04
1194 5.152860e-14 1.530767e-04
1195 5.169147e-14 1.527679e-04
1196 5.185211e-14 1.524599e-04
1197 5.201276e-14 1.521526e-04
1198 5.217340e-14 1.518461e-04
1199 5.233404e-14 1.515404e-04
1200 5.249469e-14 1.512355e-04
1201 5.265533e-14 1.509313e-04
1202 5.281597e-14 1.506279e-04
1203 5.297662e-14 1.503253e-04
1204 5.313726e-14 1.500234e-04
1205 5.327671e-14 1.497223e-04
1206 5.339496e-14 1.494220e-04
1207 5.351322e-14 1.491224e-04
1208 5.363147e-14 1.488236e-04
1209 5.374972e-14 1.485255e-04
1210 5.386798e-14 1.482283e-04
1211 5.398623e-14 1.479317e-04
1212 5.410449e-14 1.476360e-04
1213 5.422274e-14 1.473410e-04
1214 5.434099e-14 1.470467e-04
1215 5.443237e-14 1.467533e-04
1216 5.449687e-14 1.464605e-04
1217 5.456137e-14 1.461686e-04
1218 5.462586e-14 1.458774e-04
1219 5.469036e-14 1.455869e-04
1220 5.475486e-14 1.452973e-04
1221 5.481936e-14 1.450083e-04
1222 5.488386e-14 1.447201e-04
1223 5.494835e-14 1.444327e-04
1224 5.501285e-14 1.441460e-04
1225 5.505826e-14 1.438601e-04
1226 5.508458e-14 1.435749e-04
1227 5.511089e-14 1.432905e-04
1228 5.513721e-14 1.430068e-04
1229 5.516352e-14 1.427239e-04
1230 5.518984e-14 1.424417e-04
1231 5.521615e-14 1.421603e-04
1232 5.524247e-14 1.418796e-04
1233 5.526879e-14 1.415996e-04
1234 5.529510e-14 1.413204e-04
1235 5.530789e-14 1.410419e-04
1236 5.530717e-14 1.407642e-04
1237 5.530644e-14 1.404872e-04
1238 5.530571e-14 1.402109e-04
1239 5.530498e-14 1.399354e-04
1240 5.530425e-14 1.396606e-04
1241 5.530352e-14 1.393865e-04
1242 5.530279e-14 1.391132e-04
1243 5.530207e-14 1.388406e-04
1244 5.530134e-14 1.385687e-04
1245 5.528903e-14 1.382975e-04
1246 5.526514e-14 1.380271e-04
1247 5.524125e-14 1.377574e-04
1248 5.521737e-14 1.374884e-04
1249 5.519348e-14 1.372201e-04
1250 5.516959e-14 1.369525e-04
1251 5.514570e-14 1.366857e-04
1252 5.512181e-14 1.364196e-04
1253 5.509793e-14 1.361542e-04
1254 5.507404e-14 1.358895e-04
1255 5.504145e-14 1.356255e-04
1256 5.500016e-14 1.353622e-04
1257 5.495887e-14 1.350996e-04
1258 5.491758e-14 1.348377e-04
1259 5.487629e-14 1.345765e-04
1260 5.483500e-14 1.343160e-04
1261 5.479371e-14 1.340562e-04
1262 5.475242e-14 1.337972e-04
1263 5.471113e-14 1.335388e-04
1264 5.466984e-14 1.332811e-04
1265 5.462225e-14 1.330241e-04
1266 5.456836e-14 1.327677e-04
1267 5.451447e-14 1.325121e-04
1268 5.446058e-14 1.322571e-04
1269 5.440669e-14 1.320029e-04
1270 5.435280e-14 1.317493e-04
1271 5.429890e-14 1.314964e-04
1272 5.424501e-14 1.312441e-04
1273 5.419112e-14 1.309926e-04
1274 5.413723e-14 1.307417e-04
1275 5.407814e-14 1.304915e-04
1276 5.401385e-14 1.302419e-04
1277 5.394956e-14 1.299930e-04
1278 5.388527e-14 1.297448e-04
1279 5.382098e-14 1.294972e-04
1280 5.375669e-14 1.292503e-04
1281 5.369241e-14 1.290041e-04
1282 5.362812e-14 1.287585e-04
1283 5.356383e-14 1.285135e-04
1284 5.349954e-14 1.282693e-04
1285 5.343243e-14 1.280256e-04
1286 5.336249e-14 1.277826e-04
1287 5.329256e-14 1.275403e-04
1288 5.322263e-14 1.272985e-04
1289 5.315270e-14 1.270575e-04
1290 5.308276e-14 1.268170e-04
1291 5.301283e-14 1.265772e-04
1292 5.294290e-14 1.263381e-04
1293 5.287297e-14 1.260995e-04
1294 5.280304e-14 1.258616e-04
1295 5.273038e-14 1.256243e-04
1296 5.265500e-14 1.253877e-04
1297 5.257962e-14 1.251516e-04
1298 5.250424e-14 1.249162e-04
1299 5.242887e-14 1.246814e-04
1300 5.235349e-14 1.244472e-04
1301 5.227811e-14 1.242136e-04
1302 5.220273e-14 1.239806e-04
1303 5.212735e-14 1.237482e-04
1304 5.205197e-14 1.235164e-04
1305 5.197120e-14 1.232852e-04
1306 5.188505e-14 1.230547e-04
1307 5.179889e-14 1.228247e-04
1308 5.171273e-14 1.225953e-04
1309 5.162658e-14 1.223665e-04
1310 5.154042e-14 1.221383e-04
1311 5.145426e-14 1.219106e-04
1312 5.136811e-14 1.216836e-04
1313 5.128195e-14 1.214571e-04
1314 5.119579e-14 1.212312e-04
1315 5.110498e-14 1.210059e-04
1316 5.100952e-14 1.207812e-04
1317 5.091405e-14 1.205570e-04
1318 5.081858e-14 1.203334e-04
1319 5.072312e-14 1.201104e-04
1320 5.062765e-14 1.198879e-04
1321 5.053219e-14 1.196660e-04
1322 5.043672e-14 1.194446e-04
1323 5.034125e-14 1.192238e-04
1324 5.024579e-14 1.190036e-04
1325 5.014076e-14 1.187839e-04
1326 5.002618e-14 1.185647e-04
1327 4.991159e-14 1.183461e-04
1328 4.979700e-14 1.181280e-04
1329 4.968241e-14 1.179105e-04
1330 4.956783e-14 1.176935e-04
1331 4.945324e-14 1.174770e-04
1332 4.933865e-14 1.172611e-04
1333 4.922406e-14 1.170456e-04
1334 4.910948e-14 1.168308e-04
1335 4.898341e-14 1.166164e-04
1336 4.884586e-14 1.164026e-04
1337 4.870831e-14 1.161892e-04
1338 4.857075e-14 1.159764e-04
1339 4.843320e-14 1.157641e-04
1340 4.829565e-14 1.155523e-04
1341 4.815810e-14 1.153410e-04
1342 4.802055e-14 1.151303e-04
1343 4.788300e-14 1.149200e-04
1344 4.774545e-14 1.147102e-04
1345 4.759226e-14 1.145009e-04
1346 4.742345e-14 1.142921e-04
1347 4.725463e-14 1.140838e-04
1348 4.708581e-14 1.138760e-04
1349 4.691700e-14 1.136687e-04
1350 4.674818e-14 1.134618e-04
1351 4.657936e-14 1.132555e-04
1352 4.641055e-14 1.130496e-04
1353 4.624173e-14 1.128442e-04
1354 4.607292e-14 1.126392e-04
1355 4.588544e-14 1.124347e-04
1356 4.567931e-14 1.122307e-04
1357 4.547317e-14 1.120272e-04
1358 4.526704e-14 1.118241e-04
1359 4.506091e-14 1.116215e-04
1360 4.485478e-14 1.114193e-04
1361 4.464864e-14 1.112176e-04
1362 4.444251e-14 1.110163e-04
1363 4.423638e-14 1.108155e-04
1364 4.403024e-14 1.106151e-04
1365 4.380418e-14 1.104152e-04
1366 4.355819e-14 1.102157e-04
1367 4.331221e-14 1.100167e-04
1368 4.306622e-14 1.098181e-04
1369 4.282023e-14 1.096199e-04
1370 4.257425e-14 1.094221e-04
1371 4.232826e-14 1.092248e-04
1372 4.208227e-14 1.090279e-04
1373 4.183628e-14 1.088314e-04
1374 4.159030e-14 1.086353e-04
1375 4.132055e-14 1.084397e-04
1376 4.102703e-14 1.082445e-04
1377 4.073352e-14 1.080496e-04
1378 4.044001e-14 1.078552e-04
1379 4.014650e-14 1.076612e-04
1380 3.985298e-14 1.074676e-04
1381 3.955947e-14 1.072744e-04
1382 3.926596e-14 1.070816e-04
1383 3.897244e-14 1.068892e-04
1384 3.867893e-14 1.066972e-04
1385 3.836101e-14 1.065056e-04
1386 3.801868e-14 1.063143e-04
1387 3.767635e-14 1.061235e-04
1388 3.733402e-14 1.059330e-04
1389 3.699168e-14 1.057429e-04
1390 3.664935e-14 1.055532e-04
1391 3.630702e-14 1.053639e-04
1392 3.596469e-14 1.051749e-04
1393 3.562236e-14 1.049864e-04
1394 3.528003e-14 1.047981e-04
1395 3.491265e-14 1.046103e-04
1396 3.452023e-14 1.044228e-04
1397 3.412781e-14 1.042357e-04
1398 3.373539e-14 1.040489e-04
1399 3.334298e-14 1.038625e-04
1400 3.295056e-14 1.036765e-04
1401 3.255814e-14 1.034908e-04
1402 3.216572e-14 1.033054e-04
1403 3.177330e-14 1.031204e-04
1404 3.138088e-14 1.029358e-04
1405 3.096339e-14 1.027515e-04
1406 3.052082e-14 1.025675e-04
1407 3.007825e-14 1.023839e-04
1408 2.963568e-14 1.022006e-04
1409 2.919311e-14 1.020176e-04
1410 2.875054e-14 1.018350e-04
1411 2.830797e-14 1.016527e-04
1412 2.786540e-14 1.014707e-04
1413 2.742283e-14 1.012891e-04
1414 2.698026e-14 1.011078e-04
1415 2.656290e-14 1.009268e-04
1416 2.617076e-14 1.007461e-04
1417 2.577863e-14 1.005658e-04
1418 2.538649e-14 1.003857e-04
1419 2.499435e-14 1.002060e-04
1420 2.460221e-14 1.000266e-04
1421 2.421007e-14 9.984744e-05
1422 2.381793e-14 9.966863e-05
1423 2.342579e-14 9.949013e-05
1424 2.303365e-14 9.931193e-05
1425 2.268530e-14 9.913403e-05
1426 2.238074e-14 9.895644e-05
1427 2.207618e-14 9.877913e-05
1428 2.177162e-14 9.860213e-05
1429 2.146706e-14 9.842541e-05
1430 2.116249e-14 9.824899e-05
1431 2.085793e-14 9.807286e-05
1432 2.055337e-14 9.789702e-05
1433 2.024881e-14 9.772146e-05
1434 1.994425e-14 9.754618e-05
1435 1.965907e-14 9.737119e-05
1436 1.939328e-14 9.719648e-05
1437 1.912750e-14 9.702205e-05
1438 1.886171e-14 9.684789e-05
1439 1.859592e-14 9.667401e-05
1440 1.833013e-14 9.650041e-05
1441 1.806435e-14 9.632707e-05
1442 1.779856e-14 9.615401e-05
1443 1.753277e-14 9.598121e-05
1444 1.726698e-14 9.580869e-05
1445 1.701328e-14 9.563642e-05
1446 1.677166e-14 9.546443e-05
1447 1.653004e-14 9.529269e-05
1448 1.628843e-14 9.512122e-05
1449 1.604681e-14 9.495001e-05
1450 1.580519e-14 9.477905e-05
1451 1.556357e-14 9.460835e-05
1452 1.532195e-14 9.443791e-05
1453 1.508033e-14 9.426772e-05
1454 1.483872e-14 9.409778e-05
1455 1.460486e-14 9.392810e-05
1456 1.437876e-14 9.375866e-05
1457 1.415265e-14 9.358948e-05
1458 1.392655e-14 9.342054e-05
1459 1.370045e-14 9.325185e-05
1460 1.347435e-14 9.308340e-05
1461 1.324825e-14 9.291520e-05
1462 1.302215e-14 9.274724e-05
1463 1.279604e-14 9.257952e-05
1464 1.256994e-14 9.241204e-05
1465 1.234956e-14 9.224480e-05
1466 1.213490e-14 9.207780e-05
1467 1.192024e-14 9.191104e-05
1468 1.170558e-14 9.174451e-05
1469 1.149091e-14 9.157822e-05
1470 1.127625e-14 9.141217e-05
1471 1.106159e-14 9.124634e-05
1472 1.084693e-14 9.108075e-05
1473 1.063227e-14 9.091539e-05
1474 1.041761e-14 9.075027e-05
1475 1.020688e-14 9.058537e-05
1476 1.000009e-14 9.042070e-05
1477 9.793309e-15 9.025626e-05
1478 9.586523e-15 9.009204e-05
1479 9.379737e-15 8.992806e-05
1480 9.172950e-15 8.976429e-05
1481 8.966164e-15 8.960076e-05
1482 8.759378e-15 8.943745e-05
1483 8.552592e-15 8.927436e-05
1484 8.345806e-15 8.911149e-05
1485 8.141485e-15 8.894885e-05
1486 7.939629e-15 8.878643e-05
1487 7.737773e-15 8.862423e-05
1488 7.535917e-15 8.846225e-05
1489 7.334061e-15 8.830049e-05
1490 7.132205e-15 8.813895e-05
1491 6.930349e-15 8.797763e-05
1492 6.728494e-15 8.781653e-05
1493 6.526638e-15 8.765565e-05
1494 6.324782e-15 8.749498e-05
1495 6.124504e-15 8.733453e-05
1496 5.925803e-15 8.717430e-05
1497 5.727102e-15 8.701428e-05
1498 5.528402e-15 8.685448e-05
1499 5.329701e-15 8.669489e-05
1500 5.131001e-15 8.653552e-05
1501 4.932300e-15 8.637637e-05
1502 4.733600e-15 8.621743e-05
1503 4.534899e-15 8.605870e-05
1504 4.336199e-15 8.590019e-05
1505 4.138287e-15 8.574189e-05
1506 3.941164e-15 8.558381e-05
1507 3.744042e-15 8.542593e-05
1508 3.546919e-15 8.526828e-05
1509 3.349796e-15 8.511083e-05
1510 3.152673e-15 8.495360e-05
1511 2.955550e-15 8.479658e-05
1512 2.758428e-15 8.463977e-05
1513 2.561305e-15 8.448318e-05
1514 2.364182e-15 8.432679e-05
1515 2.167400e-15 8.417062e-05
1516 1.970960e-15 8.401466e-05
1517 1.774519e-15 8.385892e-05
1518 1.578078e-15 8.370338e-05
1519 1.381637e-15 8.354806e-05
1520 1.185197e-15 8.339295e-05
1521 9.887559e-16 8.323806e-05
1522 7.923151e-16 8.308337e-05
1523 5.958744e-16 8.292890e-05
1524 3.994337e-16 8.277464e-05
1525 2.030897e-16 8.262060e-05
1526 6.842653e-18 8.246676e-05
1527 -1.894044e-16 8.231314e-05
1528 -3.856515e-16 8.215973e-05
1529 -5.818986e-16 8.200654e-05
1530 -7.781457e-16 8.185356e-05
1531 -9.743928e-16 8.170079e-05
1532 -1.170640e-15 8.154824e-05
1533 -1.366887e-15 8.139590e-05
1534 -1.563134e-15 8.124377e-05
1535 -1.759202e-15 8.109186e-05
1536 -1.955090e-15 8.094017e-05
1537 -2.150978e-15 8.078869e-05
1538 -2.346866e-15 8.063742e-05
1539 -2.542754e-15 8.048637e-05
1540 -2.738643e-15 8.033554e-05
1541 -2.934531e-15 8.018492e-05
1542 -3.130419e-15 8.003453e-05
1543 -3.326307e-15 7.988434e-05
1544 -3.522195e-15 7.973438e-05
1545 -3.717544e-15 7.958464e-05
1546 -3.912353e-15 7.943511e-05
1547 -4.107163e-15 7.928580e-05
1548 -4.301972e-15 7.913672e-05
1549 -4.496781e-15 7.898785e-05
1550 -4.691591e-15 7.883920e-05
1551 -4.886400e-15 7.869078e-05
1552 -5.081210e-15 7.854257e-05
1553 -5.276019e-15 7.839459e-05
1554 -5.470828e-15 7.824683e-05
1555 -5.664156e-15 7.809930e-05
1556 -5.856002e-15 7.795199e-05
1557 -6.047848e-15 7.780490e-05
1558 -6.239693e-15 7.765804e-05
1559 -6.431539e-15 7.751140e-05
1560 -6.623385e-15 7.736499e-05
1561 -6.815231e-15 7.721881e-05
1562 -7.007077e-15 7.707285e-05
1563 -7.198922e-15 7.692713e-05
1564 -7.390768e-15 7.678163e-05
1565 -7.580129e-15 7.663636e-05
1566 -7.767004e-15 7.649133e-05
1567 -7.953880e-15 7.634652e-05
1568 -8.140755e-15 7.620195e-05
1569 -8.327631e-15 7.605761e-05
1570 -8.514506e-15 7.591350e-05
1571 -8.701381e-15 7.576963e-05
1572 -8.888257e-15 7.562599e-05
1573 -9.075132e-15 7.548258e-05
1574 -9.262007e-15 7.533942e-05
1575 -9.444807e-15 7.519649e-05
1576 -9.623529e-15 7.505380e-05
1577 -9.802252e-15 7.491135e-05
1578 -9.980975e-15 7.476914e-05
1579 -1.015970e-14 7.462717e-05
1580 -1.033842e-14 7.448544e-05
1581 -1.051714e-14 7.434396e-05
1582 -1.069587e-14 7.420271e-05
1583 -1.087459e-14 7.406172e-05
1584 -1.105331e-14 7.392097e-05
1585 -1.122574e-14 7.378046e-05
1586 -1.139186e-14 7.364020e-05
1587 -1.155799e-14 7.350019e-05
1588 -1.172411e-14 7.336043e-05
1589 -1.189024e-14 7.322092e-05
1590 -1.205637e-14 7.308166e-05
1591 -1.222249e-14 7.294265e-05
1592 -1.238862e-14 7.280390e-05
1593 -1.255474e-14 7.266540e-05
1594 -1.272087e-14 7.252716e-05
1595 -1.287964e-14 7.238917e-05
1596 -1.303107e-14 7.225144e-05
1597 -1.318249e-14 7.211396e-05
1598 -1.333392e-14 7.197675e-05
1599 -1.348534e-14 7.183980e-05
1600 -1.363677e-14 7.170311e-05
1601 -1.378819e-14 7.156668e-05
1602 -1.393962e-14 7.143051e-05
1603 -1.409105e-14 7.129461e-05
1604 -1.424247e-14 7.115898e-05
1605 -1.438489e-14 7.102361e-05
1606 -1.451832e-14 7.088851e-05
1607 -1.465174e-14 7.075369e-05
1608 -1.478516e-14 7.061913e-05
1609 -1.491859e-14 7.048484e-05
1610 -1.505201e-14 7.035083e-05
1611 -1.518543e-14 7.021709e-05
1612 -1.531885e-14 7.008362e-05
1613 -1.545228e-14 6.995043e-05
1614 -1.558570e-14 6.981752e-05
1615 -1.570814e-14 6.968489e-05
1616 -1.581961e-14 6.955254e-05
1617 -1.593108e-14 6.942047e-05
1618 -1.604255e-14 6.928868e-05
1619 -1.615402e-14 6.915717e-05
1620 -1.626548e-14 6.902595e-05
1621 -1.637695e-14 6.889502e-05
1622 -1.648842e-14 6.876437e-05
1623 -1.659989e-14 6.863402e-05
1624 -1.671135e-14 6.850395e-05
1625 -1.681299e-14 6.837417e-05
1626 -1.690480e-14 6.824469e-05
1627 -1.699661e-14 6.811550e-05
1628 -1.708842e-14 6.798660e-05
1629 -1.718023e-14 6.785800e-05
1630 -1.727204e-14 6.772970e-05
1631 -1.736385e-14 6.760170e-05
1632 -1.745566e-14 6.747400e-05
1633 -1.754746e-14 6.734660e-05
1634 -1.763927e-14 6.721950e-05
1635 -1.772024e-14 6.709271e-05
1636 -1.779036e-14 6.696622e-05
1637 -1.786048e-14 6.684004e-05
1638 -1.793061e-14 6.671417e-05
1639 -1.800073e-14 6.658861e-05
1640 -1.807085e-14 6.646336e-05
1641 -1.814097e-14 6.633842e-05
1642 -1.821110e-14 6.621379e-05
1643 -1.828122e-14 6.608948e-05
1644 -1.835134e-14 6.596549e-05
1645 -1.841294e-14 6.584181e-05
1646 -1.846603e-14 6.571846e-05
1647 -1.851911e-14 6.559542e-05
1648 -1.857219e-14 6.547271e-05
1649 -1.862527e-14 6.535032e-05
1650 -1.867836e-14 6.522825e-05
1651 -1.873144e-14 6.510652e-05
1652 -1.878452e-14 6.498510e-05
1653 -1.883760e-14 6.486402e-05
1654 -1.889069e-14 6.474327e-05
1655 -1.893648e-14 6.462285e-05
1656 -1.897499e-14 6.450276e-05
1657 -1.901349e-14 6.438301e-05
1658 -1.905200e-14 6.426360e-05
1659 -1.909050e-14 6.414452e-05
1660 -1.912901e-14 6.402578e-05
1661 -1.916751e-14 6.390738e-05
1662 -1.920602e-14 6.378932e-05
1663 -1.924452e-14 6.367161e-05
1664 -1.928303e-14 6.355424e-05
1665 -1.931435e-14 6.343722e-05
1666 -1.933850e-14 6.332054e-05
1667 -1.936264e-14 6.320422e-05
1668 -1.938679e-14 6.308824e-05
1669 -1.941093e-14 6.297262e-05
1670 -1.943508e-14 6.285735e-05
1671 -1.945922e-14 6.274243e-05
1672 -1.948337e-14 6.262787e-05
1673 -1.950751e-14 6.251367e-05
1674 -1.953166e-14 6.239983e-05
1675 -1.955317e-14 6.228635e-05
1676 -1.957203e-14 6.217323e-05
1677 -1.959090e-14 6.206048e-05
1678 -1.960976e-14 6.194809e-05
1679 -1.962863e-14 6.183607e-05
1680 -1.964749e-14 6.172441e-05
1681 -1.966636e-14 6.161313e-05
1682 -1.968523e-14 6.150221e-05
1683 -1.970409e-14 6.139167e-05
1684 -1.972296e-14 6.128150e-05
1685 -1.973927e-14 6.117171e-05
1686 -1.975303e-14 6.106229e-05
1687 -1.976678e-14 6.095326e-05
1688 -1.978054e-14 6.084460e-05
1689 -1.979430e-14 6.073632e-05
1690 -1.980806e-14 6.062843e-05
1691 -1.982181e-14 6.052092e-05
1692 -1.983557e-14 6.041379e-05
1693 -1.984933e-14 6.030706e-05
1694 -1.986309e-14 6.020071e-05
1695 -1.987698e-14 6.009475e-05
1696 -1.989101e-14 5.998918e-05
1697 -1.990504e-14 5.988401e-05
1698 -1.991906e-14 5.977923e-05
1699 -1.993309e-14 5.967485e-05
1700 -1.994712e-14 5.957086e-05
1701 -1.996115e-14 5.946728e-05
1702 -1.997518e-14 5.936409e-05
1703 -1.998920e-14 5.926130e-05
1704 -2.000323e-14 5.915892e-05
1705 -2.001923e-14 5.905694e-05
1706 -2.003721e-14 5.895537e-05
1707 -2.005518e-14 5.885421e-05
1708 -2.007315e-14 5.875345e-05
1709 -2.009113e-14 5.865311e-05
1710 -2.010910e-14 5.855317e-05
1711 -2.012707e-14 5.845365e-05
1712 -2.014505e-14 5.835455e-05
1713 -2.016302e-14 5.825586e-05
1714 -2.018099e-14 5.815759e-05
1715 -2.020128e-14 5.805974e-05
1716 -2.022387e-14 5.796230e-05
1717 -2.024646e-14 5.786529e-05
1718 -2.026906e-14 5.776870e-05
1719 -2.029165e-14 5.767254e-05
1720 -2.031424e-14 5.757681e-05
1721 -2.033683e-14 5.748150e-05
1722 -2.035942e-14 5.738661e-05
1723 -2.038202e-14 5.729216e-05
1724 -2.040461e-14 5.719814e-05
1725 -2.043255e-14 5.710456e-05
1726 -2.046585e-14 5.701141e-05
1727 -2.049914e-14 5.691869e-05
1728 -2.053243e-14 5.682641e-05
1729 -2.056573e-14 5.673457e-05
1730 -2.059902e-14 5.664317e-05
1731 -2.063232e-14 5.655221e-05
1732 -2.066561e-14 5.646169e-05
1733 -2.069890e-14 5.637162e-05
1734 -2.073220e-14 5.628199e-05
1735 -2.077093e-14 5.619281e-05
1736 -2.081509e-14 5.610408e-05
1737 -2.085925e-14 5.601579e-05
1738 -2.090341e-14 5.592796e-05
1739 -2.094757e-14 5.584058e-05
1740 -2.099173e-14 5.575365e-05
1741 -2.103590e-14 5.566717e-05
1742 -2.108006e-14 5.558115e-05
1743 -2.112422e-14 5.549559e-05
1744 -2.116838e-14 5.541049e-05
1745 -2.121977e-14 5.532585e-05
1746 -2.127838e-14 5.524166e-05
1747 -2.133699e-14 5.515794e-05
1748 -2.139560e-14 5.507469e-05
1749 -2.145421e-14 5.499189e-05
1750 -2.151282e-14 5.490957e-05
1751 -2.157143e-14 5.482771e-05
1752 -2.163004e-14 5.474632e-05
1753 -2.168865e-14 5.466540e-05
1754 -2.174726e-14 5.458494e-05
1755 -2.181446e-14 5.450497e-05
1756 -2.189025e-14 5.442546e-05
1757 -2.196603e-14 5.434643e-05
1758 -2.204182e-14 5.426788e-05
1759 -2.211760e-14 5.418980e-05
1760 -2.219339e-14 5.411220e-05
1761 -2.226917e-14 5.403508e-05
1762 -2.234496e-14 5.395844e-05
1763 -2.242074e-14 5.388228e-05
1764 -2.249653e-14 5.380660e-05
1765 -2.258040e-14 5.373141e-05
1766 -2.267234e-14 5.365670e-05
1767 -2.276429e-14 5.358248e-05
1768 -2.285624e-14 5.350875e-05
1769 -2.294818e-14 5.343550e-05
1770 -2.304013e-14 5.336274e-05
1771 -2.313208e-14 5.329048e-05
1772 -2.322402e-14 5.321870e-05
1773 -2.331597e-14 5.314742e-05
1774 -2.340792e-14 5.307663e-05
1775 -2.350973e-14 5.300634e-05
1776 -2.362142e-14 5.293654e-05
1777 -2.373310e-14 5.286724e-05
1778 -2.384479e-14 5.279844e-05
1779 -2.395647e-14 5.273013e-05
1780 -2.406816e-14 5.266233e-05
1781 -2.417984e-14 5.259502e-05
1782 -2.429153e-14 5.252822e-05
1783 -2.440321e-14 5.246192e-05
1784 -2.451490e-14 5.239612e-05
1785 -2.463701e-14 5.233083e-05
1786 -2.476957e-14 5.226605e-05
1787 -2.490212e-14 5.220177e-05
1788 -2.503467e-14 5.213800e-05
1789 -2.516722e-14 5.207473e-05
1790 -2.529977e-14 5.201198e-05
1791 -2.543232e-14 5.194973e-05
1792 -2.556488e-14 5.188800e-05
1793 -2.569743e-14 5.182678e-05
1794 -2.582998e-14 5.176607e-05
1795 -2.597261e-14 5.170587e-05
1796 -2.612532e-14 5.164619e-05
1797 -2.627802e-14 5.158703e-05
1798 -2.643073e-14 5.152838e-05
1799 -2.658344e-14 5.147025e-05
1800 -2.673614e-14 5.141263e-05
1801 -2.688885e-14 5.135553e-05
1802 -2.704156e-14 5.129896e-05
1803 -2.719426e-14 5.124290e-05
1804 -2.734697e-14 5.118736e-05
1805 -2.751173e-14 5.113234e-05
1806 -2.768854e-14 5.107785e-05
1807 -2.786535e-14 5.102388e-05
1808 -2.804216e-14 5.097043e-05
1809 -2.821897e-14 5.091750e-05
1810 -2.839578e-14 5.086510e-05
1811 -2.857259e-14 5.081323e-05
1812 -2.874940e-14 5.076188e-05
1813 -2.892621e-14 5.071106e-05
1814 -2.910302e-14 5.066076e-05
1815 -2.929011e-14 5.061100e-05
1816 -2.948747e-14 5.056176e-05
1817 -2.968484e-14 5.051305e-05
1818 -2.988221e-14 5.046487e-05
1819 -3.007958e-14 5.041722e-05
1820 -3.027695e-14 5.037010e-05
1821 -3.047432e-14 5.032351e-05
1822 -3.067168e-14 5.027745e-05
1823 -3.086905e-14 5.023193e-05
1824 -3.106642e-14 5.018693e-05
1825 -3.127507e-14 5.014247e-05
1826 -3.149500e-14 5.009855e-05
1827 -3.171493e-14 5.005515e-05
1828 -3.193486e-14 5.001230e-05
1829 -3.215479e-14 4.996997e-05
1830 -3.237472e-14 4.992818e-05
1831 -3.259465e-14 4.988693e-05
1832 -3.281458e-14 4.984621e-05
1833 -3.303451e-14 4.980603e-05
1834 -3.325444e-14 4.976638e-05
1835 -3.348437e-14 4.972727e-05
1836 -3.372431e-14 4.968870e-05
1837 -3.396425e-14 4.965066e-05
1838 -3.420419e-14 4.961316e-05
1839 -3.444413e-14 4.957620e-05
1840 -3.468407e-14 4.953978e-05
1841 -3.492401e-14 4.950389e-05
1842 -3.516396e-14 4.946854e-05
1843 -3.540390e-14 4.943374e-05
1844 -3.564384e-14 4.939946e-05
1845 -3.589209e-14 4.936573e-05
1846 -3.614865e-14 4.933254e-05
1847 -3.640521e-14 4.929989e-05
1848 -3.666177e-14 4.926777e-05
1849 -3.691833e-14 4.923619e-05
1850 -3.717488e-14 4.920516e-05
1851 -3.743144e-14 4.917466e-05
1852 -3.768800e-14 4.914470e-05
1853 -3.794456e-14 4.911528e-05
1854 -3.820112e-14 4.908640e-05
1855 -3.846661e-14 4.905806e-05
1856 -3.874101e-14 4.903025e-05
1857 -3.901542e-14 4.900299e-05
1858 -3.928982e-14 4.897626e-05
1859 -3.956423e-14 4.895008e-05
1860 -3.983863e-14 4.892443e-05
1861 -4.011304e-14 4.889932e-05
1862 -4.038744e-14 4.887475e-05
1863 -4.066185e-14 4.885072e-05
1864 -4.093625e-14 4.882722e-05
1865 -4.121415e-14 4.880426e-05
1866 -4.149553e-14 4.878184e-05
1867 -4.177692e-14 4.875996e-05
1868 -4.205830e-14 4.873861e-05
1869 -4.233969e-14 4.871780e-05
1870 -4.262107e-14 4.869753e-05
1871 -4.290246e-14 4.867779e-05
1872 -4.318384e-14 4.865859e-05
1873 -4.346523e-14 4.863992e-05
1874 -4.374662e-14 4.862179e-05
1875 -4.402902e-14 4.860419e-05
1876 -4.431245e-14 4.858713e-05
1877 -4.459588e-14 4.857060e-05
1878 -4.487931e-14 4.855460e-05
1879 -4.516273e-14 4.853914e-05
1880 -4.544616e-14 4.852421e-05
1881 -4.572959e-14 4.850980e-05
1882 -4.601302e-14 4.849593e-05
1883 -4.629644e-14 4.848260e-05
1884 -4.657987e-14 4.846979e-05
1885 -4.686265e-14 4.845750e-05
1886 -4.714479e-14 4.844575e-05
1887 -4.742693e-14 4.843453e-05
1888 -4.770907e-14 4.842383e-05
1889 -4.799120e-14 4.841366e-05
1890 -4.827334e-14 4.840401e-05
1891 -4.855548e-14 4.839489e-05
1892 -4.883761e-14 4.838630e-05
1893 -4.911975e-14 4.837823e-05
1894 -4.940189e-14 4.837068e-05
1895 -4.967529e-14 4.836365e-05
1896 -4.993995e-14 4.835714e-05
1897 -5.020461e-14 4.835115e-05
1898 -5.046927e-14 4.834569e-05
1899 -5.073393e-14 4.834074e-05
1900 -5.099859e-14 4.833630e-05
1901 -5.126325e-14 4.833239e-05
1902 -5.152791e-14 4.832899e-05
1903 -5.179257e-14 4.832610e-05
1904 -5.205723e-14 4.832373e-05
1905 -5.231567e-14 4.832187e-05
1906 -5.256789e-14 4.832052e-05
1907 -5.282011e-14 4.831968e-05
1908 -5.307233e-14 4.831935e-05
1909 -5.332455e-14 4.831952e-05
1910 -5.357677e-14 4.832021e-05
1911 -5.382899e-14 4.832140e-05
1912 -5.408121e-14 4.832309e-05
1913 -5.433343e-14 4.832529e-05
1914 -5.458565e-14 4.832798e-05
1915 -5.482469e-14 4.833118e-05
1916 -5.505056e-14 4.833488e-05
1917 -5.527643e-14 4.833908e-05
1918 -5.550230e-14 4.834377e-05
1919 -5.572818e-14 4.834895e-05
1920 -5.595405e-14 4.835463e-05
1921 -5.617992e-14 4.836081e-05
1922 -5.640579e-14 4.836747e-05
1923 -5.663166e-14 4.837462e-05
1924 -5.685753e-14 4.838226e-05
1925 -5.706781e-14 4.839039e-05
1926 -5.726249e-14 4.839900e-05
1927 -5.745718e-14 4.840809e-05
1928 -5.765187e-14 4.841766e-05
1929 -5.784656e-14 4.842772e-05
1930 -5.804125e-14 4.843825e-05
1931 -5.823593e-14 4.844926e-05
1932 -5.843062e-14 4.846074e-05
1933 -5.862531e-14 4.847270e-05
1934 -5.882000e-14 4.848513e-05
1935 -5.900378e-14 4.849802e-05
1936 -5.917667e-14 4.851139e-05
1937 -5.934956e-14 4.852522e-05
1938 -5.952244e-14 4.853951e-05
1939 -5.969533e-14 4.855427e-05
1940 -5.986822e-14 4.856948e-05
1941 -6.004110e-14 4.858516e-05
1942 -6.021399e-14 4.860128e-05
1943 -6.038688e-14 4.861787e-05
1944 -6.055976e-14 4.863490e-05
1945 -6.071526e-14 4.865239e-05
1946 -6.085338e-14 4.867032e-05
1947 -6.099150e-14 4.868870e-05
1948 -6.112962e-14 4.870752e-05
1949 -6.126774e-14 4.872679e-05
1950 -6.140586e-14 4.874649e-05
1951 -6.154398e-14 4.876663e-05
1952 -6.168210e-14 4.878721e-05
1953 -6.182022e-14 4.880822e-05
1954 -6.195833e-14 4.882965e-05
1955 -6.208794e-14 4.885152e-05
1956 -6.220903e-14 4.887381e-05
1957 -6.233012e-14 4.889652e-05
1958 -6.245121e-14 4.891966e-05
1959 -6.257229e-14 4.894321e-05
1960 -6.269338e-14 4.896718e-05
1961 -6.281447e-14 4.899156e-05
1962 -6.293556e-14 4.901635e-05
1963 -6.305665e-14 4.904155e-05
1964 -6.317774e-14 4.906716e-05
1965 -6.328521e-14 4.909317e-05
1966 -6.337905e-14 4.911958e-05
1967 -6.347290e-14 4.914638e-05
1968 -6.356674e-14 4.917358e-05
1969 -6.366059e-14 4.920118e-05
1970 -6.375443e-14 4.922916e-05
1971 -6.384828e-14 4.925753e-05
1972 -6.394212e-14 4.928628e-05
1973 -6.403597e-14 4.931541e-05
1974 -6.412981e-14 4.934492e-05
1975 -6.421684e-14 4.937481e-05
1976 -6.429706e-14 4.940507e-05
1977 -6.437727e-14 4.943569e-05
1978 -6.445748e-14 4.946669e-05
1979 -6.453770e-14 4.949804e-05
1980 -6.461791e-14 4.952976e-05
1981 -6.469813e-14 4.956183e-05
1982 -6.477834e-14 4.959426e-05
1983 -6.485856e-14 4.962703e-05
1984 -6.493877e-14 4.966016e-05
1985 -6.533071e-14 4.969362e-05
1986 -6.603436e-14 4.972743e-05
1987 -6.673802e-14 4.976158e-05
1988 -6.744168e-14 4.979606e-05
1989 -6.814534e-14 4.983087e-05
1990 -6.884899e-14 4.986601e-05
1991 -6.955265e-14 4.990147e-05
1992 -7.025631e-14 4.993725e-05
1993 -7.095997e-14 4.997335e-05
1994 -7.166363e-14 5.000976e-05
1995 -7.236728e-14 5.004649e-05
1996 -7.236728e-14 5.008352e-05
1997 -7.236728e-14 5.012085e-05
1998 -7.236728e-14 5.015848e-05
1999 -7.236728e-14 5.019640e-05
2000 -7.236728e-14 5.023462e-05
2001 -7.236728e-14 5.027313e-05
