0 0.000000e+00 1.138922e-06
1 0.000000e+00 1.138922e-06
2 0.000000e+00 1.138922e-06
3 0.000000e+00 2.109170e-06
4 0.000000e+00 3.117865e-06
5 0.000000e+00 4.158381e-06
6 0.000000e+00 5.224714e-06
7 0.000000e+00 6.311454e-06
8 0.000000e+00 7.413749e-06
9 0.000000e+00 8.527283e-06
10 0.000000e+00 9.648241e-06
11 0.000000e+00 1.077328e-05
12 0.000000e+00 1.189951e-05
13 0.000000e+00 1.302444e-05
14 0.000000e+00 1.414599e-05
15 0.000000e+00 1.526240e-05
16 0.000000e+00 1.637227e-05
17 0.000000e+00 1.747447e-05
18 0.000000e+00 1.856817e-05
19 0.000000e+00 1.965274e-05
20 0.000000e+00 2.072779e-05
21 0.000000e+00 2.179308e-05
22 0.000000e+00 2.284856e-05
23 0.000000e+00 2.389426e-05
24 0.000000e+00 2.493033e-05
25 0.000000e+00 2.595695e-05
26 0.000000e+00 2.697438e-05
27 0.000000e+00 2.798282e-05
28 0.000000e+00 2.898250e-05
29 0.000000e+00 2.997357e-05
30 0.000000e+00 3.095609e-05
31 0.000000e+00 3.193000e-05
32 0.000000e+00 3.289512e-05
33 0.000000e+00 3.385108e-05
34 0.000000e+00 3.479732e-05
35 0.000000e+00 3.573313e-05
36 0.000000e+00 3.665769e-05
37 0.000000e+00 3.757010e-05
38 0.000000e+00 3.846947e-05
39 0.000000e+00 3.935491e-05
40 0.000000e+00 4.022562e-05
41 0.000000e+00 4.108090e-05
42 0.000000e+00 4.192022e-05
43 0.000000e+00 4.274329e-05
44 0.000000e+00 4.355001e-05
45 0.000000e+00 4.434051e-05
46 0.000000e+00 4.511509e-05
47 0.000000e+00 4.587416e-05
48 0.000000e+00 4.661819e-05
49 0.000000e+00 4.734769e-05
50 0.000000e+00 4.806312e-05
51 0.000000e+00 4.876488e-05
52 0.000000e+00 4.945328e-05
53 0.000000e+00 5.012841e-05
54 0.000000e+00 5.079020e-05
55 0.000000e+00 5.143841e-05
56 0.000000e+00 5.207265e-05
57 0.000000e+00 5.269244e-05
58 0.000000e+00 5.329722e-05
59 0.000000e+00 5.388642e-05
60 0.000000e+00 5.445950e-05
61 0.000000e+00 5.501595e-05
62 0.000000e+00 5.555535e-05
63 0.000000e+00 5.607743e-05
64 0.000000e+00 5.658206e-05
65 0.000000e+00 5.706924e-05
66 0.000000e+00 5.753910e-05
67 0.000000e+00 5.799188e-05
68 0.000000e+00 5.842786e-05
69 0.000000e+00 5.884739e-05
70 0.000000e+00 5.925082e-05
71 0.000000e+00 5.963853e-05
72 0.000000e+00 6.001085e-05
73 0.000000e+00 6.036806e-05
74 0.000000e+00 6.071039e-05
75 0.000000e+00 6.103800e-05
76 0.000000e+00 6.135097e-05
77 0.000000e+00 6.164936e-05
78 0.000000e+00 6.193319e-05
79 0.000000e+00 6.220243e-05
80 0.000000e+00 6.245704e-05
81 0.000000e+00 6.269697e-05
82 0.000000e+00 6.292214e-05
83 0.000000e+00 6.313250e-05
84 0.000000e+00 6.332800e-05
85 0.000000e+00 6.350861e-05
86 0.000000e+00 6.367430e-05
87 0.000000e+00 6.382507e-05
88 0.000000e+00 6.396094e-05
89 0.000000e+00 6.408195e-05
90 0.000000e+00 6.418816e-05
91 0.000000e+00 6.427966e-05
92 0.000000e+00 6.435657e-05
93 0.000000e+00 6.441905e-05
94 0.000000e+00 6.446727e-05
95 0.000000e+00 6.450145e-05
96 0.000000e+00 6.452181e-05
97 0.000000e+00 6.452863e-05
98 0.000000e+00 6.452216e-05
99 0.000000e+00 6.450272e-05
100 0.000000e+00 6.447058e-05
101 0.000000e+00 6.442607e-05
102 0.000000e+00 6.436948e-05
103 0.000000e+00 6.430114e-05
104 0.000000e+00 6.422133e-05
105 0.000000e+00 6.413037e-05
106 0.000000e+00 6.402855e-05
107 0.000000e+00 6.391615e-05
108 0.000000e+00 6.379347e-05
109 0.000000e+00 6.366080e-05
110 0.000000e+00 6.351841e-05
111 0.000000e+00 6.336658e-05
112 0.000000e+00 6.320559e-05
113 0.000000e+00 6.303571e-05
114 0.000000e+00 6.285721e-05
115 0.000000e+00 6.267037e-05
116 0.000000e+00 6.247545e-05
117 0.000000e+00 6.227272e-05
118 0.000000e+00 6.206245e-05
119 0.000000e+00 6.184490e-05
120 0.000000e+00 6.162033e-05
121 0.000000e+00 6.138903e-05
122 0.000000e+00 6.115124e-05
123 0.000000e+00 6.090724e-05
124 0.000000e+00 6.065729e-05
125 0.000000e+00 6.040166e-05
126 0.000000e+00 6.014063e-05
127 0.000000e+00 5.987446e-05
128 0.000000e+00 5.960343e-05
129 0.000000e+00 5.932782e-05
130 0.000000e+00 5.904789e-05
131 0.000000e+00 5.876394e-05
132 0.000000e+00 5.847625e-05
133 0.000000e+00 5.818510e-05
134 0.000000e+00 5.789079e-05
135 0.000000e+00 5.759361e-05
136 0.000000e+00 5.729386e-05
137 0.000000e+00 5.699184e-05
138 0.000000e+00 5.668785e-05
139 0.000000e+00 5.638220e-05
140 0.000000e+00 5.607520e-05
141 0.000000e+00 5.576715e-05
142 0.000000e+00 5.545837e-05
143 0.000000e+00 5.514916e-05
144 0.000000e+00 5.483984e-05
145 0.000000e+00 5.453073e-05
146 0.000000e+00 5.422213e-05
147 0.000000e+00 5.391436e-05
148 0.000000e+00 5.360773e-05
149 0.000000e+00 5.330255e-05
150 0.000000e+00 5.299914e-05
151 0.000000e+00 5.269781e-05
152 0.000000e+00 5.239886e-05
153 0.000000e+00 5.210261e-05
154 0.000000e+00 5.180935e-05
155 0.000000e+00 5.151939e-05
156 0.000000e+00 5.123304e-05
157 0.000000e+00 5.095058e-05
158 0.000000e+00 5.067232e-05
159 0.000000e+00 5.039854e-05
160 0.000000e+00 5.012953e-05
161 0.000000e+00 4.986558e-05
162 0.000000e+00 4.960697e-05
163 0.000000e+00 4.935396e-05
164 0.000000e+00 4.910684e-05
165 0.000000e+00 4.886585e-05
166 0.000000e+00 4.863128e-05
167 0.000000e+00 4.840336e-05
168 0.000000e+00 4.818235e-05
169 0.000000e+00 4.796850e-05
170 0.000000e+00 4.776205e-05
171 0.000000e+00 4.756323e-05
172 0.000000e+00 4.737227e-05
173 0.000000e+00 4.718940e-05
174 0.000000e+00 4.701484e-05
175 0.000000e+00 4.684881e-05
176 0.000000e+00 4.669151e-05
177 0.000000e+00 4.654316e-05
178 0.000000e+00 4.640395e-05
179 0.000000e+00 4.627407e-05
180 0.000000e+00 4.615372e-05
181 0.000000e+00 4.604309e-05
182 0.000000e+00 4.594235e-05
183 0.000000e+00 4.585168e-05
184 0.000000e+00 4.577125e-05
185 0.000000e+00 4.570121e-05
186 0.000000e+00 4.564174e-05
187 0.000000e+00 4.559299e-05
188 0.000000e+00 4.555510e-05
189 0.000000e+00 4.552822e-05
190 0.000000e+00 4.551248e-05
191 0.000000e+00 4.550802e-05
192 0.000000e+00 4.551496e-05
193 0.000000e+00 4.553344e-05
194 0.000000e+00 4.556356e-05
195 0.000000e+00 4.560543e-05
196 0.000000e+00 4.565917e-05
197 0.000000e+00 4.572487e-05
198 0.000000e+00 4.580262e-05
199 0.000000e+00 4.589252e-05
200 0.000000e+00 4.599465e-05
201 0.000000e+00 4.610909e-05
202 0.000000e+00 4.623591e-05
203 0.000000e+00 4.637518e-05
204 0.000000e+00 4.652696e-05
205 0.000000e+00 4.669131e-05
206 0.000000e+00 4.686827e-05
207 0.000000e+00 4.705789e-05
208 0.000000e+00 4.726022e-05
209 0.000000e+00 4.747528e-05
210 0.000000e+00 4.770310e-05
211 0.000000e+00 4.794370e-05
212 0.000000e+00 4.819710e-05
213 0.000000e+00 4.846331e-05
214 0.000000e+00 4.874234e-05
215 0.000000e+00 4.903418e-05
216 0.000000e+00 4.933882e-05
217 0.000000e+00 4.965626e-05
218 0.000000e+00 4.998648e-05
219 0.000000e+00 5.032944e-05
220 0.000000e+00 5.068512e-05
221 0.000000e+00 5.105348e-05
222 0.000000e+00 5.143448e-05
223 0.000000e+00 5.182807e-05
224 0.000000e+00 5.223420e-05
225 0.000000e+00 5.265280e-05
226 0.000000e+00 5.308381e-05
227 0.000000e+00 5.352715e-05
228 0.000000e+00 5.398276e-05
229 0.000000e+00 5.445053e-05
230 0.000000e+00 5.493038e-05
231 0.000000e+00 5.542222e-05
232 0.000000e+00 5.592594e-05
233 0.000000e+00 5.644143e-05
234 0.000000e+00 5.696857e-05
235 0.000000e+00 5.750726e-05
236 0.000000e+00 5.805734e-05
237 0.000000e+00 5.861871e-05
238 0.000000e+00 5.919120e-05
239 0.000000e+00 5.977469e-05
240 0.000000e+00 6.036901e-05
241 0.000000e+00 6.097401e-05
242 0.000000e+00 6.158953e-05
243 0.000000e+00 6.221539e-05
244 0.000000e+00 6.285142e-05
245 0.000000e+00 6.349744e-05
246 0.000000e+00 6.415325e-05
247 0.000000e+00 6.481867e-05
248 0.000000e+00 6.549348e-05
249 0.000000e+00 6.617749e-05
250 0.000000e+00 6.687049e-05
251 0.000000e+00 6.757224e-05
252 0.000000e+00 6.828253e-05
253 0.000000e+00 6.900113e-05
254 0.000000e+00 6.972779e-05
255 0.000000e+00 7.046227e-05
256 0.000000e+00 7.120432e-05
257 0.000000e+00 7.195370e-05
258 0.000000e+00 7.271013e-05
259 0.000000e+00 7.347335e-05
260 0.000000e+00 7.424310e-05
261 0.000000e+00 7.501909e-05
262 0.000000e+00 7.580105e-05
263 0.000000e+00 7.658870e-05
264 0.000000e+00 7.738176e-05
265 0.000000e+00 7.817992e-05
266 0.000000e+00 7.898291e-05
267 0.000000e+00 7.979042e-05
268 0.000000e+00 8.060216e-05
269 0.000000e+00 8.141783e-05
270 0.000000e+00 8.223712e-05
271 0.000000e+00 8.305973e-05
272 0.000000e+00 8.388536e-05
273 0.000000e+00 8.471369e-05
274 0.000000e+00 8.554443e-05
275 0.000000e+00 8.637726e-05
276 0.000000e+00 8.721187e-05
277 0.000000e+00 8.804795e-05
278 0.000000e+00 8.888519e-05
279 0.000000e+00 8.972329e-05
280 0.000000e+00 9.056194e-05
281 0.000000e+00 9.140082e-05
282 0.000000e+00 9.223962e-05
283 0.000000e+00 9.307806e-05
284 0.000000e+00 9.391581e-05
285 0.000000e+00 9.475257e-05
286 0.000000e+00 9.558805e-05
287 0.000000e+00 9.642195e-05
288 0.000000e+00 9.725396e-05
289 0.000000e+00 9.808379e-05
290 0.000000e+00 9.891114e-05
291 0.000000e+00 9.973573e-05
292 0.000000e+00 1.005573e-04
293 0.000000e+00 1.013754e-04
294 0.000000e+00 1.021900e-04
295 0.000000e+00 1.030006e-04
296 0.000000e+00 1.038070e-04
297 0.000000e+00 1.046090e-04
298 0.000000e+00 1.054061e-04
299 0.000000e+00 1.061982e-04
300 2.103929e-14 1.069851e-04
301 2.103929e-14 1.077663e-04
302 2.103929e-14 1.085416e-04
303 2.103929e-14 1.093108e-04
304 2.103929e-14 1.100736e-04
305 2.124675e-14 1.108298e-04
306 2.166166e-14 1.115790e-04
307 2.207657e-14 1.123211e-04
308 2.249149e-14 1.130557e-04
309 2.290640e-14 1.137826e-04
310 2.332132e-14 1.145015e-04
311 2.373623e-14 1.152123e-04
312 2.415115e-14 1.159145e-04
313 2.456606e-14 1.166082e-04
314 2.498098e-14 1.172928e-04
315 2.537723e-14 1.179683e-04
316 2.575482e-14 1.186344e-04
317 2.613241e-14 1.192908e-04
318 2.651000e-14 1.199374e-04
319 2.688759e-14 1.205739e-04
320 2.726518e-14 1.212000e-04
321 2.764276e-14 1.218156e-04
322 2.802035e-14 1.224204e-04
323 2.839794e-14 1.230142e-04
324 2.877553e-14 1.235968e-04
325 2.907838e-14 1.241681e-04
326 2.930650e-14 1.247277e-04
327 2.953461e-14 1.252756e-04
328 2.976273e-14 1.258114e-04
329 2.999084e-14 1.263351e-04
330 3.021896e-14 1.268464e-04
331 3.044707e-14 1.273451e-04
332 3.067519e-14 1.278312e-04
333 3.090330e-14 1.283043e-04
334 3.113141e-14 1.287644e-04
335 3.117463e-14 1.292112e-04
336 3.103294e-14 1.296447e-04
337 3.089125e-14 1.300646e-04
338 3.074956e-14 1.304709e-04
339 3.060787e-14 1.308634e-04
340 3.046618e-14 1.312419e-04
341 3.032449e-14 1.316063e-04
342 3.018280e-14 1.319565e-04
343 3.004111e-14 1.322924e-04
344 2.989942e-14 1.326139e-04
345 2.933691e-14 1.329208e-04
346 2.835357e-14 1.332131e-04
347 2.737023e-14 1.334907e-04
348 2.638689e-14 1.337534e-04
349 2.540356e-14 1.340013e-04
350 2.442022e-14 1.342342e-04
351 2.343688e-14 1.344521e-04
352 2.245354e-14 1.346548e-04
353 2.147021e-14 1.348425e-04
354 2.048687e-14 1.350149e-04
355 1.931347e-14 1.351721e-04
356 1.795001e-14 1.353140e-04
357 1.658655e-14 1.354406e-04
358 1.522309e-14 1.355519e-04
359 1.385963e-14 1.356479e-04
360 1.249616e-14 1.357285e-04
361 1.113270e-14 1.357938e-04
362 9.769243e-15 1.358438e-04
363 8.405782e-15 1.358785e-04
364 7.042321e-15 1.358978e-04
365 5.788638e-15 1.359019e-04
366 4.644732e-15 1.358908e-04
367 3.500825e-15 1.358645e-04
368 2.356919e-15 1.358231e-04
369 1.213013e-15 1.357666e-04
370 6.910690e-17 1.356951e-04
371 -1.074799e-15 1.356088e-04
372 -2.218705e-15 1.355075e-04
373 -3.362612e-15 1.353915e-04
374 -4.506518e-15 1.352609e-04
375 -5.650248e-15 1.351157e-04
376 -6.793801e-15 1.349561e-04
377 -7.937355e-15 1.347822e-04
378 -9.080909e-15 1.345941e-04
379 -1.022446e-14 1.343920e-04
380 -1.136802e-14 1.341760e-04
381 -1.251157e-14 1.339462e-04
382 -1.365512e-14 1.337029e-04
383 -1.479868e-14 1.334461e-04
384 -1.594223e-14 1.331761e-04
385 -1.704414e-14 1.328930e-04
386 -1.810440e-14 1.325970e-04
387 -1.916466e-14 1.322883e-04
388 -2.022493e-14 1.319671e-04
389 -2.128519e-14 1.316336e-04
390 -2.234545e-14 1.312880e-04
391 -2.340571e-14 1.309305e-04
392 -2.446598e-14 1.305613e-04
393 -2.552624e-14 1.301807e-04
394 -2.658650e-14 1.297889e-04
395 -2.750567e-14 1.293861e-04
396 -2.828375e-14 1.289726e-04
397 -2.906182e-14 1.285485e-04
398 -2.983990e-14 1.281143e-04
399 -3.061798e-14 1.276700e-04
400 -3.139606e-14 1.272159e-04
401 -3.217413e-14 1.267524e-04
402 -3.295221e-14 1.262797e-04
403 -3.373029e-14 1.257981e-04
404 -3.450836e-14 1.253077e-04
405 -3.507503e-14 1.248090e-04
406 -3.543030e-14 1.243022e-04
407 -3.578556e-14 1.237875e-04
408 -3.614082e-14 1.232653e-04
409 -3.649608e-14 1.227359e-04
410 -3.685135e-14 1.221995e-04
411 -3.720661e-14 1.216564e-04
412 -3.756187e-14 1.211070e-04
413 -3.791713e-14 1.205515e-04
414 -3.827240e-14 1.199903e-04
415 -3.838705e-14 1.194236e-04
416 -3.826110e-14 1.188517e-04
417 -3.813515e-14 1.182751e-04
418 -3.800920e-14 1.176939e-04
419 -3.788324e-14 1.171085e-04
420 -3.775729e-14 1.165192e-04
421 -3.763134e-14 1.159263e-04
422 -3.750539e-14 1.153302e-04
423 -3.737943e-14 1.147311e-04
424 -3.725348e-14 1.141294e-04
425 -3.691534e-14 1.135254e-04
426 -3.636501e-14 1.129194e-04
427 -3.581468e-14 1.123117e-04
428 -3.526435e-14 1.117027e-04
429 -3.471402e-14 1.110927e-04
430 -3.416368e-14 1.104820e-04
431 -3.361335e-14 1.098708e-04
432 -3.306302e-14 1.092596e-04
433 -3.251269e-14 1.086487e-04
434 -3.196236e-14 1.080383e-04
435 -3.125766e-14 1.074288e-04
436 -3.039860e-14 1.068205e-04
437 -2.953953e-14 1.062137e-04
438 -2.868047e-14 1.056088e-04
439 -2.782141e-14 1.050059e-04
440 -2.696234e-14 1.044056e-04
441 -2.610328e-14 1.038080e-04
442 -2.524421e-14 1.032135e-04
443 -2.438515e-14 1.026224e-04
444 -2.352608e-14 1.020349e-04
445 -2.259186e-14 1.014515e-04
446 -2.158249e-14 1.008724e-04
447 -2.057311e-14 1.002979e-04
448 -1.956373e-14 9.972824e-05
449 -1.855435e-14 9.916384e-05
450 -1.754497e-14 9.860494e-05
451 -1.653559e-14 9.805185e-05
452 -1.552622e-14 9.750485e-05
453 -1.451684e-14 9.696425e-05
454 -1.350746e-14 9.643033e-05
455 -1.249324e-14 9.590339e-05
456 -1.147417e-14 9.538372e-05
457 -1.045510e-14 9.487159e-05
458 -9.436037e-15 9.436729e-05
459 -8.416971e-15 9.387111e-05
460 -7.397904e-15 9.338332e-05
461 -6.378838e-15 9.290420e-05
462 -5.359772e-15 9.243403e-05
463 -4.340705e-15 9.197308e-05
464 -3.321639e-15 9.152163e-05
465 -2.344882e-15 9.107993e-05
466 -1.410434e-15 9.064826e-05
467 -4.759868e-16 9.022687e-05
468 4.584607e-16 8.981604e-05
469 1.392908e-15 8.941600e-05
470 2.327356e-15 8.902702e-05
471 3.261803e-15 8.864935e-05
472 4.196251e-15 8.828322e-05
473 5.130699e-15 8.792888e-05
474 6.065146e-15 8.758657e-05
475 6.934413e-15 8.725652e-05
476 7.738500e-15 8.693895e-05
477 8.542586e-15 8.663408e-05
478 9.346673e-15 8.634214e-05
479 1.015076e-14 8.606333e-05
480 1.095485e-14 8.579786e-05
481 1.175893e-14 8.554593e-05
482 1.256302e-14 8.530774e-05
483 1.336711e-14 8.508346e-05
484 1.417119e-14 8.487328e-05
485 1.490748e-14 8.467739e-05
486 1.557596e-14 8.449593e-05
487 1.624444e-14 8.432908e-05
488 1.691292e-14 8.417698e-05
489 1.758140e-14 8.403979e-05
490 1.824987e-14 8.391765e-05
491 1.891835e-14 8.381067e-05
492 1.958683e-14 8.371899e-05
493 2.025531e-14 8.364271e-05
494 2.092379e-14 8.358195e-05
495 2.153628e-14 8.353681e-05
496 2.209276e-14 8.350736e-05
497 2.264924e-14 8.349369e-05
498 2.320572e-14 8.349588e-05
499 2.376220e-14 8.351399e-05
500 2.431869e-14 8.354807e-05
501 2.487517e-14 8.359818e-05
502 2.543165e-14 8.366436e-05
503 2.598813e-14 8.374664e-05
504 2.654462e-14 8.384505e-05
505 2.706090e-14 8.395961e-05
506 2.753698e-14 8.409034e-05
507 2.801307e-14 8.423724e-05
508 2.848916e-14 8.440030e-05
509 2.896524e-14 8.457953e-05
510 2.944133e-14 8.477491e-05
511 2.991741e-14 8.498642e-05
512 3.039350e-14 8.521403e-05
513 3.086958e-14 8.545771e-05
514 3.134567e-14 8.571742e-05
515 3.179654e-14 8.599311e-05
516 3.222220e-14 8.628475e-05
517 3.264786e-14 8.659226e-05
518 3.307351e-14 8.691558e-05
519 3.349917e-14 8.725466e-05
520 3.392483e-14 8.760942e-05
521 3.435049e-14 8.797977e-05
522 3.477615e-14 8.836564e-05
523 3.520180e-14 8.876694e-05
524 3.562746e-14 8.918357e-05
525 3.603367e-14 8.961544e-05
526 3.642043e-14 9.006244e-05
527 3.680719e-14 9.052447e-05
528 3.719395e-14 9.100141e-05
529 3.758072e-14 9.149314e-05
530 3.796748e-14 9.199955e-05
531 3.835424e-14 9.252050e-05
532 3.874100e-14 9.305586e-05
533 3.912776e-14 9.360550e-05
534 3.951452e-14 9.416926e-05
535 3.988372e-14 9.474700e-05
536 4.023537e-14 9.533856e-05
537 4.058702e-14 9.594379e-05
538 4.093867e-14 9.656252e-05
539 4.129032e-14 9.719458e-05
540 4.164197e-14 9.783980e-05
541 4.199362e-14 9.849799e-05
542 4.234527e-14 9.916896e-05
543 4.269692e-14 9.985253e-05
544 4.304857e-14 1.005485e-04
545 4.337252e-14 1.012567e-04
546 4.366876e-14 1.019768e-04
547 4.396501e-14 1.027087e-04
548 4.426125e-14 1.034522e-04
549 4.455750e-14 1.042070e-04
550 4.485374e-14 1.049729e-04
551 4.514999e-14 1.057497e-04
552 4.544623e-14 1.065371e-04
553 4.574248e-14 1.073348e-04
554 4.603872e-14 1.081426e-04
555 4.628965e-14 1.089604e-04
556 4.649526e-14 1.097876e-04
557 4.670087e-14 1.106243e-04
558 4.690648e-14 1.114699e-04
559 4.711209e-14 1.123243e-04
560 4.731770e-14 1.131872e-04
561 4.752331e-14 1.140583e-04
562 4.772892e-14 1.149372e-04
563 4.793453e-14 1.158238e-04
564 4.814014e-14 1.167176e-04
565 4.826549e-14 1.176184e-04
566 4.831058e-14 1.185259e-04
567 4.835567e-14 1.194397e-04
568 4.840076e-14 1.203595e-04
569 4.844585e-14 1.212851e-04
570 4.849094e-14 1.222160e-04
571 4.853603e-14 1.231519e-04
572 4.858112e-14 1.240926e-04
573 4.862621e-14 1.250377e-04
574 4.867130e-14 1.259868e-04
575 4.860016e-14 1.269396e-04
576 4.841279e-14 1.278958e-04
577 4.822542e-14 1.288549e-04
578 4.803805e-14 1.298168e-04
579 4.785068e-14 1.307809e-04
580 4.766331e-14 1.317470e-04
581 4.747594e-14 1.327148e-04
582 4.728857e-14 1.336837e-04
583 4.710120e-14 1.346536e-04
584 4.691383e-14 1.356240e-04
585 4.656993e-14 1.365946e-04
586 4.606949e-14 1.375651e-04
587 4.556905e-14 1.385350e-04
588 4.506861e-14 1.395040e-04
589 4.456817e-14 1.404717e-04
590 4.406773e-14 1.414379e-04
591 4.356729e-14 1.424020e-04
592 4.306686e-14 1.433638e-04
593 4.256642e-14 1.443230e-04
594 4.206598e-14 1.452790e-04
595 4.136719e-14 1.462317e-04
596 4.047007e-14 1.471805e-04
597 3.957294e-14 1.481253e-04
598 3.867581e-14 1.490655e-04
599 3.777868e-14 1.500009e-04
600 3.688156e-14 1.509311e-04
601 3.598443e-14 1.518557e-04
602 3.508730e-14 1.527745e-04
603 3.419017e-14 1.536869e-04
604 3.329305e-14 1.545928e-04
605 3.217506e-14 1.554917e-04
606 3.083620e-14 1.563834e-04
607 2.949735e-14 1.572673e-04
608 2.815849e-14 1.581434e-04
609 2.681964e-14 1.590111e-04
610 2.548078e-14 1.598701e-04
611 2.414193e-14 1.607202e-04
612 2.280307e-14 1.615610e-04
613 2.146422e-14 1.623922e-04
614 2.012536e-14 1.632134e-04
615 1.857344e-14 1.640244e-04
616 1.680844e-14 1.648248e-04
617 1.504343e-14 1.656144e-04
618 1.327843e-14 1.663927e-04
619 1.151343e-14 1.671596e-04
620 9.748433e-15 1.679146e-04
621 7.983433e-15 1.686577e-04
622 6.218432e-15 1.693883e-04
623 4.453432e-15 1.701063e-04
624 2.688431e-15 1.708114e-04
625 7.615002e-16 1.715034e-04
626 -1.327361e-15 1.721818e-04
627 -3.416222e-15 1.728466e-04
628 -5.505083e-15 1.734974e-04
629 -7.593944e-15 1.741340e-04
630 -9.682804e-15 1.747561e-04
631 -1.177167e-14 1.753635e-04
632 -1.386053e-14 1.759560e-04
633 -1.594939e-14 1.765334e-04
634 -1.803825e-14 1.770954e-04
635 -2.020013e-14 1.776418e-04
636 -2.243504e-14 1.781724e-04
637 -2.466995e-14 1.786870e-04
638 -2.690486e-14 1.791855e-04
639 -2.913977e-14 1.796677e-04
640 -3.137468e-14 1.801333e-04
641 -3.360959e-14 1.805822e-04
642 -3.584450e-14 1.810143e-04
643 -3.807941e-14 1.814294e-04
644 -4.031432e-14 1.818273e-04
645 -4.249650e-14 1.822080e-04
646 -4.462595e-14 1.825712e-04
647 -4.675539e-14 1.829169e-04
648 -4.888484e-14 1.832450e-04
649 -5.101428e-14 1.835554e-04
650 -5.314373e-14 1.838480e-04
651 -5.527318e-14 1.841226e-04
652 -5.740262e-14 1.843793e-04
653 -5.953207e-14 1.846180e-04
654 -6.166151e-14 1.848385e-04
655 -6.359829e-14 1.850409e-04
656 -6.534238e-14 1.852252e-04
657 -6.708648e-14 1.853913e-04
658 -6.883058e-14 1.855391e-04
659 -7.057468e-14 1.856688e-04
660 -7.231878e-14 1.857802e-04
661 -7.406287e-14 1.858735e-04
662 -7.580697e-14 1.859486e-04
663 -7.755107e-14 1.860055e-04
664 -7.929517e-14 1.860443e-04
665 -8.072242e-14 1.860651e-04
666 -8.183283e-14 1.860678e-04
667 -8.294323e-14 1.860526e-04
668 -8.405364e-14 1.860195e-04
669 -8.516405e-14 1.859687e-04
670 -8.627445e-14 1.859001e-04
671 -8.738486e-14 1.858139e-04
672 -8.849527e-14 1.857101e-04
673 -8.960567e-14 1.855890e-04
674 -9.071608e-14 1.854506e-04
675 -9.143010e-14 1.852950e-04
676 -9.174774e-14 1.851224e-04
677 -9.206538e-14 1.849328e-04
678 -9.238302e-14 1.847265e-04
679 -9.270066e-14 1.845036e-04
680 -9.301830e-14 1.842642e-04
681 -9.333594e-14 1.840086e-04
682 -9.365358e-14 1.837368e-04
683 -9.397122e-14 1.834491e-04
684 -9.428885e-14 1.831456e-04
685 -9.419355e-14 1.828265e-04
686 -9.368530e-14 1.824921e-04
687 -9.317705e-14 1.821425e-04
688 -9.266879e-14 1.817779e-04
689 -9.216054e-14 1.813985e-04
690 -9.165229e-14 1.810046e-04
691 -9.114404e-14 1.805963e-04
692 -9.063579e-14 1.801740e-04
693 -9.012754e-14 1.797377e-04
694 -8.961928e-14 1.792878e-04
695 -8.873299e-14 1.788246e-04
696 -8.746865e-14 1.783481e-04
697 -8.620431e-14 1.778588e-04
698 -8.493998e-14 1.773568e-04
699 -8.367564e-14 1.768424e-04
700 -8.241130e-14 1.763159e-04
701 -8.114696e-14 1.757775e-04
702 -7.988262e-14 1.752275e-04
703 -7.861829e-14 1.746662e-04
704 -7.735395e-14 1.740938e-04
705 -7.580576e-14 1.735107e-04
706 -7.397372e-14 1.729170e-04
707 -7.214168e-14 1.723132e-04
708 -7.030965e-14 1.716995e-04
709 -6.847761e-14 1.710762e-04
710 -6.664557e-14 1.704435e-04
711 -6.481353e-14 1.698019e-04
712 -6.298149e-14 1.691515e-04
713 -6.114945e-14 1.684927e-04
714 -5.931742e-14 1.678258e-04
715 -5.731312e-14 1.671511e-04
716 -5.513656e-14 1.664689e-04
717 -5.296000e-14 1.657796e-04
718 -5.078344e-14 1.650833e-04
719 -4.860688e-14 1.643806e-04
720 -4.643032e-14 1.636716e-04
721 -4.425377e-14 1.629567e-04
722 -4.207721e-14 1.622362e-04
723 -3.990065e-14 1.615105e-04
724 -3.772409e-14 1.607798e-04
725 -3.548172e-14 1.600445e-04
726 -3.317352e-14 1.593049e-04
727 -3.086533e-14 1.585614e-04
728 -2.855714e-14 1.578142e-04
729 -2.624895e-14 1.570637e-04
730 -2.394075e-14 1.563102e-04
731 -2.163256e-14 1.555541e-04
732 -1.932437e-14 1.547957e-04
733 -1.701618e-14 1.540352e-04
734 -1.470798e-14 1.532731e-04
735 -1.242166e-14 1.525097e-04
736 -1.015720e-14 1.517452e-04
737 -7.892737e-15 1.509801e-04
738 -5.628276e-15 1.502146e-04
739 -3.363816e-15 1.494490e-04
740 -1.099355e-15 1.486838e-04
741 1.165106e-15 1.479192e-04
742 3.429566e-15 1.471555e-04
743 5.694027e-15 1.463931e-04
744 7.958488e-15 1.456323e-04
745 1.013930e-14 1.448734e-04
746 1.223647e-14 1.441167e-04
747 1.433363e-14 1.433625e-04
748 1.643080e-14 1.426112e-04
749 1.852797e-14 1.418631e-04
750 2.062513e-14 1.411184e-04
751 2.272230e-14 1.403776e-04
752 2.481947e-14 1.396408e-04
753 2.691663e-14 1.389084e-04
754 2.901380e-14 1.381808e-04
755 3.100954e-14 1.374581e-04
756 3.290384e-14 1.367407e-04
757 3.479815e-14 1.360289e-04
758 3.669245e-14 1.353230e-04
759 3.858676e-14 1.346233e-04
760 4.048107e-14 1.339300e-04
761 4.237537e-14 1.332435e-04
762 4.426968e-14 1.325639e-04
763 4.616398e-14 1.318917e-04
764 4.805829e-14 1.312270e-04
765 4.985381e-14 1.305702e-04
766 5.155054e-14 1.299215e-04
767 5.324728e-14 1.292811e-04
768 5.494401e-14 1.286493e-04
769 5.664074e-14 1.280265e-04
770 5.833748e-14 1.274128e-04
771 6.003421e-14 1.268084e-04
772 6.173095e-14 1.262137e-04
773 6.342768e-14 1.256289e-04
774 6.512441e-14 1.250542e-04
775 6.674707e-14 1.244898e-04
776 6.829564e-14 1.239361e-04
777 6.984422e-14 1.233931e-04
778 7.139279e-14 1.228612e-04
779 7.294136e-14 1.223405e-04
780 7.448994e-14 1.218313e-04
781 7.603851e-14 1.213338e-04
782 7.758709e-14 1.208481e-04
783 7.913566e-14 1.203746e-04
784 8.068423e-14 1.199133e-04
785 8.219221e-14 1.194646e-04
786 8.365957e-14 1.190285e-04
787 8.512694e-14 1.186052e-04
788 8.659431e-14 1.181951e-04
789 8.806168e-14 1.177981e-04
790 8.952905e-14 1.174145e-04
791 9.099641e-14 1.170445e-04
792 9.246378e-14 1.166882e-04
793 9.393115e-14 1.163458e-04
794 9.539852e-14 1.160174e-04
795 9.686526e-14 1.157032e-04
796 9.833139e-14 1.154034e-04
797 9.979751e-14 1.151179e-04
798 1.012636e-13 1.148471e-04
799 1.027297e-13 1.145910e-04
800 1.041959e-13 1.143498e-04
801 1.056620e-13 1.141235e-04
802 1.071281e-13 1.139123e-04
803 1.085942e-13 1.137162e-04
804 1.100604e-13 1.135355e-04
805 1.115586e-13 1.133701e-04
806 1.130890e-13 1.132202e-04
807 1.146194e-13 1.130858e-04
808 1.161498e-13 1.129671e-04
809 1.176802e-13 1.128641e-04
810 1.192105e-13 1.127768e-04
811 1.207409e-13 1.127054e-04
812 1.222713e-13 1.126498e-04
813 1.238017e-13 1.126102e-04
814 1.253321e-13 1.125866e-04
815 1.269270e-13 1.125790e-04
816 1.285864e-13 1.125874e-04
817 1.302458e-13 1.126119e-04
818 1.319052e-13 1.126525e-04
819 1.335645e-13 1.127091e-04
820 1.352239e-13 1.127819e-04
821 1.368833e-13 1.128708e-04
822 1.385427e-13 1.129758e-04
823 1.402021e-13 1.130968e-04
824 1.418615e-13 1.132339e-04
825 1.436097e-13 1.133871e-04
826 1.454467e-13 1.135562e-04
827 1.472838e-13 1.137413e-04
828 1.491208e-13 1.139423e-04
829 1.509578e-13 1.141592e-04
830 1.527949e-13 1.143919e-04
831 1.546319e-13 1.146402e-04
832 1.564690e-13 1.149043e-04
833 1.583060e-13 1.151838e-04
834 1.601430e-13 1.154789e-04
835 1.620851e-13 1.157893e-04
836 1.641322e-13 1.161150e-04
837 1.661794e-13 1.164559e-04
838 1.682265e-13 1.168118e-04
839 1.702736e-13 1.171826e-04
840 1.723207e-13 1.175681e-04
841 1.743679e-13 1.179683e-04
842 1.764150e-13 1.183830e-04
843 1.784621e-13 1.188120e-04
844 1.805092e-13 1.192551e-04
845 1.826530e-13 1.197122e-04
846 1.848932e-13 1.201832e-04
847 1.871335e-13 1.206677e-04
848 1.893738e-13 1.211656e-04
849 1.916141e-13 1.216767e-04
850 1.938544e-13 1.222008e-04
851 1.960947e-13 1.227377e-04
852 1.983350e-13 1.232871e-04
853 2.005753e-13 1.238488e-04
854 2.028156e-13 1.244225e-04
855 2.051302e-13 1.250081e-04
856 2.075190e-13 1.256051e-04
857 2.099078e-13 1.262134e-04
858 2.122967e-13 1.268327e-04
859 2.146855e-13 1.274626e-04
860 2.170743e-13 1.281030e-04
861 2.194632e-13 1.287534e-04
862 2.218520e-13 1.294136e-04
863 2.242408e-13 1.300832e-04
864 2.266297e-13 1.307620e-04
865 2.290351e-13 1.314497e-04
866 2.314571e-13 1.321458e-04
867 2.338791e-13 1.328500e-04
868 2.363011e-13 1.335621e-04
869 2.387231e-13 1.342816e-04
870 2.411451e-13 1.350082e-04
871 2.435671e-13 1.357415e-04
872 2.459891e-13 1.364813e-04
873 2.484111e-13 1.372270e-04
874 2.508331e-13 1.379783e-04
875 2.531681e-13 1.387349e-04
876 2.554163e-13 1.394964e-04
877 2.576645e-13 1.402624e-04
878 2.599126e-13 1.410325e-04
879 2.621608e-13 1.418063e-04
880 2.644089e-13 1.425834e-04
881 2.666571e-13 1.433635e-04
882 2.689052e-13 1.441460e-04
883 2.711534e-13 1.449307e-04
884 2.734015e-13 1.457172e-04
885 2.753923e-13 1.465049e-04
886 2.771257e-13 1.472936e-04
887 2.788590e-13 1.480827e-04
888 2.805924e-13 1.488720e-04
889 2.823257e-13 1.496609e-04
890 2.840591e-13 1.504491e-04
891 2.857925e-13 1.512362e-04
892 2.875258e-13 1.520217e-04
893 2.892592e-13 1.528053e-04
894 2.909925e-13 1.535865e-04
895 2.922404e-13 1.543649e-04
896 2.930027e-13 1.551401e-04
897 2.937650e-13 1.559117e-04
898 2.945273e-13 1.566792e-04
899 2.952895e-13 1.574424e-04
900 2.960518e-13 1.582007e-04
901 2.968141e-13 1.589538e-04
902 2.975764e-13 1.597012e-04
903 2.983387e-13 1.604426e-04
904 2.991010e-13 1.611775e-04
905 2.991236e-13 1.619056e-04
906 2.984065e-13 1.626264e-04
907 2.976894e-13 1.633396e-04
908 2.969723e-13 1.640448e-04
909 2.962552e-13 1.647416e-04
910 2.955381e-13 1.654295e-04
911 2.948210e-13 1.661083e-04
912 2.941039e-13 1.667776e-04
913 2.933868e-13 1.674369e-04
914 2.926697e-13 1.680859e-04
915 2.909004e-13 1.687243e-04
916 2.880789e-13 1.693517e-04
917 2.852574e-13 1.699677e-04
918 2.824360e-13 1.705720e-04
919 2.796145e-13 1.711642e-04
920 2.767930e-13 1.717441e-04
921 2.739715e-13 1.723112e-04
922 2.711500e-13 1.728653e-04
923 2.683285e-13 1.734060e-04
924 2.655070e-13 1.739331e-04
925 2.613912e-13 1.744461e-04
926 2.559810e-13 1.749449e-04
927 2.505708e-13 1.754290e-04
928 2.451606e-13 1.758983e-04
929 2.397503e-13 1.763525e-04
930 2.343401e-13 1.767913e-04
931 2.289299e-13 1.772143e-04
932 2.235197e-13 1.776215e-04
933 2.181095e-13 1.780124e-04
934 2.126993e-13 1.783870e-04
935 2.058549e-13 1.787449e-04
936 1.975764e-13 1.790859e-04
937 1.892978e-13 1.794099e-04
938 1.810193e-13 1.797165e-04
939 1.727408e-13 1.800057e-04
940 1.644622e-13 1.802773e-04
941 1.561837e-13 1.805310e-04
942 1.479051e-13 1.807667e-04
943 1.396266e-13 1.809843e-04
944 1.313481e-13 1.811836e-04
945 1.217072e-13 1.813645e-04
946 1.107041e-13 1.815269e-04
947 9.970095e-14 1.816706e-04
948 8.869781e-14 1.817956e-04
949 7.769468e-14 1.819018e-04
950 6.669154e-14 1.819890e-04
951 5.568841e-14 1.820573e-04
952 4.468527e-14 1.821066e-04
953 3.368213e-14 1.821369e-04
954 2.267900e-14 1.821481e-04
955 1.066652e-14 1.821402e-04
956 -2.355290e-15 1.821132e-04
957 -1.537710e-14 1.820672e-04
958 -2.839892e-14 1.820021e-04
959 -4.142073e-14 1.819181e-04
960 -5.444255e-14 1.818150e-04
961 -6.746436e-14 1.816931e-04
962 -8.048617e-14 1.815524e-04
963 -9.350799e-14 1.813929e-04
964 -1.065298e-13 1.812147e-04
965 -1.199354e-13 1.810180e-04
966 -1.337248e-13 1.808029e-04
967 -1.475142e-13 1.805695e-04
968 -1.613036e-13 1.803178e-04
969 -1.750929e-13 1.800482e-04
970 -1.888823e-13 1.797606e-04
971 -2.026717e-13 1.794553e-04
972 -2.164611e-13 1.791325e-04
973 -2.302505e-13 1.787923e-04
974 -2.440399e-13 1.784349e-04
975 -2.574063e-13 1.780605e-04
976 -2.703499e-13 1.776693e-04
977 -2.832935e-13 1.772615e-04
978 -2.962370e-13 1.768374e-04
979 -3.091806e-13 1.763971e-04
980 -3.221242e-13 1.759409e-04
981 -3.350677e-13 1.754691e-04
982 -3.480113e-13 1.749819e-04
983 -3.609549e-13 1.744795e-04
984 -3.738984e-13 1.739622e-04
985 -3.855390e-13 1.734303e-04
986 -3.958765e-13 1.728841e-04
987 -4.062140e-13 1.723238e-04
988 -4.165516e-13 1.717497e-04
989 -4.268891e-13 1.711621e-04
990 -4.372266e-13 1.705613e-04
991 -4.475641e-13 1.699477e-04
992 -4.579017e-13 1.693214e-04
993 -4.682392e-13 1.686829e-04
994 -4.785767e-13 1.680324e-04
995 -4.868444e-13 1.673703e-04
996 -4.930423e-13 1.666969e-04
997 -4.992401e-13 1.660125e-04
998 -5.054379e-13 1.653174e-04
999 -5.116358e-13 1.646120e-04
1000 -5.178336e-13 1.638967e-04
1001 -5.240315e-13 1.631717e-04
1002 -5.302293e-13 1.624375e-04
1003 -5.364272e-13 1.616942e-04
1004 -5.426250e-13 1.609424e-04
1005 -5.463761e-13 1.601824e-04
1006 -5.476804e-13 1.594145e-04
1007 -5.489847e-13 1.586390e-04
1008 -5.502890e-13 1.578564e-04
1009 -5.515933e-13 1.570670e-04
1010 -5.528976e-13 1.562711e-04
1011 -5.542019e-13 1.554691e-04
1012 -5.555062e-13 1.546614e-04
1013 -5.568105e-13 1.538483e-04
1014 -5.581148e-13 1.530302e-04
1015 -5.569043e-13 1.522075e-04
1016 -5.531791e-13 1.513805e-04
1017 -5.494539e-13 1.505496e-04
1018 -5.457287e-13 1.497151e-04
1019 -5.420035e-13 1.488775e-04
1020 -5.382783e-13 1.480370e-04
1021 -5.345531e-13 1.471940e-04
1022 -5.308279e-13 1.463490e-04
1023 -5.271027e-13 1.455021e-04
1024 -5.233775e-13 1.446539e-04
1025 -5.174794e-13 1.438047e-04
1026 -5.094083e-13 1.429547e-04
1027 -5.013372e-13 1.421044e-04
1028 -4.932662e-13 1.412541e-04
1029 -4.851951e-13 1.404042e-04
1030 -4.771240e-13 1.395549e-04
1031 -4.690530e-13 1.387067e-04
1032 -4.609819e-13 1.378598e-04
1033 -4.529109e-13 1.370146e-04
1034 -4.448398e-13 1.361715e-04
1035 -4.352038e-13 1.353307e-04
1036 -4.240030e-13 1.344925e-04
1037 -4.128022e-13 1.336573e-04
1038 -4.016013e-13 1.328255e-04
1039 -3.904005e-13 1.319972e-04
1040 -3.791996e-13 1.311728e-04
1041 -3.679988e-13 1.303526e-04
1042 -3.567979e-13 1.295369e-04
1043 -3.455971e-13 1.287259e-04
1044 -3.343962e-13 1.279200e-04
1045 -3.223294e-13 1.271195e-04
1046 -3.093966e-13 1.263245e-04
1047 -2.964637e-13 1.255353e-04
1048 -2.835309e-13 1.247523e-04
1049 -2.705981e-13 1.239756e-04
1050 -2.576653e-13 1.232055e-04
1051 -2.447324e-13 1.224422e-04
1052 -2.317996e-13 1.216859e-04
1053 -2.188668e-13 1.209370e-04
1054 -2.059339e-13 1.201955e-04
1055 -1.928063e-13 1.194616e-04
1056 -1.794838e-13 1.187357e-04
1057 -1.661613e-13 1.180178e-04
1058 -1.528388e-13 1.173081e-04
1059 -1.395163e-13 1.166069e-04
1060 -1.261938e-13 1.159142e-04
1061 -1.128713e-13 1.152303e-04
1062 -9.954883e-14 1.145552e-04
1063 -8.622634e-14 1.138892e-04
1064 -7.290385e-14 1.132323e-04
1065 -5.987659e-14 1.125848e-04
1066 -4.714459e-14 1.119466e-04
1067 -3.441258e-14 1.113180e-04
1068 -2.168057e-14 1.106990e-04
1069 -8.948558e-15 1.100898e-04
1070 3.783451e-15 1.094904e-04
1071 1.651546e-14 1.089009e-04
1072 2.924747e-14 1.083215e-04
1073 4.197948e-14 1.077522e-04
1074 5.471149e-14 1.071930e-04
1075 6.683900e-14 1.066441e-04
1076 7.836203e-14 1.061054e-04
1077 8.988506e-14 1.055771e-04
1078 1.014081e-13 1.050592e-04
1079 1.129311e-13 1.045518e-04
1080 1.244541e-13 1.040548e-04
1081 1.359772e-13 1.035684e-04
1082 1.475002e-13 1.030925e-04
1083 1.590232e-13 1.026271e-04
1084 1.705462e-13 1.021724e-04
1085 1.813472e-13 1.017282e-04
1086 1.914262e-13 1.012946e-04
1087 2.015052e-13 1.008716e-04
1088 2.115841e-13 1.004593e-04
1089 2.216631e-13 1.000575e-04
1090 2.317421e-13 9.966627e-05
1091 2.418210e-13 9.928562e-05
1092 2.519000e-13 9.891551e-05
1093 2.619790e-13 9.855592e-05
1094 2.720579e-13 9.820681e-05
1095 2.814342e-13 9.786815e-05
1096 2.901079e-13 9.753991e-05
1097 2.987815e-13 9.722204e-05
1098 3.074551e-13 9.691450e-05
1099 3.161288e-13 9.661723e-05
1100 3.248024e-13 9.633018e-05
1101 3.334760e-13 9.605331e-05
1102 3.421497e-13 9.578654e-05
1103 3.508233e-13 9.552981e-05
1104 3.594970e-13 9.528306e-05
1105 3.675794e-13 9.504621e-05
1106 3.750707e-13 9.481919e-05
1107 3.825620e-13 9.460193e-05
1108 3.900532e-13 9.439435e-05
1109 3.975445e-13 9.419636e-05
1110 4.050358e-13 9.400787e-05
1111 4.125271e-13 9.382881e-05
1112 4.200183e-13 9.365907e-05
1113 4.275096e-13 9.349857e-05
1114 4.350009e-13 9.334721e-05
1115 4.420433e-13 9.320490e-05
1116 4.486367e-13 9.307152e-05
1117 4.552302e-13 9.294699e-05
1118 4.618237e-13 9.283118e-05
1119 4.684172e-13 9.272401e-05
1120 4.750106e-13 9.262536e-05
1121 4.816041e-13 9.253512e-05
1122 4.881976e-13 9.245318e-05
1123 4.947911e-13 9.237942e-05
1124 5.013845e-13 9.231373e-05
1125 5.076167e-13 9.225599e-05
1126 5.134877e-13 9.220608e-05
1127 5.193587e-13 9.216390e-05
1128 5.252296e-13 9.212930e-05
1129 5.311006e-13 9.210218e-05
1130 5.369715e-13 9.208241e-05
1131 5.428425e-13 9.206987e-05
1132 5.487135e-13 9.206443e-05
1133 5.545844e-13 9.206596e-05
1134 5.604554e-13 9.207435e-05
1135 5.660610e-13 9.208947e-05
1136 5.714012e-13 9.211118e-05
1137 5.767414e-13 9.213936e-05
1138 5.820816e-13 9.217389e-05
1139 5.874218e-13 9.221464e-05
1140 5.927620e-13 9.226147e-05
1141 5.981022e-13 9.231426e-05
1142 6.034424e-13 9.237289e-05
1143 6.087826e-13 9.243722e-05
1144 6.141228e-13 9.250713e-05
1145 6.191525e-13 9.258249e-05
1146 6.238716e-13 9.266318e-05
1147 6.285907e-13 9.274906e-05
1148 6.333098e-13 9.284001e-05
1149 6.380289e-13 9.293592e-05
1150 6.427480e-13 9.303665e-05
1151 6.474671e-13 9.314207e-05
1152 6.521862e-13 9.325208e-05
1153 6.569054e-13 9.336654e-05
1154 6.616245e-13 9.348535e-05
1155 6.659709e-13 9.360837e-05
1156 6.699446e-13 9.373549e-05
1157 6.739183e-13 9.386659e-05
1158 6.778920e-13 9.400157e-05
1159 6.818657e-13 9.414029e-05
1160 6.858393e-13 9.428266e-05
1161 6.898130e-13 9.442856e-05
1162 6.937867e-13 9.457787e-05
1163 6.977604e-13 9.473050e-05
1164 7.017341e-13 9.488632e-05
1165 7.051355e-13 9.504523e-05
1166 7.079645e-13 9.520713e-05
1167 7.107936e-13 9.537190e-05
1168 7.136226e-13 9.553945e-05
1169 7.164517e-13 9.570967e-05
1170 7.192807e-13 9.588246e-05
1171 7.221098e-13 9.605772e-05
1172 7.249388e-13 9.623534e-05
1173 7.277679e-13 9.641523e-05
1174 7.305969e-13 9.659729e-05
1175 7.325628e-13 9.678143e-05
1176 7.336656e-13 9.696753e-05
1177 7.347684e-13 9.715552e-05
1178 7.358711e-13 9.734530e-05
1179 7.369739e-13 9.753677e-05
1180 7.380767e-13 9.772985e-05
1181 7.391794e-13 9.792443e-05
1182 7.402822e-13 9.812044e-05
1183 7.413850e-13 9.831778e-05
1184 7.424878e-13 9.851637e-05
1185 7.423448e-13 9.871611e-05
1186 7.409562e-13 9.891692e-05
1187 7.395675e-13 9.911872e-05
1188 7.381789e-13 9.932143e-05
1189 7.367902e-13 9.952496e-05
1190 7.354016e-13 9.972922e-05
1191 7.340129e-13 9.993414e-05
1192 7.326243e-13 1.001396e-04
1193 7.312356e-13 1.003456e-04
1194 7.298470e-13 1.005521e-04
1195 7.267920e-13 1.007588e-04
1196 7.220706e-13 1.009658e-04
1197 7.173493e-13 1.011731e-04
1198 7.126280e-13 1.013804e-04
1199 7.079067e-13 1.015878e-04
1200 7.031853e-13 1.017952e-04
1201 6.984640e-13 1.020024e-04
1202 6.937427e-13 1.022095e-04
1203 6.890213e-13 1.024163e-04
1204 6.843000e-13 1.026229e-04
1205 6.774601e-13 1.028291e-04
1206 6.685017e-13 1.030348e-04
1207 6.595433e-13 1.032400e-04
1208 6.505848e-13 1.034446e-04
1209 6.416264e-13 1.036486e-04
1210 6.326680e-13 1.038519e-04
1211 6.237096e-13 1.040545e-04
1212 6.147511e-13 1.042562e-04
1213 6.057927e-13 1.044570e-04
1214 5.968343e-13 1.046569e-04
1215 5.854375e-13 1.048558e-04
1216 5.716024e-13 1.050536e-04
1217 5.577673e-13 1.052503e-04
1218 5.439321e-13 1.054458e-04
1219 5.300970e-13 1.056401e-04
1220 5.162619e-13 1.058332e-04
1221 5.024268e-13 1.060248e-04
1222 4.885916e-13 1.062151e-04
1223 4.747565e-13 1.064040e-04
1224 4.609214e-13 1.065913e-04
1225 4.445278e-13 1.067771e-04
1226 4.255758e-13 1.069613e-04
1227 4.066237e-13 1.071439e-04
1228 3.876717e-13 1.073248e-04
1229 3.687196e-13 1.075039e-04
1230 3.497676e-13 1.076813e-04
1231 3.308156e-13 1.078568e-04
1232 3.118635e-13 1.080304e-04
1233 2.929115e-13 1.082022e-04
1234 2.739594e-13 1.083719e-04
1235 2.526897e-13 1.085397e-04
1236 2.291023e-13 1.087054e-04
1237 2.055149e-13 1.088691e-04
1238 1.819274e-13 1.090306e-04
1239 1.583400e-13 1.091899e-04
1240 1.347526e-13 1.093471e-04
1241 1.111652e-13 1.095020e-04
1242 8.757775e-14 1.096546e-04
1243 6.399033e-14 1.098049e-04
1244 4.040291e-14 1.099528e-04
1245 1.509797e-14 1.100984e-04
1246 -1.192449e-14 1.102416e-04
1247 -3.894694e-14 1.103823e-04
1248 -6.596939e-14 1.105205e-04
1249 -9.299184e-14 1.106562e-04
1250 -1.200143e-13 1.107893e-04
1251 -1.470367e-13 1.109199e-04
1252 -1.740592e-13 1.110479e-04
1253 -2.010817e-13 1.111732e-04
1254 -2.281041e-13 1.112959e-04
1255 -2.557884e-13 1.114159e-04
1256 -2.841345e-13 1.115331e-04
1257 -3.124805e-13 1.116477e-04
1258 -3.408266e-13 1.117594e-04
1259 -3.691727e-13 1.118683e-04
1260 -3.975188e-13 1.119745e-04
1261 -4.258649e-13 1.120778e-04
1262 -4.542110e-13 1.121782e-04
1263 -4.825570e-13 1.122757e-04
1264 -5.109031e-13 1.123703e-04
1265 -5.385436e-13 1.124620e-04
1266 -5.654783e-13 1.125508e-04
1267 -5.924131e-13 1.126365e-04
1268 -6.193479e-13 1.127193e-04
1269 -6.462826e-13 1.127991e-04
1270 -6.732174e-13 1.128758e-04
1271 -7.001522e-13 1.129495e-04
1272 -7.270870e-13 1.130202e-04
1273 -7.540217e-13 1.130878e-04
1274 -7.809565e-13 1.131522e-04
1275 -8.056829e-13 1.132136e-04
1276 -8.282009e-13 1.132719e-04
1277 -8.507189e-13 1.133270e-04
1278 -8.732369e-13 1.133790e-04
1279 -8.957549e-13 1.134278e-04
1280 -9.182729e-13 1.134735e-04
1281 -9.407909e-13 1.135160e-04
1282 -9.633089e-13 1.135553e-04
1283 -9.858269e-13 1.135913e-04
1284 -1.008345e-12 1.136242e-04
1285 -1.027329e-12 1.136539e-04
1286 -1.042779e-12 1.136803e-04
1287 -1.058230e-12 1.137035e-04
1288 -1.073680e-12 1.137235e-04
1289 -1.089130e-12 1.137402e-04
1290 -1.104580e-12 1.137537e-04
1291 -1.120031e-12 1.137639e-04
1292 -1.135481e-12 1.137708e-04
1293 -1.150931e-12 1.137745e-04
1294 -1.166382e-12 1.137749e-04
1295 -1.177349e-12 1.137720e-04
1296 -1.183834e-12 1.137659e-04
1297 -1.190319e-12 1.137565e-04
1298 -1.196804e-12 1.137437e-04
1299 -1.203289e-12 1.137277e-04
1300 -1.209774e-12 1.137085e-04
1301 -1.216258e-12 1.136859e-04
1302 -1.222743e-12 1.136600e-04
1303 -1.229228e-12 1.136309e-04
1304 -1.235713e-12 1.135985e-04
1305 -1.237309e-12 1.135628e-04
1306 -1.234016e-12 1.135238e-04
1307 -1.230723e-12 1.134815e-04
1308 -1.227430e-12 1.134360e-04
1309 -1.224136e-12 1.133872e-04
1310 -1.220843e-12 1.133351e-04
1311 -1.217550e-12 1.132798e-04
1312 -1.214257e-12 1.132212e-04
1313 -1.210964e-12 1.131594e-04
1314 -1.207671e-12 1.130943e-04
1315 -1.199797e-12 1.130260e-04
1316 -1.187344e-12 1.129544e-04
1317 -1.174890e-12 1.128796e-04
1318 -1.162436e-12 1.128016e-04
1319 -1.149983e-12 1.127204e-04
1320 -1.137529e-12 1.126360e-04
1321 -1.125075e-12 1.125484e-04
1322 -1.112622e-12 1.124576e-04
1323 -1.100168e-12 1.123636e-04
1324 -1.087714e-12 1.122664e-04
1325 -1.071408e-12 1.121661e-04
1326 -1.051248e-12 1.120627e-04
1327 -1.031089e-12 1.119561e-04
1328 -1.010929e-12 1.118464e-04
1329 -9.907698e-13 1.117336e-04
1330 -9.706103e-13 1.116176e-04
1331 -9.504508e-13 1.114986e-04
1332 -9.302913e-13 1.113765e-04
1333 -9.101318e-13 1.112514e-04
1334 -8.899724e-13 1.111232e-04
1335 -8.671095e-13 1.109920e-04
1336 -8.415433e-13 1.108577e-04
1337 -8.159770e-13 1.107205e-04
1338 -7.904108e-13 1.105802e-04
1339 -7.648446e-13 1.104370e-04
1340 -7.392783e-13 1.102908e-04
1341 -7.137121e-13 1.101417e-04
1342 -6.881458e-13 1.099896e-04
1343 -6.625796e-13 1.098346e-04
1344 -6.370134e-13 1.096768e-04
1345 -6.099560e-13 1.095160e-04
1346 -5.814075e-13 1.093524e-04
1347 -5.528590e-13 1.091859e-04
1348 -5.243105e-13 1.090167e-04
1349 -4.957620e-13 1.088446e-04
1350 -4.672135e-13 1.086697e-04
1351 -4.386650e-13 1.084920e-04
1352 -4.101165e-13 1.083116e-04
1353 -3.815680e-13 1.081285e-04
1354 -3.530195e-13 1.079426e-04
1355 -3.240772e-13 1.077541e-04
1356 -2.947412e-13 1.075629e-04
1357 -2.654051e-13 1.073690e-04
1358 -2.360691e-13 1.071725e-04
1359 -2.067331e-13 1.069734e-04
1360 -1.773971e-13 1.067717e-04
1361 -1.480610e-13 1.065674e-04
1362 -1.187250e-13 1.063606e-04
1363 -8.938897e-14 1.061512e-04
1364 -6.005294e-14 1.059393e-04
1365 -3.116173e-14 1.057250e-04
1366 -2.715329e-15 1.055082e-04
1367 2.573107e-14 1.052889e-04
1368 5.417747e-14 1.050673e-04
1369 8.262386e-14 1.048432e-04
1370 1.110703e-13 1.046168e-04
1371 1.395167e-13 1.043880e-04
1372 1.679631e-13 1.041569e-04
1373 1.964095e-13 1.039235e-04
1374 2.248558e-13 1.036878e-04
1375 2.523193e-13 1.034499e-04
1376 2.788000e-13 1.032098e-04
1377 3.052806e-13 1.029674e-04
1378 3.317612e-13 1.027229e-04
1379 3.582418e-13 1.024762e-04
1380 3.847224e-13 1.022273e-04
1381 4.112030e-13 1.019764e-04
1382 4.376836e-13 1.017234e-04
1383 4.641642e-13 1.014683e-04
1384 4.906448e-13 1.012112e-04
1385 5.159107e-13 1.009521e-04
1386 5.399618e-13 1.006910e-04
1387 5.640128e-13 1.004280e-04
1388 5.880639e-13 1.001630e-04
1389 6.121150e-13 9.989616e-05
1390 6.361661e-13 9.962741e-05
1391 6.602172e-13 9.935681e-05
1392 6.842683e-13 9.908439e-05
1393 7.083193e-13 9.881017e-05
1394 7.323704e-13 9.853417e-05
1395 7.552358e-13 9.825643e-05
1396 7.769153e-13 9.797697e-05
1397 7.985949e-13 9.769581e-05
1398 8.202745e-13 9.741299e-05
1399 8.419540e-13 9.712852e-05
1400 8.636336e-13 9.684245e-05
1401 8.853132e-13 9.655478e-05
1402 9.069927e-13 9.626556e-05
1403 9.286723e-13 9.597480e-05
1404 9.503519e-13 9.568254e-05
1405 9.709948e-13 9.538879e-05
1406 9.906010e-13 9.509360e-05
1407 1.010207e-12 9.479697e-05
1408 1.029813e-12 9.449895e-05
1409 1.049420e-12 9.419956e-05
1410 1.069026e-12 9.389882e-05
1411 1.088632e-12 9.359676e-05
1412 1.108238e-12 9.329341e-05
1413 1.127844e-12 9.298880e-05
1414 1.147451e-12 9.268295e-05
1415 1.166328e-12 9.237589e-05
1416 1.184477e-12 9.206764e-05
1417 1.202626e-12 9.175824e-05
1418 1.220775e-12 9.144771e-05
1419 1.238924e-12 9.113608e-05
1420 1.257072e-12 9.082337e-05
1421 1.275221e-12 9.050962e-05
1422 1.293370e-12 9.019484e-05
1423 1.311519e-12 8.987906e-05
1424 1.329668e-12 8.956232e-05
1425 1.347299e-12 8.924464e-05
1426 1.364412e-12 8.892604e-05
1427 1.381525e-12 8.860655e-05
1428 1.398638e-12 8.828620e-05
1429 1.415751e-12 8.796501e-05
1430 1.432863e-12 8.764301e-05
1431 1.449976e-12 8.732023e-05
1432 1.467089e-12 8.699669e-05
1433 1.484202e-12 8.667242e-05
1434 1.501315e-12 8.634745e-05
1435 1.518082e-12 8.602179e-05
1436 1.534504e-12 8.569548e-05
1437 1.550925e-12 8.536855e-05
1438 1.567346e-12 8.504101e-05
1439 1.583768e-12 8.471289e-05
1440 1.600189e-12 8.438422e-05
1441 1.616610e-12 8.405503e-05
1442 1.633032e-12 8.372533e-05
1443 1.649453e-12 8.339516e-05
1444 1.665874e-12 8.306453e-05
1445 1.682056e-12 8.273348e-05
1446 1.697999e-12 8.240203e-05
1447 1.713941e-12 8.207019e-05
1448 1.729883e-12 8.173801e-05
1449 1.745826e-12 8.140549e-05
1450 1.761768e-12 8.107266e-05
1451 1.777710e-12 8.073956e-05
1452 1.793653e-12 8.040619e-05
1453 1.809595e-12 8.007259e-05
1454 1.825537e-12 7.973878e-05
1455 1.841167e-12 7.940477e-05
1456 1.856484e-12 7.907060e-05
1457 1.871802e-12 7.873629e-05
1458 1.887119e-12 7.840186e-05
1459 1.902436e-12 7.806732e-05
1460 1.917753e-12 7.773271e-05
1461 1.933070e-12 7.739804e-05
1462 1.948388e-12 7.706334e-05
1463 1.963705e-12 7.672863e-05
1464 1.979022e-12 7.639393e-05
1465 1.993851e-12 7.605925e-05
1466 2.008191e-12 7.572463e-05
1467 2.022532e-12 7.539009e-05
1468 2.036873e-12 7.505563e-05
1469 2.051213e-12 7.472129e-05
1470 2.065554e-12 7.438709e-05
1471 2.079894e-12 7.405303e-05
1472 2.094235e-12 7.371916e-05
1473 2.108575e-12 7.338547e-05
1474 2.122916e-12 7.305200e-05
1475 2.136335e-12 7.271877e-05
1476 2.148833e-12 7.238579e-05
1477 2.161332e-12 7.205308e-05
1478 2.173830e-12 7.172066e-05
1479 2.186328e-12 7.138854e-05
1480 2.198826e-12 7.105676e-05
1481 2.211324e-12 7.072533e-05
1482 2.223823e-12 7.039426e-05
1483 2.236321e-12 7.006357e-05
1484 2.248819e-12 6.973329e-05
1485 2.259704e-12 6.940342e-05
1486 2.268975e-12 6.907399e-05
1487 2.278246e-12 6.874502e-05
1488 2.287518e-12 6.841651e-05
1489 2.296789e-12 6.808850e-05
1490 2.306060e-12 6.776099e-05
1491 2.315331e-12 6.743400e-05
1492 2.324602e-12 6.710756e-05
1493 2.333874e-12 6.678167e-05
1494 2.343145e-12 6.645635e-05
1495 2.349919e-12 6.613162e-05
1496 2.354196e-12 6.580749e-05
1497 2.358473e-12 6.548399e-05
1498 2.362750e-12 6.516112e-05
1499 2.367028e-12 6.483890e-05
1500 2.371305e-12 6.451735e-05
1501 2.375582e-12 6.419648e-05
1502 2.379859e-12 6.387631e-05
1503 2.384136e-12 6.355685e-05
1504 2.388413e-12 6.323812e-05
1505 2.389076e-12 6.292013e-05
1506 2.386124e-12 6.260289e-05
1507 2.383173e-12 6.228643e-05
1508 2.380221e-12 6.197075e-05
1509 2.377270e-12 6.165587e-05
1510 2.374318e-12 6.134180e-05
1511 2.371366e-12 6.102856e-05
1512 2.368415e-12 6.071616e-05
1513 2.365463e-12 6.040461e-05
1514 2.362512e-12 6.009392e-05
1515 2.354783e-12 5.978412e-05
1516 2.342278e-12 5.947521e-05
1517 2.329772e-12 5.916720e-05
1518 2.317267e-12 5.886011e-05
1519 2.304762e-12 5.855395e-05
1520 2.292256e-12 5.824873e-05
1521 2.279751e-12 5.794447e-05
1522 2.267246e-12 5.764118e-05
1523 2.254740e-12 5.733886e-05
1524 2.242235e-12 5.703754e-05
1525 2.223787e-12 5.673721e-05
1526 2.199398e-12 5.643790e-05
1527 2.175008e-12 5.613962e-05
1528 2.150618e-12 5.584237e-05
1529 2.126229e-12 5.554617e-05
1530 2.101839e-12 5.525102e-05
1531 2.077449e-12 5.495695e-05
1532 2.053060e-12 5.466395e-05
1533 2.028670e-12 5.437204e-05
1534 2.004280e-12 5.408124e-05
1535 1.972986e-12 5.379154e-05
1536 1.934785e-12 5.350297e-05
1537 1.896585e-12 5.321552e-05
1538 1.858385e-12 5.292921e-05
1539 1.820185e-12 5.264406e-05
1540 1.781985e-12 5.236006e-05
1541 1.743785e-12 5.207723e-05
1542 1.705585e-12 5.179558e-05
1543 1.667385e-12 5.151512e-05
1544 1.629184e-12 5.123585e-05
1545 1.583860e-12 5.095778e-05
1546 1.531412e-12 5.068093e-05
1547 1.478964e-12 5.040530e-05
1548 1.426516e-12 5.013090e-05
1549 1.374068e-12 4.985774e-05
1550 1.321620e-12 4.958583e-05
1551 1.269172e-12 4.931517e-05
1552 1.216724e-12 4.904577e-05
1553 1.164276e-12 4.877764e-05
1554 1.111828e-12 4.851079e-05
1555 1.052681e-12 4.824523e-05
1556 9.868349e-13 4.798096e-05
1557 9.209891e-13 4.771798e-05
1558 8.551433e-13 4.745632e-05
1559 7.892974e-13 4.719596e-05
1560 7.234516e-13 4.693693e-05
1561 6.576058e-13 4.667923e-05
1562 5.917600e-13 4.642286e-05
1563 5.259142e-13 4.616782e-05
1564 4.600683e-13 4.591414e-05
1565 3.890664e-13 4.566181e-05
1566 3.129083e-13 4.541084e-05
1567 2.367502e-13 4.516123e-05
1568 1.605922e-13 4.491299e-05
1569 8.443408e-14 4.466613e-05
1570 8.275996e-15 4.442065e-05
1571 -6.788208e-14 4.417656e-05
1572 -1.440402e-13 4.393386e-05
1573 -2.201982e-13 4.369256e-05
1574 -2.963563e-13 4.345266e-05
1575 -3.750218e-13 4.321417e-05
1576 -4.561947e-13 4.297709e-05
1577 -5.373676e-13 4.274143e-05
1578 -6.185405e-13 4.250719e-05
1579 -6.997134e-13 4.227438e-05
1580 -7.808863e-13 4.204300e-05
1581 -8.620592e-13 4.181305e-05
1582 -9.432321e-13 4.158455e-05
1583 -1.024405e-12 4.135748e-05
1584 -1.105578e-12 4.113187e-05
1585 -1.185632e-12 4.090770e-05
1586 -1.264568e-12 4.068499e-05
1587 -1.343503e-12 4.046374e-05
1588 -1.422439e-12 4.024395e-05
1589 -1.501374e-12 4.002562e-05
1590 -1.580310e-12 3.980876e-05
1591 -1.659245e-12 3.959337e-05
1592 -1.738181e-12 3.937946e-05
1593 -1.817116e-12 3.916703e-05
1594 -1.896052e-12 3.895607e-05
1595 -1.970084e-12 3.874660e-05
1596 -2.039213e-12 3.853861e-05
1597 -2.108341e-12 3.833211e-05
1598 -2.177470e-12 3.812710e-05
1599 -2.246598e-12 3.792358e-05
1600 -2.315727e-12 3.772155e-05
1601 -2.384855e-12 3.752102e-05
1602 -2.453984e-12 3.732199e-05
1603 -2.523112e-12 3.712446e-05
1604 -2.592241e-12 3.692843e-05
1605 -2.652826e-12 3.673390e-05
1606 -2.704870e-12 3.654088e-05
1607 -2.756913e-12 3.634936e-05
1608 -2.808956e-12 3.615935e-05
1609 -2.861000e-12 3.597085e-05
1610 -2.913043e-12 3.578386e-05
1611 -2.965086e-12 3.559837e-05
1612 -3.017130e-12 3.541440e-05
1613 -3.069173e-12 3.523194e-05
1614 -3.121216e-12 3.505100e-05
1615 -3.161648e-12 3.487156e-05
1616 -3.190468e-12 3.469364e-05
1617 -3.219288e-12 3.451723e-05
1618 -3.248107e-12 3.434234e-05
1619 -3.276927e-12 3.416896e-05
1620 -3.305747e-12 3.399709e-05
1621 -3.334567e-12 3.382674e-05
1622 -3.363386e-12 3.365790e-05
1623 -3.392206e-12 3.349058e-05
1624 -3.421026e-12 3.332477e-05
1625 -3.436982e-12 3.316047e-05
1626 -3.440075e-12 3.299768e-05
1627 -3.443169e-12 3.283641e-05
1628 -3.446262e-12 3.267665e-05
1629 -3.449355e-12 3.251839e-05
1630 -3.452448e-12 3.236165e-05
1631 -3.455541e-12 3.220641e-05
1632 -3.458635e-12 3.205268e-05
1633 -3.461728e-12 3.190046e-05
1634 -3.464821e-12 3.174974e-05
1635 -3.454781e-12 3.160053e-05
1636 -3.431607e-12 3.145281e-05
1637 -3.408433e-12 3.130660e-05
1638 -3.385259e-12 3.116188e-05
1639 -3.362085e-12 3.101866e-05
1640 -3.338912e-12 3.087694e-05
1641 -3.315738e-12 3.073671e-05
1642 -3.292564e-12 3.059797e-05
1643 -3.269390e-12 3.046072e-05
1644 -3.246216e-12 3.032495e-05
1645 -3.211573e-12 3.019067e-05
1646 -3.165462e-12 3.005787e-05
1647 -3.119350e-12 2.992655e-05
1648 -3.073238e-12 2.979671e-05
1649 -3.027127e-12 2.966834e-05
1650 -2.981015e-12 2.954145e-05
1651 -2.934903e-12 2.941602e-05
1652 -2.888792e-12 2.929206e-05
1653 -2.842680e-12 2.916956e-05
1654 -2.796568e-12 2.904853e-05
1655 -2.741386e-12 2.892895e-05
1656 -2.677134e-12 2.881082e-05
1657 -2.612881e-12 2.869415e-05
1658 -2.548629e-12 2.857892e-05
1659 -2.484377e-12 2.846513e-05
1660 -2.420124e-12 2.835279e-05
1661 -2.355872e-12 2.824188e-05
1662 -2.291620e-12 2.813241e-05
1663 -2.227368e-12 2.802437e-05
1664 -2.163115e-12 2.791775e-05
1665 -2.092671e-12 2.781255e-05
1666 -2.016035e-12 2.770877e-05
1667 -1.939400e-12 2.760641e-05
1668 -1.862764e-12 2.750545e-05
1669 -1.786128e-12 2.740590e-05
1670 -1.709492e-12 2.730775e-05
1671 -1.632856e-12 2.721100e-05
1672 -1.556221e-12 2.711564e-05
1673 -1.479585e-12 2.702167e-05
1674 -1.402949e-12 2.692908e-05
1675 -1.323395e-12 2.683787e-05
1676 -1.240924e-12 2.674803e-05
1677 -1.158452e-12 2.665956e-05
1678 -1.075980e-12 2.657246e-05
1679 -9.935083e-13 2.648672e-05
1680 -9.110365e-13 2.640233e-05
1681 -8.285648e-13 2.631929e-05
1682 -7.460930e-13 2.623760e-05
1683 -6.636212e-13 2.615725e-05
1684 -5.811495e-13 2.607823e-05
1685 -4.982732e-13 2.600054e-05
1686 -4.149923e-13 2.592417e-05
1687 -3.317115e-13 2.584912e-05
1688 -2.484307e-13 2.577538e-05
1689 -1.651498e-13 2.570295e-05
1690 -8.186898e-14 2.563182e-05
1691 1.411857e-15 2.556199e-05
1692 8.469269e-14 2.549344e-05
1693 1.679735e-13 2.542618e-05
1694 2.512544e-13 2.536020e-05
1695 3.328849e-13 2.529549e-05
1696 4.128651e-13 2.523205e-05
1697 4.928453e-13 2.516986e-05
1698 5.728255e-13 2.510893e-05
1699 6.528058e-13 2.504925e-05
1700 7.327860e-13 2.499081e-05
1701 8.127662e-13 2.493361e-05
1702 8.927464e-13 2.487763e-05
1703 9.727266e-13 2.482288e-05
1704 1.052707e-12 2.476934e-05
1705 1.129804e-12 2.471701e-05
1706 1.204019e-12 2.466589e-05
1707 1.278233e-12 2.461596e-05
1708 1.352447e-12 2.456722e-05
1709 1.426662e-12 2.451966e-05
1710 1.500876e-12 2.447328e-05
1711 1.575091e-12 2.442807e-05
1712 1.649305e-12 2.438402e-05
1713 1.723520e-12 2.434113e-05
1714 1.797734e-12 2.429938e-05
1715 1.868277e-12 2.425878e-05
1716 1.935147e-12 2.421930e-05
1717 2.002017e-12 2.418096e-05
1718 2.068888e-12 2.414374e-05
1719 2.135758e-12 2.410763e-05
1720 2.202628e-12 2.407262e-05
1721 2.269499e-12 2.403871e-05
1722 2.336369e-12 2.400589e-05
1723 2.403239e-12 2.397416e-05
1724 2.470110e-12 2.394350e-05
1725 2.533274e-12 2.391391e-05
1726 2.592732e-12 2.388537e-05
1727 2.652190e-12 2.385790e-05
1728 2.711648e-12 2.383146e-05
1729 2.771106e-12 2.380606e-05
1730 2.830563e-12 2.378170e-05
1731 2.890021e-12 2.375835e-05
1732 2.949479e-12 2.373602e-05
1733 3.008937e-12 2.371469e-05
1734 3.068395e-12 2.369436e-05
1735 3.124014e-12 2.367502e-05
1736 3.175794e-12 2.365666e-05
1737 3.227574e-12 2.363928e-05
1738 3.279354e-12 2.362286e-05
1739 3.331134e-12 2.360740e-05
1740 3.382914e-12 2.359289e-05
1741 3.434694e-12 2.357932e-05
1742 3.486474e-12 2.356668e-05
1743 3.538254e-12 2.355497e-05
1744 3.590034e-12 2.354417e-05
1745 3.638165e-12 2.353429e-05
1746 3.682647e-12 2.352530e-05
1747 3.727129e-12 2.351720e-05
1748 3.771611e-12 2.350998e-05
1749 3.816093e-12 2.350364e-05
1750 3.860575e-12 2.349816e-05
1751 3.905057e-12 2.349354e-05
1752 3.949539e-12 2.348977e-05
1753 3.994021e-12 2.348684e-05
1754 4.038503e-12 2.348473e-05
1755 4.079331e-12 2.348345e-05
1756 4.116505e-12 2.348299e-05
1757 4.153679e-12 2.348333e-05
1758 4.190853e-12 2.348446e-05
1759 4.228027e-12 2.348638e-05
1760 4.265201e-12 2.348908e-05
1761 4.302375e-12 2.349255e-05
1762 4.339549e-12 2.349677e-05
1763 4.376724e-12 2.350175e-05
1764 4.413898e-12 2.350748e-05
1765 4.446918e-12 2.351393e-05
1766 4.475784e-12 2.352111e-05
1767 4.504651e-12 2.352900e-05
1768 4.533517e-12 2.353760e-05
1769 4.562384e-12 2.354690e-05
1770 4.591250e-12 2.355689e-05
1771 4.620117e-12 2.356755e-05
1772 4.648983e-12 2.357888e-05
1773 4.677850e-12 2.359088e-05
1774 4.706717e-12 2.360352e-05
1775 4.731107e-12 2.361681e-05
1776 4.751020e-12 2.363073e-05
1777 4.770934e-12 2.364527e-05
1778 4.790848e-12 2.366043e-05
1779 4.810762e-12 2.367619e-05
1780 4.830675e-12 2.369254e-05
1781 4.850589e-12 2.370948e-05
1782 4.870503e-12 2.372700e-05
1783 4.890416e-12 2.374509e-05
1784 4.910330e-12 2.376373e-05
1785 4.924872e-12 2.378292e-05
1786 4.934041e-12 2.380266e-05
1787 4.943211e-12 2.382292e-05
1788 4.952380e-12 2.384370e-05
1789 4.961550e-12 2.386499e-05
1790 4.970719e-12 2.388678e-05
1791 4.979889e-12 2.390906e-05
1792 4.989059e-12 2.393182e-05
1793 4.998228e-12 2.395506e-05
1794 5.007398e-12 2.397876e-05
1795 5.009820e-12 2.400291e-05
1796 5.005495e-12 2.402751e-05
1797 5.001170e-12 2.405254e-05
1798 4.996845e-12 2.407799e-05
1799 4.992521e-12 2.410386e-05
1800 4.988196e-12 2.413013e-05
1801 4.983871e-12 2.415680e-05
1802 4.979546e-12 2.418386e-05
1803 4.975221e-12 2.421129e-05
1804 4.970896e-12 2.423909e-05
1805 4.958775e-12 2.426724e-05
1806 4.938858e-12 2.429574e-05
1807 4.918940e-12 2.432458e-05
1808 4.899023e-12 2.435375e-05
1809 4.879106e-12 2.438324e-05
1810 4.859188e-12 2.441303e-05
1811 4.839271e-12 2.444312e-05
1812 4.819353e-12 2.447350e-05
1813 4.799436e-12 2.450416e-05
1814 4.779518e-12 2.453509e-05
1815 4.750036e-12 2.456628e-05
1816 4.710988e-12 2.459772e-05
1817 4.671939e-12 2.462940e-05
1818 4.632891e-12 2.466131e-05
1819 4.593843e-12 2.469345e-05
1820 4.554795e-12 2.472579e-05
1821 4.515747e-12 2.475834e-05
1822 4.476699e-12 2.479107e-05
1823 4.437651e-12 2.482399e-05
1824 4.398603e-12 2.485708e-05
1825 4.349157e-12 2.489034e-05
1826 4.289314e-12 2.492374e-05
1827 4.229471e-12 2.495730e-05
1828 4.169627e-12 2.499098e-05
1829 4.109784e-12 2.502479e-05
1830 4.049940e-12 2.505871e-05
1831 3.990097e-12 2.509274e-05
1832 3.930253e-12 2.512686e-05
1833 3.870410e-12 2.516107e-05
1834 3.810566e-12 2.519535e-05
1835 3.739721e-12 2.522970e-05
1836 3.657875e-12 2.526411e-05
1837 3.576028e-12 2.529856e-05
1838 3.494181e-12 2.533305e-05
1839 3.412334e-12 2.536757e-05
1840 3.330488e-12 2.540211e-05
1841 3.248641e-12 2.543665e-05
1842 3.166794e-12 2.547119e-05
1843 3.084947e-12 2.550573e-05
1844 3.003101e-12 2.554024e-05
1845 2.910577e-12 2.557472e-05
1846 2.807375e-12 2.560916e-05
1847 2.704174e-12 2.564356e-05
1848 2.600973e-12 2.567789e-05
1849 2.497772e-12 2.571216e-05
1850 2.394571e-12 2.574635e-05
1851 2.291370e-12 2.578045e-05
1852 2.188169e-12 2.581446e-05
1853 2.084967e-12 2.584836e-05
1854 1.981766e-12 2.588215e-05
1855 1.869503e-12 2.591581e-05
1856 1.748177e-12 2.594934e-05
1857 1.626851e-12 2.598273e-05
1858 1.505525e-12 2.601596e-05
1859 1.384199e-12 2.604903e-05
1860 1.262873e-12 2.608193e-05
1861 1.141547e-12 2.611465e-05
1862 1.020221e-12 2.614718e-05
1863 8.988947e-13 2.617952e-05
1864 7.775687e-13 2.621164e-05
1865 6.498251e-13 2.624355e-05
1866 5.156639e-13 2.627523e-05
1867 3.815026e-13 2.630668e-05
1868 2.473414e-13 2.633788e-05
1869 1.131802e-13 2.636883e-05
1870 -2.098106e-14 2.639951e-05
1871 -1.551423e-13 2.642993e-05
1872 -2.893035e-13 2.646006e-05
1873 -4.234648e-13 2.648990e-05
1874 -5.576260e-13 2.651945e-05
1875 -6.938670e-13 2.654869e-05
1876 -8.321878e-13 2.657761e-05
1877 -9.705087e-13 2.660620e-05
1878 -1.108829e-12 2.663447e-05
1879 -1.247150e-12 2.666239e-05
1880 -1.385471e-12 2.668996e-05
1881 -1.523792e-12 2.671716e-05
1882 -1.662113e-12 2.674400e-05
1883 -1.800434e-12 2.677046e-05
1884 -1.938754e-12 2.679654e-05
1885 -2.074107e-12 2.682222e-05
1886 -2.206492e-12 2.684750e-05
1887 -2.338877e-12 2.687236e-05
1888 -2.471262e-12 2.689681e-05
1889 -2.603647e-12 2.692082e-05
1890 -2.736032e-12 2.694440e-05
1891 -2.868417e-12 2.696753e-05
1892 -3.000802e-12 2.699021e-05
1893 -3.133187e-12 2.701242e-05
1894 -3.265572e-12 2.703417e-05
1895 -3.389275e-12 2.705543e-05
1896 -3.504297e-12 2.707621e-05
1897 -3.619319e-12 2.709649e-05
1898 -3.734341e-12 2.711627e-05
1899 -3.849363e-12 2.713554e-05
1900 -3.964384e-12 2.715429e-05
1901 -4.079406e-12 2.717250e-05
1902 -4.194428e-12 2.719019e-05
1903 -4.309450e-12 2.720733e-05
1904 -4.424472e-12 2.722392e-05
1905 -4.526125e-12 2.723995e-05
1906 -4.614410e-12 2.725541e-05
1907 -4.702695e-12 2.727029e-05
1908 -4.790980e-12 2.728460e-05
1909 -4.879264e-12 2.729831e-05
1910 -4.967549e-12 2.731143e-05
1911 -5.055834e-12 2.732394e-05
1912 -5.144119e-12 2.733583e-05
1913 -5.232404e-12 2.734711e-05
1914 -5.320689e-12 2.735776e-05
1915 -5.390990e-12 2.736777e-05
1916 -5.443307e-12 2.737714e-05
1917 -5.495625e-12 2.738586e-05
1918 -5.547942e-12 2.739392e-05
1919 -5.600259e-12 2.740131e-05
1920 -5.652577e-12 2.740804e-05
1921 -5.704894e-12 2.741409e-05
1922 -5.757212e-12 2.741945e-05
1923 -5.809529e-12 2.742411e-05
1924 -5.861847e-12 2.742808e-05
1925 -5.897475e-12 2.743134e-05
1926 -5.916413e-12 2.743389e-05
1927 -5.935352e-12 2.743572e-05
1928 -5.954290e-12 2.743682e-05
1929 -5.973229e-12 2.743719e-05
1930 -5.992168e-12 2.743681e-05
1931 -6.011106e-12 2.743569e-05
1932 -6.030045e-12 2.743382e-05
1933 -6.048983e-12 2.743118e-05
1934 -6.067922e-12 2.742778e-05
1935 -6.095773e-12 2.742361e-05
1936 -6.132535e-12 2.741866e-05
1937 -6.169298e-12 2.741292e-05
1938 -6.206060e-12 2.740639e-05
1939 -6.242823e-12 2.739906e-05
1940 -6.279585e-12 2.739093e-05
1941 -6.316348e-12 2.738199e-05
1942 -6.353110e-12 2.737224e-05
1943 -6.389873e-12 2.736166e-05
1944 -6.426636e-12 2.735026e-05
1945 -6.443917e-12 2.733803e-05
1946 -6.441717e-12 2.732495e-05
1947 -6.439518e-12 2.731103e-05
1948 -6.437318e-12 2.729627e-05
1949 -6.435119e-12 2.728064e-05
1950 -6.432919e-12 2.726416e-05
1951 -6.430720e-12 2.724681e-05
1952 -6.428520e-12 2.722859e-05
1953 -6.426320e-12 2.720950e-05
1954 -6.424121e-12 2.718952e-05
1955 -6.370624e-12 2.716865e-05
1956 -6.265830e-12 2.714690e-05
1957 -6.161036e-12 2.712425e-05
1958 -6.056243e-12 2.710069e-05
1959 -5.951449e-12 2.707623e-05
1960 -5.846655e-12 2.705086e-05
1961 -5.741861e-12 2.702457e-05
1962 -5.637067e-12 2.699737e-05
1963 -5.532273e-12 2.696923e-05
1964 -5.427479e-12 2.694017e-05
1965 -5.308631e-12 2.691018e-05
1966 -5.175729e-12 2.687925e-05
1967 -5.042826e-12 2.684737e-05
1968 -4.909924e-12 2.681455e-05
1969 -4.777021e-12 2.678078e-05
1970 -4.644119e-12 2.674605e-05
1971 -4.511216e-12 2.671037e-05
1972 -4.378314e-12 2.667373e-05
1973 -4.245411e-12 2.663611e-05
1974 -4.112509e-12 2.659753e-05
1975 -3.985027e-12 2.655798e-05
1976 -3.862966e-12 2.651744e-05
1977 -3.740905e-12 2.647593e-05
1978 -3.618844e-12 2.643344e-05
1979 -3.496783e-12 2.638995e-05
1980 -3.374722e-12 2.634548e-05
1981 -3.252661e-12 2.630001e-05
1982 -3.130600e-12 2.625355e-05
1983 -3.008539e-12 2.620609e-05
1984 -2.886478e-12 2.615762e-05
1985 -2.787408e-12 2.610815e-05
1986 -2.711331e-12 2.605768e-05
1987 -2.635253e-12 2.600619e-05
1988 -2.559175e-12 2.595368e-05
1989 -2.483098e-12 2.590017e-05
1990 -2.407020e-12 2.584563e-05
1991 -2.330942e-12 2.579008e-05
1992 -2.254865e-12 2.573350e-05
1993 -2.178787e-12 2.567589e-05
1994 -2.102709e-12 2.561726e-05
1995 -2.026632e-12 2.555760e-05
1996 -2.026632e-12 2.549691e-05
1997 -2.026632e-12 2.543519e-05
1998 -2.026632e-12 2.537243e-05
1999 -2.026632e-12 2.530864e-05
2000 -2.026632e-12 2.524381e-05
2001 -2.026632e-12 2.517794e-05
