0 0.000000e+00 3.970126e-07
1 0.000000e+00 3.970126e-07
2 0.000000e+00 3.970126e-07
3 0.000000e+00 7.336718e-07
4 0.000000e+00 1.086869e-06
5 0.000000e+00 1.453858e-06
6 0.000000e+00 1.832181e-06
7 0.000000e+00 2.219653e-06
8 0.000000e+00 2.614349e-06
9 0.000000e+00 3.014590e-06
10 0.000000e+00 3.418926e-06
11 0.000000e+00 3.826126e-06
12 0.000000e+00 4.235159e-06
13 0.000000e+00 4.645186e-06
14 0.000000e+00 5.055539e-06
15 0.000000e+00 5.465712e-06
16 0.000000e+00 5.875343e-06
17 0.000000e+00 6.284203e-06
18 0.000000e+00 6.692180e-06
19 0.000000e+00 7.099266e-06
20 0.000000e+00 7.505541e-06
21 0.000000e+00 7.911160e-06
22 0.000000e+00 8.316338e-06
23 0.000000e+00 8.721339e-06
24 0.000000e+00 9.126456e-06
25 0.000000e+00 9.532001e-06
26 0.000000e+00 9.938292e-06
27 0.000000e+00 1.034563e-05
28 0.000000e+00 1.075431e-05
29 0.000000e+00 1.116456e-05
30 0.000000e+00 1.157657e-05
31 0.000000e+00 1.199047e-05
32 0.000000e+00 1.240630e-05
33 0.000000e+00 1.282400e-05
34 0.000000e+00 1.324343e-05
35 0.000000e+00 1.366433e-05
36 0.000000e+00 1.408640e-05
37 0.000000e+00 1.450931e-05
38 0.000000e+00 1.493270e-05
39 0.000000e+00 1.535622e-05
40 0.000000e+00 1.577956e-05
41 0.000000e+00 1.620247e-05
42 0.000000e+00 1.662476e-05
43 0.000000e+00 1.704636e-05
44 0.000000e+00 1.746733e-05
45 0.000000e+00 1.788782e-05
46 0.000000e+00 1.830805e-05
47 0.000000e+00 1.872831e-05
48 0.000000e+00 1.914895e-05
49 0.000000e+00 1.957028e-05
50 0.000000e+00 1.999266e-05
51 0.000000e+00 2.041636e-05
52 0.000000e+00 2.084163e-05
53 0.000000e+00 2.126863e-05
54 0.000000e+00 2.169742e-05
55 0.000000e+00 2.212799e-05
56 0.000000e+00 2.256023e-05
57 0.000000e+00 2.299402e-05
58 0.000000e+00 2.342917e-05
59 0.000000e+00 2.386551e-05
60 0.000000e+00 2.430283e-05
61 0.000000e+00 2.474098e-05
62 0.000000e+00 2.517982e-05
63 0.000000e+00 2.561927e-05
64 0.000000e+00 2.605933e-05
65 0.000000e+00 2.650003e-05
66 0.000000e+00 2.694147e-05
67 0.000000e+00 2.738377e-05
68 0.000000e+00 2.782706e-05
69 0.000000e+00 2.827148e-05
70 0.000000e+00 2.871716e-05
71 0.000000e+00 2.916422e-05
72 0.000000e+00 2.961271e-05
73 0.000000e+00 3.006265e-05
74 0.000000e+00 3.051401e-05
75 0.000000e+00 3.096668e-05
76 0.000000e+00 3.142054e-05
77 0.000000e+00 3.187542e-05
78 0.000000e+00 3.233114e-05
79 0.000000e+00 3.278754e-05
80 0.000000e+00 3.324444e-05
81 0.000000e+00 3.370171e-05
82 0.000000e+00 3.415924e-05
83 0.000000e+00 3.461698e-05
84 0.000000e+00 3.507493e-05
85 0.000000e+00 3.553316e-05
86 0.000000e+00 3.599175e-05
87 0.000000e+00 3.645084e-05
88 0.000000e+00 3.691057e-05
89 0.000000e+00 3.737110e-05
90 0.000000e+00 3.783259e-05
91 0.000000e+00 3.829519e-05
92 0.000000e+00 3.875901e-05
93 0.000000e+00 3.922414e-05
94 0.000000e+00 3.969064e-05
95 0.000000e+00 4.015852e-05
96 0.000000e+00 4.062774e-05
97 0.000000e+00 4.109828e-05
98 0.000000e+00 4.157005e-05
99 0.000000e+00 4.204298e-05
100 0.000000e+00 4.251697e-05
101 0.000000e+00 4.299192e-05
102 0.000000e+00 4.346775e-05
103 0.000000e+00 4.394436e-05
104 0.000000e+00 4.442167e-05
105 0.000000e+00 4.489964e-05
106 0.000000e+00 4.537820e-05
107 0.000000e+00 4.585733e-05
108 0.000000e+00 4.633699e-05
109 0.000000e+00 4.681717e-05
110 0.000000e+00 4.729786e-05
111 0.000000e+00 4.777906e-05
112 0.000000e+00 4.826079e-05
113 0.000000e+00 4.874305e-05
114 0.000000e+00 4.922588e-05
115 0.000000e+00 4.970929e-05
116 0.000000e+00 5.019334e-05
117 0.000000e+00 5.067805e-05
118 0.000000e+00 5.116348e-05
119 0.000000e+00 5.164965e-05
120 0.000000e+00 5.213664e-05
121 0.000000e+00 5.262448e-05
122 0.000000e+00 5.311322e-05
123 0.000000e+00 5.360293e-05
124 0.000000e+00 5.409364e-05
125 0.000000e+00 5.458541e-05
126 0.000000e+00 5.507830e-05
127 0.000000e+00 5.557233e-05
128 0.000000e+00 5.606757e-05
129 0.000000e+00 5.656404e-05
130 0.000000e+00 5.706178e-05
131 0.000000e+00 5.756082e-05
132 0.000000e+00 5.806118e-05
133 0.000000e+00 5.856289e-05
134 0.000000e+00 5.906594e-05
135 0.000000e+00 5.957034e-05
136 0.000000e+00 6.007608e-05
137 0.000000e+00 6.058316e-05
138 0.000000e+00 6.109156e-05
139 0.000000e+00 6.160125e-05
140 0.000000e+00 6.211222e-05
141 0.000000e+00 6.262444e-05
142 0.000000e+00 6.313786e-05
143 0.000000e+00 6.365246e-05
144 0.000000e+00 6.416819e-05
145 0.000000e+00 6.468501e-05
146 0.000000e+00 6.520288e-05
147 0.000000e+00 6.572176e-05
148 0.000000e+00 6.624161e-05
149 0.000000e+00 6.676237e-05
150 0.000000e+00 6.728400e-05
151 0.000000e+00 6.780645e-05
152 0.000000e+00 6.832969e-05
153 0.000000e+00 6.885368e-05
154 0.000000e+00 6.937837e-05
155 0.000000e+00 6.990372e-05
156 0.000000e+00 7.042971e-05
157 0.000000e+00 7.095629e-05
158 0.000000e+00 7.148346e-05
159 0.000000e+00 7.201118e-05
160 0.000000e+00 7.253944e-05
161 0.000000e+00 7.306822e-05
162 0.000000e+00 7.359753e-05
163 0.000000e+00 7.412736e-05
164 0.000000e+00 7.465772e-05
165 0.000000e+00 7.518862e-05
166 0.000000e+00 7.572009e-05
167 0.000000e+00 7.625214e-05
168 0.000000e+00 7.678482e-05
169 0.000000e+00 7.731816e-05
170 0.000000e+00 7.785219e-05
171 0.000000e+00 7.838696e-05
172 0.000000e+00 7.892251e-05
173 0.000000e+00 7.945890e-05
174 0.000000e+00 7.999618e-05
175 0.000000e+00 8.053440e-05
176 0.000000e+00 8.107361e-05
177 0.000000e+00 8.161388e-05
178 0.000000e+00 8.215525e-05
179 0.000000e+00 8.269780e-05
180 0.000000e+00 8.324156e-05
181 0.000000e+00 8.378661e-05
182 0.000000e+00 8.433299e-05
183 0.000000e+00 8.488076e-05
184 0.000000e+00 8.542997e-05
185 0.000000e+00 8.598066e-05
186 0.000000e+00 8.653289e-05
187 0.000000e+00 8.708670e-05
188 0.000000e+00 8.764212e-05
189 0.000000e+00 8.819920e-05
190 0.000000e+00 8.875795e-05
191 0.000000e+00 8.931840e-05
192 0.000000e+00 8.988058e-05
193 0.000000e+00 9.044449e-05
194 0.000000e+00 9.101014e-05
195 0.000000e+00 9.157753e-05
196 0.000000e+00 9.214665e-05
197 0.000000e+00 9.271750e-05
198 0.000000e+00 9.329006e-05
199 0.000000e+00 9.386429e-05
200 0.000000e+00 9.444018e-05
201 0.000000e+00 9.501769e-05
202 0.000000e+00 9.559679e-05
203 0.000000e+00 9.617743e-05
204 0.000000e+00 9.675957e-05
205 0.000000e+00 9.734315e-05
206 0.000000e+00 9.792814e-05
207 0.000000e+00 9.851446e-05
208 0.000000e+00 9.910206e-05
209 0.000000e+00 9.969088e-05
210 0.000000e+00 1.002808e-04
211 0.000000e+00 1.008719e-04
212 0.000000e+00 1.014640e-04
213 0.000000e+00 1.020570e-04
214 0.000000e+00 1.026509e-04
215 0.000000e+00 1.032456e-04
216 0.000000e+00 1.038410e-04
217 0.000000e+00 1.044371e-04
218 0.000000e+00 1.050337e-04
219 0.000000e+00 1.056309e-04
220 0.000000e+00 1.062285e-04
221 0.000000e+00 1.068264e-04
222 0.000000e+00 1.074245e-04
223 0.000000e+00 1.080229e-04
224 0.000000e+00 1.086214e-04
225 0.000000e+00 1.092199e-04
226 0.000000e+00 1.098184e-04
227 0.000000e+00 1.104168e-04
228 0.000000e+00 1.110151e-04
229 0.000000e+00 1.116131e-04
230 0.000000e+00 1.122107e-04
231 0.000000e+00 1.128080e-04
232 0.000000e+00 1.134049e-04
233 0.000000e+00 1.140012e-04
234 0.000000e+00 1.145969e-04
235 0.000000e+00 1.151920e-04
236 0.000000e+00 1.157864e-04
237 0.000000e+00 1.163800e-04
238 0.000000e+00 1.169727e-04
239 0.000000e+00 1.175645e-04
240 0.000000e+00 1.181554e-04
241 0.000000e+00 1.187451e-04
242 0.000000e+00 1.193338e-04
243 0.000000e+00 1.199213e-04
244 0.000000e+00 1.205076e-04
245 0.000000e+00 1.210925e-04
246 0.000000e+00 1.216761e-04
247 0.000000e+00 1.222582e-04
248 0.000000e+00 1.228388e-04
249 0.000000e+00 1.234179e-04
250 0.000000e+00 1.239953e-04
251 0.000000e+00 1.245710e-04
252 0.000000e+00 1.251450e-04
253 0.000000e+00 1.257172e-04
254 0.000000e+00 1.262874e-04
255 0.000000e+00 1.268557e-04
256 0.000000e+00 1.274219e-04
257 0.000000e+00 1.279861e-04
258 0.000000e+00 1.285481e-04
259 0.000000e+00 1.291079e-04
260 0.000000e+00 1.296654e-04
261 0.000000e+00 1.302205e-04
262 0.000000e+00 1.307732e-04
263 0.000000e+00 1.313233e-04
264 0.000000e+00 1.318709e-04
265 0.000000e+00 1.324159e-04
266 0.000000e+00 1.329581e-04
267 0.000000e+00 1.334976e-04
268 0.000000e+00 1.340341e-04
269 0.000000e+00 1.345678e-04
270 0.000000e+00 1.350984e-04
271 0.000000e+00 1.356259e-04
272 0.000000e+00 1.361503e-04
273 0.000000e+00 1.366715e-04
274 0.000000e+00 1.371893e-04
275 0.000000e+00 1.377037e-04
276 0.000000e+00 1.382147e-04
277 0.000000e+00 1.387221e-04
278 0.000000e+00 1.392259e-04
279 0.000000e+00 1.397260e-04
280 0.000000e+00 1.402223e-04
281 0.000000e+00 1.407146e-04
282 0.000000e+00 1.412031e-04
283 0.000000e+00 1.416875e-04
284 0.000000e+00 1.421677e-04
285 0.000000e+00 1.426437e-04
286 0.000000e+00 1.431154e-04
287 0.000000e+00 1.435827e-04
288 0.000000e+00 1.440456e-04
289 0.000000e+00 1.445038e-04
290 0.000000e+00 1.449574e-04
291 0.000000e+00 1.454062e-04
292 0.000000e+00 1.458502e-04
293 0.000000e+00 1.462893e-04
294 0.000000e+00 1.467233e-04
295 0.000000e+00 1.471523e-04
296 0.000000e+00 1.475761e-04
297 0.000000e+00 1.479947e-04
298 0.000000e+00 1.484079e-04
299 0.000000e+00 1.488158e-04
300 2.976572e-15 1.492182e-04
301 2.976572e-15 1.496150e-04
302 2.976572e-15 1.500063e-04
303 2.976572e-15 1.503918e-04
304 2.976572e-15 1.507717e-04
305 2.968126e-15 1.511458e-04
306 2.951233e-15 1.515141e-04
307 2.934340e-15 1.518765e-04
308 2.917447e-15 1.522331e-04
309 2.900554e-15 1.525836e-04
310 2.883661e-15 1.529283e-04
311 2.866768e-15 1.532669e-04
312 2.849875e-15 1.535995e-04
313 2.832983e-15 1.539261e-04
314 2.816090e-15 1.542467e-04
315 2.796562e-15 1.545613e-04
316 2.774399e-15 1.548698e-04
317 2.752236e-15 1.551723e-04
318 2.730073e-15 1.554689e-04
319 2.707910e-15 1.557594e-04
320 2.685747e-15 1.560440e-04
321 2.663584e-15 1.563227e-04
322 2.641422e-15 1.565955e-04
323 2.619259e-15 1.568624e-04
324 2.597096e-15 1.571235e-04
325 2.572221e-15 1.573789e-04
326 2.544634e-15 1.576285e-04
327 2.517048e-15 1.578724e-04
328 2.489461e-15 1.581107e-04
329 2.461874e-15 1.583434e-04
330 2.434288e-15 1.585706e-04
331 2.406701e-15 1.587923e-04
332 2.379114e-15 1.590086e-04
333 2.351528e-15 1.592195e-04
334 2.323941e-15 1.594250e-04
335 2.293378e-15 1.596253e-04
336 2.259838e-15 1.598204e-04
337 2.226298e-15 1.600104e-04
338 2.192758e-15 1.601952e-04
339 2.159217e-15 1.603750e-04
340 2.125677e-15 1.605497e-04
341 2.092137e-15 1.607195e-04
342 2.058597e-15 1.608844e-04
343 2.025057e-15 1.610443e-04
344 1.991517e-15 1.611995e-04
345 1.955309e-15 1.613498e-04
346 1.916433e-15 1.614954e-04
347 1.877556e-15 1.616362e-04
348 1.838680e-15 1.617724e-04
349 1.799804e-15 1.619038e-04
350 1.760927e-15 1.620306e-04
351 1.722051e-15 1.621528e-04
352 1.683175e-15 1.622703e-04
353 1.644298e-15 1.623833e-04
354 1.605422e-15 1.624918e-04
355 1.564830e-15 1.625957e-04
356 1.522523e-15 1.626952e-04
357 1.480215e-15 1.627901e-04
358 1.437908e-15 1.628807e-04
359 1.395600e-15 1.629668e-04
360 1.353292e-15 1.630485e-04
361 1.310985e-15 1.631259e-04
362 1.268677e-15 1.631990e-04
363 1.226370e-15 1.632679e-04
364 1.184062e-15 1.633325e-04
365 1.141811e-15 1.633929e-04
366 1.099616e-15 1.634492e-04
367 1.057421e-15 1.635014e-04
368 1.015226e-15 1.635496e-04
369 9.730312e-16 1.635938e-04
370 9.308363e-16 1.636341e-04
371 8.886413e-16 1.636706e-04
372 8.464464e-16 1.637033e-04
373 8.042515e-16 1.637323e-04
374 7.620565e-16 1.637577e-04
375 7.228187e-16 1.637797e-04
376 6.865381e-16 1.637982e-04
377 6.502574e-16 1.638134e-04
378 6.139767e-16 1.638254e-04
379 5.776960e-16 1.638343e-04
380 5.414153e-16 1.638402e-04
381 5.051346e-16 1.638433e-04
382 4.688540e-16 1.638436e-04
383 4.325733e-16 1.638413e-04
384 3.962926e-16 1.638365e-04
385 3.664485e-16 1.638293e-04
386 3.430409e-16 1.638199e-04
387 3.196334e-16 1.638083e-04
388 2.962259e-16 1.637948e-04
389 2.728183e-16 1.637795e-04
390 2.494108e-16 1.637624e-04
391 2.260032e-16 1.637438e-04
392 2.025957e-16 1.637238e-04
393 1.791882e-16 1.637024e-04
394 1.557806e-16 1.636799e-04
395 1.423548e-16 1.636564e-04
396 1.389108e-16 1.636320e-04
397 1.354668e-16 1.636068e-04
398 1.320228e-16 1.635811e-04
399 1.285788e-16 1.635548e-04
400 1.251348e-16 1.635282e-04
401 1.216908e-16 1.635013e-04
402 1.182468e-16 1.634744e-04
403 1.148027e-16 1.634474e-04
404 1.113587e-16 1.634206e-04
405 1.203998e-16 1.633941e-04
406 1.419258e-16 1.633679e-04
407 1.634519e-16 1.633421e-04
408 1.849780e-16 1.633170e-04
409 2.065041e-16 1.632925e-04
410 2.280302e-16 1.632688e-04
411 2.495563e-16 1.632461e-04
412 2.710823e-16 1.632242e-04
413 2.926084e-16 1.632035e-04
414 3.141345e-16 1.631840e-04
415 3.487716e-16 1.631657e-04
416 3.965196e-16 1.631488e-04
417 4.442677e-16 1.631333e-04
418 4.920158e-16 1.631194e-04
419 5.397638e-16 1.631071e-04
420 5.875119e-16 1.630965e-04
421 6.352600e-16 1.630877e-04
422 6.830080e-16 1.630807e-04
423 7.307561e-16 1.630758e-04
424 7.785042e-16 1.630729e-04
425 8.381886e-16 1.630721e-04
426 9.098093e-16 1.630736e-04
427 9.814300e-16 1.630773e-04
428 1.053051e-15 1.630834e-04
429 1.124671e-15 1.630920e-04
430 1.196292e-15 1.631031e-04
431 1.267913e-15 1.631169e-04
432 1.339534e-15 1.631334e-04
433 1.411154e-15 1.631527e-04
434 1.482775e-15 1.631748e-04
435 1.563389e-15 1.632000e-04
436 1.652997e-15 1.632282e-04
437 1.742605e-15 1.632595e-04
438 1.832213e-15 1.632941e-04
439 1.921821e-15 1.633320e-04
440 2.011429e-15 1.633733e-04
441 2.101036e-15 1.634181e-04
442 2.190644e-15 1.634665e-04
443 2.280252e-15 1.635185e-04
444 2.369860e-15 1.635744e-04
445 2.464575e-15 1.636340e-04
446 2.564398e-15 1.636976e-04
447 2.664220e-15 1.637652e-04
448 2.764043e-15 1.638370e-04
449 2.863866e-15 1.639128e-04
450 2.963688e-15 1.639930e-04
451 3.063511e-15 1.640775e-04
452 3.163334e-15 1.641664e-04
453 3.263156e-15 1.642597e-04
454 3.362979e-15 1.643577e-04
455 3.463298e-15 1.644603e-04
456 3.564113e-15 1.645676e-04
457 3.664928e-15 1.646796e-04
458 3.765744e-15 1.647965e-04
459 3.866559e-15 1.649183e-04
460 3.967374e-15 1.650450e-04
461 4.068189e-15 1.651768e-04
462 4.169005e-15 1.653136e-04
463 4.269820e-15 1.654555e-04
464 4.370635e-15 1.656026e-04
465 4.465305e-15 1.657548e-04
466 4.553829e-15 1.659124e-04
467 4.642354e-15 1.660752e-04
468 4.730878e-15 1.662433e-04
469 4.819402e-15 1.664167e-04
470 4.907926e-15 1.665955e-04
471 4.996451e-15 1.667798e-04
472 5.084975e-15 1.669694e-04
473 5.173499e-15 1.671645e-04
474 5.262023e-15 1.673650e-04
475 5.346774e-15 1.675710e-04
476 5.427751e-15 1.677825e-04
477 5.508728e-15 1.679995e-04
478 5.589705e-15 1.682220e-04
479 5.670682e-15 1.684500e-04
480 5.751659e-15 1.686835e-04
481 5.832636e-15 1.689225e-04
482 5.913613e-15 1.691670e-04
483 5.994590e-15 1.694171e-04
484 6.075567e-15 1.696727e-04
485 6.153452e-15 1.699338e-04
486 6.228245e-15 1.702003e-04
487 6.303038e-15 1.704724e-04
488 6.377831e-15 1.707500e-04
489 6.452623e-15 1.710331e-04
490 6.527416e-15 1.713216e-04
491 6.602209e-15 1.716155e-04
492 6.677002e-15 1.719150e-04
493 6.751795e-15 1.722198e-04
494 6.826588e-15 1.725301e-04
495 6.895782e-15 1.728457e-04
496 6.959378e-15 1.731667e-04
497 7.022974e-15 1.734931e-04
498 7.086570e-15 1.738249e-04
499 7.150166e-15 1.741619e-04
500 7.213762e-15 1.745043e-04
501 7.277358e-15 1.748520e-04
502 7.340954e-15 1.752049e-04
503 7.404549e-15 1.755630e-04
504 7.468145e-15 1.759263e-04
505 7.524146e-15 1.762948e-04
506 7.572552e-15 1.766685e-04
507 7.620958e-15 1.770473e-04
508 7.669364e-15 1.774311e-04
509 7.717770e-15 1.778200e-04
510 7.766175e-15 1.782139e-04
511 7.814581e-15 1.786127e-04
512 7.862987e-15 1.790165e-04
513 7.911393e-15 1.794252e-04
514 7.959799e-15 1.798387e-04
515 7.999473e-15 1.802569e-04
516 8.030415e-15 1.806799e-04
517 8.061357e-15 1.811076e-04
518 8.092300e-15 1.815399e-04
519 8.123242e-15 1.819767e-04
520 8.154184e-15 1.824181e-04
521 8.185126e-15 1.828639e-04
522 8.216068e-15 1.833140e-04
523 8.247011e-15 1.837685e-04
524 8.277953e-15 1.842271e-04
525 8.300112e-15 1.846899e-04
526 8.313490e-15 1.851568e-04
527 8.326867e-15 1.856277e-04
528 8.340245e-15 1.861025e-04
529 8.353622e-15 1.865810e-04
530 8.366999e-15 1.870633e-04
531 8.380377e-15 1.875493e-04
532 8.393754e-15 1.880387e-04
533 8.407132e-15 1.885316e-04
534 8.420509e-15 1.890279e-04
535 8.423786e-15 1.895274e-04
536 8.416961e-15 1.900300e-04
537 8.410137e-15 1.905357e-04
538 8.403313e-15 1.910443e-04
539 8.396489e-15 1.915557e-04
540 8.389665e-15 1.920698e-04
541 8.382841e-15 1.925865e-04
542 8.376016e-15 1.931057e-04
543 8.369192e-15 1.936272e-04
544 8.362368e-15 1.941510e-04
545 8.342093e-15 1.946770e-04
546 8.308366e-15 1.952050e-04
547 8.274640e-15 1.957349e-04
548 8.240914e-15 1.962665e-04
549 8.207187e-15 1.967999e-04
550 8.173461e-15 1.973347e-04
551 8.139734e-15 1.978710e-04
552 8.106008e-15 1.984086e-04
553 8.072281e-15 1.989474e-04
554 8.038555e-15 1.994872e-04
555 7.991003e-15 2.000280e-04
556 7.929627e-15 2.005695e-04
557 7.868250e-15 2.011118e-04
558 7.806873e-15 2.016546e-04
559 7.745496e-15 2.021978e-04
560 7.684119e-15 2.027414e-04
561 7.622742e-15 2.032851e-04
562 7.561365e-15 2.038289e-04
563 7.499989e-15 2.043726e-04
564 7.438612e-15 2.049162e-04
565 7.362441e-15 2.054594e-04
566 7.271477e-15 2.060022e-04
567 7.180513e-15 2.065445e-04
568 7.089549e-15 2.070860e-04
569 6.998585e-15 2.076268e-04
570 6.907621e-15 2.081666e-04
571 6.816657e-15 2.087053e-04
572 6.725693e-15 2.092429e-04
573 6.634729e-15 2.097792e-04
574 6.543765e-15 2.103140e-04
575 6.438100e-15 2.108473e-04
576 6.317736e-15 2.113789e-04
577 6.197371e-15 2.119088e-04
578 6.077007e-15 2.124367e-04
579 5.956642e-15 2.129625e-04
580 5.836278e-15 2.134863e-04
581 5.715913e-15 2.140077e-04
582 5.595549e-15 2.145267e-04
583 5.475184e-15 2.150433e-04
584 5.354820e-15 2.155572e-04
585 5.220211e-15 2.160683e-04
586 5.071360e-15 2.165766e-04
587 4.922508e-15 2.170819e-04
588 4.773656e-15 2.175841e-04
589 4.624805e-15 2.180831e-04
590 4.475953e-15 2.185788e-04
591 4.327101e-15 2.190710e-04
592 4.178250e-15 2.195597e-04
593 4.029398e-15 2.200448e-04
594 3.880546e-15 2.205260e-04
595 3.718686e-15 2.210034e-04
596 3.543818e-15 2.214768e-04
597 3.368950e-15 2.219461e-04
598 3.194081e-15 2.224113e-04
599 3.019213e-15 2.228721e-04
600 2.844345e-15 2.233285e-04
601 2.669477e-15 2.237804e-04
602 2.494608e-15 2.242278e-04
603 2.319740e-15 2.246704e-04
604 2.144872e-15 2.251082e-04
605 1.959948e-15 2.255411e-04
606 1.764969e-15 2.259691e-04
607 1.569989e-15 2.263919e-04
608 1.375010e-15 2.268096e-04
609 1.180031e-15 2.272220e-04
610 9.850513e-16 2.276291e-04
611 7.900720e-16 2.280307e-04
612 5.950927e-16 2.284268e-04
613 4.001134e-16 2.288173e-04
614 2.051341e-16 2.292020e-04
615 4.799858e-18 2.295811e-04
616 -2.008894e-16 2.299542e-04
617 -4.065787e-16 2.303215e-04
618 -6.122679e-16 2.306827e-04
619 -8.179572e-16 2.310378e-04
620 -1.023646e-15 2.313868e-04
621 -1.229336e-15 2.317296e-04
622 -1.435025e-15 2.320661e-04
623 -1.640714e-15 2.323963e-04
624 -1.846404e-15 2.327200e-04
625 -2.050540e-15 2.330373e-04
626 -2.253123e-15 2.333480e-04
627 -2.455707e-15 2.336521e-04
628 -2.658290e-15 2.339496e-04
629 -2.860874e-15 2.342404e-04
630 -3.063457e-15 2.345244e-04
631 -3.266041e-15 2.348016e-04
632 -3.468624e-15 2.350720e-04
633 -3.671208e-15 2.353355e-04
634 -3.873791e-15 2.355921e-04
635 -4.066487e-15 2.358417e-04
636 -4.249294e-15 2.360842e-04
637 -4.432102e-15 2.363198e-04
638 -4.614910e-15 2.365483e-04
639 -4.797717e-15 2.367696e-04
640 -4.980525e-15 2.369839e-04
641 -5.163332e-15 2.371910e-04
642 -5.346140e-15 2.373909e-04
643 -5.528948e-15 2.375836e-04
644 -5.711755e-15 2.377691e-04
645 -5.874627e-15 2.379475e-04
646 -6.017563e-15 2.381185e-04
647 -6.160498e-15 2.382824e-04
648 -6.303434e-15 2.384390e-04
649 -6.446369e-15 2.385883e-04
650 -6.589305e-15 2.387304e-04
651 -6.732241e-15 2.388653e-04
652 -6.875176e-15 2.389929e-04
653 -7.018112e-15 2.391133e-04
654 -7.161047e-15 2.392266e-04
655 -7.273741e-15 2.393326e-04
656 -7.356193e-15 2.394314e-04
657 -7.438644e-15 2.395231e-04
658 -7.521096e-15 2.396077e-04
659 -7.603548e-15 2.396852e-04
660 -7.685999e-15 2.397556e-04
661 -7.768451e-15 2.398189e-04
662 -7.850903e-15 2.398753e-04
663 -7.933354e-15 2.399247e-04
664 -8.015806e-15 2.399672e-04
665 -8.058541e-15 2.400028e-04
666 -8.061560e-15 2.400316e-04
667 -8.064579e-15 2.400536e-04
668 -8.067597e-15 2.400689e-04
669 -8.070616e-15 2.400775e-04
670 -8.073635e-15 2.400794e-04
671 -8.076653e-15 2.400748e-04
672 -8.079672e-15 2.400638e-04
673 -8.082691e-15 2.400462e-04
674 -8.085710e-15 2.400223e-04
675 -8.041656e-15 2.399921e-04
676 -7.950529e-15 2.399556e-04
677 -7.859403e-15 2.399130e-04
678 -7.768276e-15 2.398642e-04
679 -7.677150e-15 2.398095e-04
680 -7.586023e-15 2.397488e-04
681 -7.494896e-15 2.396822e-04
682 -7.403770e-15 2.396098e-04
683 -7.312643e-15 2.395317e-04
684 -7.221517e-15 2.394480e-04
685 -7.078956e-15 2.393587e-04
686 -6.884962e-15 2.392639e-04
687 -6.690968e-15 2.391638e-04
688 -6.496974e-15 2.390584e-04
689 -6.302979e-15 2.389479e-04
690 -6.108985e-15 2.388322e-04
691 -5.914991e-15 2.387115e-04
692 -5.720996e-15 2.385859e-04
693 -5.527002e-15 2.384554e-04
694 -5.333008e-15 2.383202e-04
695 -5.085562e-15 2.381805e-04
696 -4.784665e-15 2.380361e-04
697 -4.483768e-15 2.378874e-04
698 -4.182870e-15 2.377343e-04
699 -3.881973e-15 2.375770e-04
700 -3.581076e-15 2.374155e-04
701 -3.280179e-15 2.372501e-04
702 -2.979281e-15 2.370807e-04
703 -2.678384e-15 2.369075e-04
704 -2.377487e-15 2.367306e-04
705 -2.024535e-15 2.365501e-04
706 -1.619528e-15 2.363661e-04
707 -1.214522e-15 2.361787e-04
708 -8.095154e-16 2.359880e-04
709 -4.045089e-16 2.357941e-04
710 4.975671e-19 2.355972e-04
711 4.055041e-16 2.353973e-04
712 8.105106e-16 2.351946e-04
713 1.215517e-15 2.349891e-04
714 1.620524e-15 2.347810e-04
715 2.074358e-15 2.345703e-04
716 2.577019e-15 2.343573e-04
717 3.079681e-15 2.341419e-04
718 3.582343e-15 2.339244e-04
719 4.085004e-15 2.337048e-04
720 4.587666e-15 2.334832e-04
721 5.090327e-15 2.332597e-04
722 5.592989e-15 2.330345e-04
723 6.095651e-15 2.328076e-04
724 6.598312e-15 2.325792e-04
725 7.145159e-15 2.323493e-04
726 7.736189e-15 2.321182e-04
727 8.327220e-15 2.318858e-04
728 8.918251e-15 2.316523e-04
729 9.509281e-15 2.314178e-04
730 1.010031e-14 2.311824e-04
731 1.069134e-14 2.309463e-04
732 1.128237e-14 2.307094e-04
733 1.187340e-14 2.304720e-04
734 1.246443e-14 2.302341e-04
735 1.309353e-14 2.299958e-04
736 1.376068e-14 2.297572e-04
737 1.442783e-14 2.295185e-04
738 1.509499e-14 2.292797e-04
739 1.576214e-14 2.290409e-04
740 1.642929e-14 2.288022e-04
741 1.709645e-14 2.285638e-04
742 1.776360e-14 2.283257e-04
743 1.843075e-14 2.280880e-04
744 1.909791e-14 2.278508e-04
745 1.979514e-14 2.276142e-04
746 2.052246e-14 2.273782e-04
747 2.124978e-14 2.271431e-04
748 2.197709e-14 2.269088e-04
749 2.270441e-14 2.266755e-04
750 2.343172e-14 2.264432e-04
751 2.415904e-14 2.262120e-04
752 2.488636e-14 2.259821e-04
753 2.561367e-14 2.257534e-04
754 2.634099e-14 2.255260e-04
755 2.708979e-14 2.253001e-04
756 2.786008e-14 2.250757e-04
757 2.863037e-14 2.248529e-04
758 2.940066e-14 2.246318e-04
759 3.017095e-14 2.244124e-04
760 3.094124e-14 2.241947e-04
761 3.171153e-14 2.239790e-04
762 3.248182e-14 2.237651e-04
763 3.325211e-14 2.235533e-04
764 3.402240e-14 2.233435e-04
765 3.480187e-14 2.231358e-04
766 3.559052e-14 2.229303e-04
767 3.637918e-14 2.227270e-04
768 3.716783e-14 2.225259e-04
769 3.795648e-14 2.223273e-04
770 3.874513e-14 2.221310e-04
771 3.953378e-14 2.219371e-04
772 4.032243e-14 2.217457e-04
773 4.111108e-14 2.215569e-04
774 4.189973e-14 2.213706e-04
775 4.268602e-14 2.211870e-04
776 4.346994e-14 2.210060e-04
777 4.425386e-14 2.208277e-04
778 4.503778e-14 2.206521e-04
779 4.582170e-14 2.204794e-04
780 4.660562e-14 2.203094e-04
781 4.738954e-14 2.201423e-04
782 4.817346e-14 2.199781e-04
783 4.895738e-14 2.198168e-04
784 4.974130e-14 2.196585e-04
785 5.050758e-14 2.195031e-04
786 5.125622e-14 2.193507e-04
787 5.200486e-14 2.192013e-04
788 5.275350e-14 2.190550e-04
789 5.350214e-14 2.189117e-04
790 5.425078e-14 2.187715e-04
791 5.499942e-14 2.186345e-04
792 5.574806e-14 2.185005e-04
793 5.649670e-14 2.183697e-04
794 5.724534e-14 2.182421e-04
795 5.796227e-14 2.181176e-04
796 5.864748e-14 2.179962e-04
797 5.933270e-14 2.178781e-04
798 6.001791e-14 2.177631e-04
799 6.070313e-14 2.176514e-04
800 6.138834e-14 2.175429e-04
801 6.207355e-14 2.174375e-04
802 6.275877e-14 2.173354e-04
803 6.344398e-14 2.172365e-04
804 6.412920e-14 2.171408e-04
805 6.476642e-14 2.170483e-04
806 6.535566e-14 2.169590e-04
807 6.594490e-14 2.168728e-04
808 6.653413e-14 2.167899e-04
809 6.712337e-14 2.167102e-04
810 6.771261e-14 2.166336e-04
811 6.830184e-14 2.165602e-04
812 6.889108e-14 2.164900e-04
813 6.948032e-14 2.164228e-04
814 7.006956e-14 2.163588e-04
815 7.059684e-14 2.162979e-04
816 7.106217e-14 2.162401e-04
817 7.152750e-14 2.161853e-04
818 7.199283e-14 2.161336e-04
819 7.245816e-14 2.160849e-04
820 7.292349e-14 2.160392e-04
821 7.338882e-14 2.159964e-04
822 7.385415e-14 2.159566e-04
823 7.431948e-14 2.159197e-04
824 7.478481e-14 2.158857e-04
825 7.517751e-14 2.158545e-04
826 7.549758e-14 2.158262e-04
827 7.581766e-14 2.158007e-04
828 7.613773e-14 2.157778e-04
829 7.645780e-14 2.157578e-04
830 7.677787e-14 2.157403e-04
831 7.709794e-14 2.157256e-04
832 7.741801e-14 2.157134e-04
833 7.773808e-14 2.157037e-04
834 7.805816e-14 2.156966e-04
835 7.829765e-14 2.156919e-04
836 7.845655e-14 2.156897e-04
837 7.861546e-14 2.156898e-04
838 7.877437e-14 2.156923e-04
839 7.893327e-14 2.156970e-04
840 7.909218e-14 2.157039e-04
841 7.925109e-14 2.157130e-04
842 7.941000e-14 2.157243e-04
843 7.956890e-14 2.157375e-04
844 7.972781e-14 2.157528e-04
845 7.979871e-14 2.157700e-04
846 7.978161e-14 2.157891e-04
847 7.976451e-14 2.158101e-04
848 7.974741e-14 2.158327e-04
849 7.973031e-14 2.158571e-04
850 7.971321e-14 2.158831e-04
851 7.969611e-14 2.159107e-04
852 7.967901e-14 2.159398e-04
853 7.966191e-14 2.159703e-04
854 7.964481e-14 2.160022e-04
855 7.953942e-14 2.160353e-04
856 7.934576e-14 2.160697e-04
857 7.915209e-14 2.161052e-04
858 7.895843e-14 2.161418e-04
859 7.876476e-14 2.161794e-04
860 7.857109e-14 2.162179e-04
861 7.837743e-14 2.162573e-04
862 7.818376e-14 2.162974e-04
863 7.799010e-14 2.163382e-04
864 7.779643e-14 2.163796e-04
865 7.751339e-14 2.164216e-04
866 7.714096e-14 2.164639e-04
867 7.676854e-14 2.165067e-04
868 7.639612e-14 2.165497e-04
869 7.602370e-14 2.165929e-04
870 7.565127e-14 2.166362e-04
871 7.527885e-14 2.166795e-04
872 7.490643e-14 2.167228e-04
873 7.453401e-14 2.167660e-04
874 7.416159e-14 2.168089e-04
875 7.370140e-14 2.168515e-04
876 7.315346e-14 2.168937e-04
877 7.260552e-14 2.169354e-04
878 7.205758e-14 2.169765e-04
879 7.150964e-14 2.170170e-04
880 7.096169e-14 2.170567e-04
881 7.041375e-14 2.170956e-04
882 6.986581e-14 2.171335e-04
883 6.931787e-14 2.171704e-04
884 6.876993e-14 2.172063e-04
885 6.813608e-14 2.172409e-04
886 6.741634e-14 2.172743e-04
887 6.669659e-14 2.173063e-04
888 6.597685e-14 2.173369e-04
889 6.525710e-14 2.173660e-04
890 6.453735e-14 2.173934e-04
891 6.381761e-14 2.174191e-04
892 6.309786e-14 2.174430e-04
893 6.237812e-14 2.174651e-04
894 6.165837e-14 2.174852e-04
895 6.085626e-14 2.175032e-04
896 5.997177e-14 2.175191e-04
897 5.908728e-14 2.175329e-04
898 5.820280e-14 2.175443e-04
899 5.731831e-14 2.175534e-04
900 5.643382e-14 2.175600e-04
901 5.554934e-14 2.175640e-04
902 5.466485e-14 2.175655e-04
903 5.378036e-14 2.175643e-04
904 5.289588e-14 2.175603e-04
905 5.193629e-14 2.175534e-04
906 5.090159e-14 2.175437e-04
907 4.986689e-14 2.175310e-04
908 4.883220e-14 2.175152e-04
909 4.779750e-14 2.174962e-04
910 4.676280e-14 2.174741e-04
911 4.572811e-14 2.174487e-04
912 4.469341e-14 2.174199e-04
913 4.365871e-14 2.173878e-04
914 4.262402e-14 2.173521e-04
915 4.151986e-14 2.173130e-04
916 4.034623e-14 2.172702e-04
917 3.917260e-14 2.172238e-04
918 3.799897e-14 2.171736e-04
919 3.682535e-14 2.171197e-04
920 3.565172e-14 2.170619e-04
921 3.447809e-14 2.170003e-04
922 3.330447e-14 2.169347e-04
923 3.213084e-14 2.168651e-04
924 3.095721e-14 2.167915e-04
925 2.972766e-14 2.167137e-04
926 2.844218e-14 2.166319e-04
927 2.715670e-14 2.165459e-04
928 2.587122e-14 2.164556e-04
929 2.458574e-14 2.163611e-04
930 2.330026e-14 2.162623e-04
931 2.201478e-14 2.161592e-04
932 2.072929e-14 2.160517e-04
933 1.944381e-14 2.159398e-04
934 1.815833e-14 2.158235e-04
935 1.683484e-14 2.157028e-04
936 1.547334e-14 2.155776e-04
937 1.411184e-14 2.154478e-04
938 1.275034e-14 2.153136e-04
939 1.138884e-14 2.151748e-04
940 1.002734e-14 2.150315e-04
941 8.665844e-15 2.148837e-04
942 7.304344e-15 2.147312e-04
943 5.942844e-15 2.145742e-04
944 4.581344e-15 2.144127e-04
945 3.208145e-15 2.142465e-04
946 1.823245e-15 2.140758e-04
947 4.383450e-16 2.139005e-04
948 -9.465547e-16 2.137206e-04
949 -2.331454e-15 2.135362e-04
950 -3.716354e-15 2.133472e-04
951 -5.101254e-15 2.131538e-04
952 -6.486154e-15 2.129558e-04
953 -7.871054e-15 2.127533e-04
954 -9.255953e-15 2.125464e-04
955 -1.061649e-14 2.123351e-04
956 -1.195266e-14 2.121194e-04
957 -1.328883e-14 2.118993e-04
958 -1.462501e-14 2.116748e-04
959 -1.596118e-14 2.114462e-04
960 -1.729735e-14 2.112132e-04
961 -1.863352e-14 2.109761e-04
962 -1.996969e-14 2.107348e-04
963 -2.130587e-14 2.104895e-04
964 -2.264204e-14 2.102400e-04
965 -2.390670e-14 2.099867e-04
966 -2.509986e-14 2.097294e-04
967 -2.629302e-14 2.094682e-04
968 -2.748617e-14 2.092032e-04
969 -2.867933e-14 2.089345e-04
970 -2.987248e-14 2.086621e-04
971 -3.106564e-14 2.083861e-04
972 -3.225880e-14 2.081066e-04
973 -3.345195e-14 2.078237e-04
974 -3.464511e-14 2.075374e-04
975 -3.571663e-14 2.072477e-04
976 -3.666651e-14 2.069549e-04
977 -3.761640e-14 2.066589e-04
978 -3.856628e-14 2.063599e-04
979 -3.951617e-14 2.060579e-04
980 -4.046605e-14 2.057530e-04
981 -4.141594e-14 2.054454e-04
982 -4.236582e-14 2.051350e-04
983 -4.331571e-14 2.048220e-04
984 -4.426559e-14 2.045065e-04
985 -4.504086e-14 2.041886e-04
986 -4.564152e-14 2.038683e-04
987 -4.624217e-14 2.035458e-04
988 -4.684283e-14 2.032212e-04
989 -4.744348e-14 2.028946e-04
990 -4.804414e-14 2.025660e-04
991 -4.864479e-14 2.022355e-04
992 -4.924545e-14 2.019034e-04
993 -4.984610e-14 2.015696e-04
994 -5.044676e-14 2.012343e-04
995 -5.082798e-14 2.008975e-04
996 -5.098977e-14 2.005594e-04
997 -5.115155e-14 2.002202e-04
998 -5.131334e-14 1.998798e-04
999 -5.147513e-14 1.995384e-04
1000 -5.163691e-14 1.991961e-04
1001 -5.179870e-14 1.988530e-04
1002 -5.196049e-14 1.985093e-04
1003 -5.212227e-14 1.981649e-04
1004 -5.228406e-14 1.978202e-04
1005 -5.220290e-14 1.974750e-04
1006 -5.187879e-14 1.971297e-04
1007 -5.155469e-14 1.967841e-04
1008 -5.123058e-14 1.964386e-04
1009 -5.090648e-14 1.960931e-04
1010 -5.058237e-14 1.957479e-04
1011 -5.025826e-14 1.954029e-04
1012 -4.993416e-14 1.950583e-04
1013 -4.961005e-14 1.947143e-04
1014 -4.928595e-14 1.943709e-04
1015 -4.870930e-14 1.940282e-04
1016 -4.788012e-14 1.936863e-04
1017 -4.705093e-14 1.933454e-04
1018 -4.622175e-14 1.930056e-04
1019 -4.539257e-14 1.926669e-04
1020 -4.456338e-14 1.923294e-04
1021 -4.373420e-14 1.919933e-04
1022 -4.290501e-14 1.916587e-04
1023 -4.207583e-14 1.913257e-04
1024 -4.124665e-14 1.909943e-04
1025 -4.017870e-14 1.906647e-04
1026 -3.887199e-14 1.903370e-04
1027 -3.756528e-14 1.900112e-04
1028 -3.625857e-14 1.896875e-04
1029 -3.495186e-14 1.893660e-04
1030 -3.364515e-14 1.890467e-04
1031 -3.233844e-14 1.887297e-04
1032 -3.103173e-14 1.884152e-04
1033 -2.972502e-14 1.881033e-04
1034 -2.841831e-14 1.877939e-04
1035 -2.690451e-14 1.874873e-04
1036 -2.518360e-14 1.871834e-04
1037 -2.346269e-14 1.868825e-04
1038 -2.174178e-14 1.865844e-04
1039 -2.002088e-14 1.862895e-04
1040 -1.829997e-14 1.859976e-04
1041 -1.657906e-14 1.857090e-04
1042 -1.485815e-14 1.854236e-04
1043 -1.313725e-14 1.851415e-04
1044 -1.141634e-14 1.848629e-04
1045 -9.531429e-15 1.845878e-04
1046 -7.482515e-15 1.843162e-04
1047 -5.433602e-15 1.840482e-04
1048 -3.384689e-15 1.837839e-04
1049 -1.335776e-15 1.835233e-04
1050 7.131368e-16 1.832665e-04
1051 2.762050e-15 1.830136e-04
1052 4.810963e-15 1.827646e-04
1053 6.859876e-15 1.825195e-04
1054 8.908789e-15 1.822785e-04
1055 1.107163e-14 1.820414e-04
1056 1.334839e-14 1.818085e-04
1057 1.562515e-14 1.815797e-04
1058 1.790191e-14 1.813550e-04
1059 2.017867e-14 1.811345e-04
1060 2.245543e-14 1.809183e-04
1061 2.473219e-14 1.807063e-04
1062 2.700895e-14 1.804986e-04
1063 2.928571e-14 1.802952e-04
1064 3.156247e-14 1.800962e-04
1065 3.389917e-14 1.799015e-04
1066 3.629581e-14 1.797112e-04
1067 3.869244e-14 1.795252e-04
1068 4.108908e-14 1.793437e-04
1069 4.348572e-14 1.791665e-04
1070 4.588236e-14 1.789938e-04
1071 4.827899e-14 1.788255e-04
1072 5.067563e-14 1.786617e-04
1073 5.307227e-14 1.785022e-04
1074 5.546891e-14 1.783473e-04
1075 5.787272e-14 1.781967e-04
1076 6.028372e-14 1.780506e-04
1077 6.269472e-14 1.779089e-04
1078 6.510571e-14 1.777716e-04
1079 6.751671e-14 1.776388e-04
1080 6.992771e-14 1.775103e-04
1081 7.233870e-14 1.773863e-04
1082 7.474970e-14 1.772666e-04
1083 7.716069e-14 1.771513e-04
1084 7.957169e-14 1.770403e-04
1085 8.193979e-14 1.769336e-04
1086 8.426500e-14 1.768313e-04
1087 8.659021e-14 1.767332e-04
1088 8.891542e-14 1.766394e-04
1089 9.124063e-14 1.765499e-04
1090 9.356584e-14 1.764645e-04
1091 9.589105e-14 1.763833e-04
1092 9.821626e-14 1.763063e-04
1093 1.005415e-13 1.762334e-04
1094 1.028667e-13 1.761646e-04
1095 1.050989e-13 1.760998e-04
1096 1.072383e-13 1.760391e-04
1097 1.093776e-13 1.759823e-04
1098 1.115169e-13 1.759295e-04
1099 1.136562e-13 1.758806e-04
1100 1.157955e-13 1.758355e-04
1101 1.179349e-13 1.757943e-04
1102 1.200742e-13 1.757569e-04
1103 1.222135e-13 1.757232e-04
1104 1.243528e-13 1.756932e-04
1105 1.263595e-13 1.756669e-04
1106 1.282335e-13 1.756441e-04
1107 1.301075e-13 1.756250e-04
1108 1.319816e-13 1.756093e-04
1109 1.338556e-13 1.755971e-04
1110 1.357296e-13 1.755883e-04
1111 1.376036e-13 1.755829e-04
1112 1.394776e-13 1.755808e-04
1113 1.413516e-13 1.755819e-04
1114 1.432257e-13 1.755863e-04
1115 1.449340e-13 1.755938e-04
1116 1.464767e-13 1.756044e-04
1117 1.480194e-13 1.756181e-04
1118 1.495621e-13 1.756347e-04
1119 1.511048e-13 1.756543e-04
1120 1.526475e-13 1.756768e-04
1121 1.541903e-13 1.757020e-04
1122 1.557330e-13 1.757301e-04
1123 1.572757e-13 1.757608e-04
1124 1.588184e-13 1.757942e-04
1125 1.601566e-13 1.758302e-04
1126 1.612905e-13 1.758687e-04
1127 1.624243e-13 1.759097e-04
1128 1.635582e-13 1.759531e-04
1129 1.646920e-13 1.759988e-04
1130 1.658259e-13 1.760469e-04
1131 1.669597e-13 1.760971e-04
1132 1.680936e-13 1.761496e-04
1133 1.692274e-13 1.762041e-04
1134 1.703613e-13 1.762607e-04
1135 1.712740e-13 1.763193e-04
1136 1.719655e-13 1.763798e-04
1137 1.726571e-13 1.764422e-04
1138 1.733487e-13 1.765064e-04
1139 1.740403e-13 1.765724e-04
1140 1.747319e-13 1.766400e-04
1141 1.754234e-13 1.767093e-04
1142 1.761150e-13 1.767801e-04
1143 1.768066e-13 1.768524e-04
1144 1.774982e-13 1.769262e-04
1145 1.779406e-13 1.770014e-04
1146 1.781340e-13 1.770779e-04
1147 1.783273e-13 1.771557e-04
1148 1.785207e-13 1.772347e-04
1149 1.787140e-13 1.773148e-04
1150 1.789074e-13 1.773961e-04
1151 1.791007e-13 1.774784e-04
1152 1.792941e-13 1.775616e-04
1153 1.794874e-13 1.776458e-04
1154 1.796808e-13 1.777309e-04
1155 1.796199e-13 1.778168e-04
1156 1.793048e-13 1.779035e-04
1157 1.789898e-13 1.779908e-04
1158 1.786747e-13 1.780788e-04
1159 1.783596e-13 1.781675e-04
1160 1.780446e-13 1.782567e-04
1161 1.777295e-13 1.783463e-04
1162 1.774144e-13 1.784365e-04
1163 1.770993e-13 1.785270e-04
1164 1.767843e-13 1.786179e-04
1165 1.762041e-13 1.787091e-04
1166 1.753588e-13 1.788005e-04
1167 1.745136e-13 1.788921e-04
1168 1.736683e-13 1.789839e-04
1169 1.728230e-13 1.790758e-04
1170 1.719777e-13 1.791678e-04
1171 1.711325e-13 1.792597e-04
1172 1.702872e-13 1.793517e-04
1173 1.694419e-13 1.794435e-04
1174 1.685966e-13 1.795353e-04
1175 1.674874e-13 1.796269e-04
1176 1.661143e-13 1.797182e-04
1177 1.647412e-13 1.798093e-04
1178 1.633680e-13 1.799002e-04
1179 1.619949e-13 1.799906e-04
1180 1.606217e-13 1.800808e-04
1181 1.592486e-13 1.801704e-04
1182 1.578755e-13 1.802597e-04
1183 1.565023e-13 1.803484e-04
1184 1.551292e-13 1.804366e-04
1185 1.534996e-13 1.805242e-04
1186 1.516135e-13 1.806111e-04
1187 1.497274e-13 1.806975e-04
1188 1.478413e-13 1.807831e-04
1189 1.459552e-13 1.808680e-04
1190 1.440691e-13 1.809521e-04
1191 1.421830e-13 1.810354e-04
1192 1.402969e-13 1.811179e-04
1193 1.384108e-13 1.811995e-04
1194 1.365247e-13 1.812802e-04
1195 1.344005e-13 1.813600e-04
1196 1.320381e-13 1.814387e-04
1197 1.296758e-13 1.815165e-04
1198 1.273135e-13 1.815932e-04
1199 1.249512e-13 1.816688e-04
1200 1.225889e-13 1.817433e-04
1201 1.202266e-13 1.818167e-04
1202 1.178643e-13 1.818889e-04
1203 1.155020e-13 1.819599e-04
1204 1.131396e-13 1.820297e-04
1205 1.105664e-13 1.820982e-04
1206 1.077823e-13 1.821654e-04
1207 1.049982e-13 1.822312e-04
1208 1.022142e-13 1.822958e-04
1209 9.943005e-14 1.823589e-04
1210 9.664596e-14 1.824206e-04
1211 9.386186e-14 1.824809e-04
1212 9.107776e-14 1.825398e-04
1213 8.829367e-14 1.825971e-04
1214 8.550957e-14 1.826529e-04
1215 8.255945e-14 1.827072e-04
1216 7.944332e-14 1.827600e-04
1217 7.632719e-14 1.828111e-04
1218 7.321105e-14 1.828606e-04
1219 7.009492e-14 1.829085e-04
1220 6.697879e-14 1.829547e-04
1221 6.386265e-14 1.829993e-04
1222 6.074652e-14 1.830421e-04
1223 5.763038e-14 1.830832e-04
1224 5.451425e-14 1.831225e-04
1225 5.128953e-14 1.831601e-04
1226 4.795623e-14 1.831959e-04
1227 4.462292e-14 1.832299e-04
1228 4.128962e-14 1.832620e-04
1229 3.795631e-14 1.832923e-04
1230 3.462300e-14 1.833207e-04
1231 3.128970e-14 1.833472e-04
1232 2.795639e-14 1.833718e-04
1233 2.462309e-14 1.833945e-04
1234 2.128978e-14 1.834152e-04
1235 1.792525e-14 1.834340e-04
1236 1.452948e-14 1.834507e-04
1237 1.113372e-14 1.834655e-04
1238 7.737949e-15 1.834783e-04
1239 4.342183e-15 1.834890e-04
1240 9.464166e-16 1.834977e-04
1241 -2.449350e-15 1.835043e-04
1242 -5.845116e-15 1.835088e-04
1243 -9.240882e-15 1.835113e-04
1244 -1.263665e-14 1.835116e-04
1245 -1.597277e-14 1.835099e-04
1246 -1.924925e-14 1.835060e-04
1247 -2.252573e-14 1.834999e-04
1248 -2.580221e-14 1.834917e-04
1249 -2.907869e-14 1.834813e-04
1250 -3.235517e-14 1.834687e-04
1251 -3.563165e-14 1.834540e-04
1252 -3.890814e-14 1.834370e-04
1253 -4.218462e-14 1.834178e-04
1254 -4.546110e-14 1.833964e-04
1255 -4.857101e-14 1.833728e-04
1256 -5.151436e-14 1.833469e-04
1257 -5.445770e-14 1.833187e-04
1258 -5.740105e-14 1.832883e-04
1259 -6.034439e-14 1.832556e-04
1260 -6.328774e-14 1.832206e-04
1261 -6.623109e-14 1.831833e-04
1262 -6.917443e-14 1.831438e-04
1263 -7.211778e-14 1.831019e-04
1264 -7.506112e-14 1.830577e-04
1265 -7.772340e-14 1.830111e-04
1266 -8.010460e-14 1.829623e-04
1267 -8.248581e-14 1.829111e-04
1268 -8.486701e-14 1.828576e-04
1269 -8.724821e-14 1.828017e-04
1270 -8.962942e-14 1.827435e-04
1271 -9.201062e-14 1.826829e-04
1272 -9.439182e-14 1.826199e-04
1273 -9.677303e-14 1.825546e-04
1274 -9.915423e-14 1.824869e-04
1275 -1.011388e-13 1.824168e-04
1276 -1.027267e-13 1.823444e-04
1277 -1.043147e-13 1.822695e-04
1278 -1.059026e-13 1.821923e-04
1279 -1.074906e-13 1.821127e-04
1280 -1.090785e-13 1.820307e-04
1281 -1.106664e-13 1.819463e-04
1282 -1.122544e-13 1.818595e-04
1283 -1.138423e-13 1.817703e-04
1284 -1.154303e-13 1.816787e-04
1285 -1.165233e-13 1.815847e-04
1286 -1.171214e-13 1.814884e-04
1287 -1.177195e-13 1.813896e-04
1288 -1.183175e-13 1.812884e-04
1289 -1.189156e-13 1.811848e-04
1290 -1.195137e-13 1.810788e-04
1291 -1.201118e-13 1.809704e-04
1292 -1.207099e-13 1.808596e-04
1293 -1.213080e-13 1.807464e-04
1294 -1.219060e-13 1.806308e-04
1295 -1.219315e-13 1.805128e-04
1296 -1.213842e-13 1.803924e-04
1297 -1.208370e-13 1.802697e-04
1298 -1.202897e-13 1.801445e-04
1299 -1.197425e-13 1.800170e-04
1300 -1.191952e-13 1.798870e-04
1301 -1.186480e-13 1.797547e-04
1302 -1.181007e-13 1.796200e-04
1303 -1.175535e-13 1.794829e-04
1304 -1.170062e-13 1.793435e-04
1305 -1.158379e-13 1.792017e-04
1306 -1.140484e-13 1.790575e-04
1307 -1.122589e-13 1.789110e-04
1308 -1.104695e-13 1.787621e-04
1309 -1.086800e-13 1.786108e-04
1310 -1.068905e-13 1.784572e-04
1311 -1.051011e-13 1.783013e-04
1312 -1.033116e-13 1.781431e-04
1313 -1.015221e-13 1.779825e-04
1314 -9.973264e-14 1.778196e-04
1315 -9.731869e-14 1.776543e-04
1316 -9.428027e-14 1.774868e-04
1317 -9.124185e-14 1.773170e-04
1318 -8.820343e-14 1.771448e-04
1319 -8.516501e-14 1.769704e-04
1320 -8.212658e-14 1.767937e-04
1321 -7.908816e-14 1.766147e-04
1322 -7.604974e-14 1.764335e-04
1323 -7.301132e-14 1.762500e-04
1324 -6.997290e-14 1.760642e-04
1325 -6.633182e-14 1.758762e-04
1326 -6.208810e-14 1.756860e-04
1327 -5.784437e-14 1.754935e-04
1328 -5.360065e-14 1.752989e-04
1329 -4.935692e-14 1.751020e-04
1330 -4.511319e-14 1.749029e-04
1331 -4.086947e-14 1.747016e-04
1332 -3.662574e-14 1.744982e-04
1333 -3.238202e-14 1.742925e-04
1334 -2.813829e-14 1.740847e-04
1335 -2.334874e-14 1.738748e-04
1336 -1.801336e-14 1.736627e-04
1337 -1.267799e-14 1.734485e-04
1338 -7.342607e-15 1.732322e-04
1339 -2.007230e-15 1.730137e-04
1340 3.328148e-15 1.727932e-04
1341 8.663526e-15 1.725705e-04
1342 1.399890e-14 1.723458e-04
1343 1.933428e-14 1.721190e-04
1344 2.466966e-14 1.718902e-04
1345 3.047231e-14 1.716593e-04
1346 3.674224e-14 1.714264e-04
1347 4.301218e-14 1.711914e-04
1348 4.928211e-14 1.709545e-04
1349 5.555204e-14 1.707156e-04
1350 6.182197e-14 1.704746e-04
1351 6.809190e-14 1.702317e-04
1352 7.436183e-14 1.699869e-04
1353 8.063176e-14 1.697401e-04
1354 8.690169e-14 1.694913e-04
1355 9.354234e-14 1.692407e-04
1356 1.005537e-13 1.689881e-04
1357 1.075651e-13 1.687336e-04
1358 1.145764e-13 1.684773e-04
1359 1.215878e-13 1.682191e-04
1360 1.285992e-13 1.679590e-04
1361 1.356106e-13 1.676971e-04
1362 1.426219e-13 1.674334e-04
1363 1.496333e-13 1.671678e-04
1364 1.566447e-13 1.669004e-04
1365 1.639246e-13 1.666313e-04
1366 1.714733e-13 1.663604e-04
1367 1.790219e-13 1.660877e-04
1368 1.865705e-13 1.658133e-04
1369 1.941191e-13 1.655371e-04
1370 2.016677e-13 1.652593e-04
1371 2.092163e-13 1.649797e-04
1372 2.167649e-13 1.646984e-04
1373 2.243135e-13 1.644155e-04
1374 2.318621e-13 1.641309e-04
1375 2.395537e-13 1.638447e-04
1376 2.473883e-13 1.635568e-04
1377 2.552229e-13 1.632674e-04
1378 2.630575e-13 1.629763e-04
1379 2.708921e-13 1.626837e-04
1380 2.787267e-13 1.623895e-04
1381 2.865613e-13 1.620937e-04
1382 2.943959e-13 1.617964e-04
1383 3.022305e-13 1.614976e-04
1384 3.100651e-13 1.611973e-04
1385 3.179200e-13 1.608955e-04
1386 3.257952e-13 1.605922e-04
1387 3.336703e-13 1.602874e-04
1388 3.415455e-13 1.599812e-04
1389 3.494206e-13 1.596736e-04
1390 3.572958e-13 1.593646e-04
1391 3.651710e-13 1.590542e-04
1392 3.730461e-13 1.587424e-04
1393 3.809213e-13 1.584292e-04
1394 3.887964e-13 1.581147e-04
1395 3.965682e-13 1.577989e-04
1396 4.042364e-13 1.574818e-04
1397 4.119047e-13 1.571633e-04
1398 4.195729e-13 1.568436e-04
1399 4.272412e-13 1.565226e-04
1400 4.349094e-13 1.562003e-04
1401 4.425777e-13 1.558769e-04
1402 4.502460e-13 1.555522e-04
1403 4.579142e-13 1.552263e-04
1404 4.655825e-13 1.548992e-04
1405 4.730088e-13 1.545709e-04
1406 4.801932e-13 1.542415e-04
1407 4.873776e-13 1.539110e-04
1408 4.945620e-13 1.535793e-04
1409 5.017464e-13 1.532466e-04
1410 5.089308e-13 1.529127e-04
1411 5.161152e-13 1.525778e-04
1412 5.232996e-13 1.522419e-04
1413 5.304840e-13 1.519049e-04
1414 5.376684e-13 1.515668e-04
1415 5.445031e-13 1.512278e-04
1416 5.509883e-13 1.508878e-04
1417 5.574734e-13 1.505468e-04
1418 5.639586e-13 1.502049e-04
1419 5.704437e-13 1.498620e-04
1420 5.769288e-13 1.495182e-04
1421 5.834140e-13 1.491735e-04
1422 5.898991e-13 1.488279e-04
1423 5.963843e-13 1.484814e-04
1424 6.028694e-13 1.481341e-04
1425 6.088637e-13 1.477859e-04
1426 6.143672e-13 1.474369e-04
1427 6.198708e-13 1.470871e-04
1428 6.253743e-13 1.467366e-04
1429 6.308778e-13 1.463852e-04
1430 6.363813e-13 1.460331e-04
1431 6.418849e-13 1.456802e-04
1432 6.473884e-13 1.453266e-04
1433 6.528919e-13 1.449723e-04
1434 6.583954e-13 1.446173e-04
1435 6.633001e-13 1.442616e-04
1436 6.676058e-13 1.439053e-04
1437 6.719116e-13 1.435483e-04
1438 6.762173e-13 1.431906e-04
1439 6.805230e-13 1.428324e-04
1440 6.848288e-13 1.424735e-04
1441 6.891345e-13 1.421141e-04
1442 6.934403e-13 1.417541e-04
1443 6.977460e-13 1.413936e-04
1444 7.020518e-13 1.410325e-04
1445 7.056778e-13 1.406709e-04
1446 7.086241e-13 1.403087e-04
1447 7.115704e-13 1.399461e-04
1448 7.145167e-13 1.395830e-04
1449 7.174630e-13 1.392195e-04
1450 7.204094e-13 1.388555e-04
1451 7.233557e-13 1.384910e-04
1452 7.263020e-13 1.381262e-04
1453 7.292483e-13 1.377609e-04
1454 7.321946e-13 1.373952e-04
1455 7.343682e-13 1.370292e-04
1456 7.357692e-13 1.366628e-04
1457 7.371702e-13 1.362961e-04
1458 7.385711e-13 1.359290e-04
1459 7.399721e-13 1.355617e-04
1460 7.413731e-13 1.351940e-04
1461 7.427740e-13 1.348260e-04
1462 7.441750e-13 1.344578e-04
1463 7.455760e-13 1.340892e-04
1464 7.469769e-13 1.337205e-04
1465 7.475759e-13 1.333515e-04
1466 7.473730e-13 1.329823e-04
1467 7.471700e-13 1.326129e-04
1468 7.469671e-13 1.322433e-04
1469 7.467641e-13 1.318735e-04
1470 7.465612e-13 1.315035e-04
1471 7.463582e-13 1.311334e-04
1472 7.461553e-13 1.307631e-04
1473 7.459523e-13 1.303928e-04
1474 7.457494e-13 1.300223e-04
1475 7.447177e-13 1.296517e-04
1476 7.428573e-13 1.292810e-04
1477 7.409969e-13 1.289102e-04
1478 7.391365e-13 1.285394e-04
1479 7.372761e-13 1.281685e-04
1480 7.354157e-13 1.277976e-04
1481 7.335554e-13 1.274266e-04
1482 7.316950e-13 1.270557e-04
1483 7.298346e-13 1.266847e-04
1484 7.279742e-13 1.263138e-04
1485 7.252666e-13 1.259428e-04
1486 7.217117e-13 1.255719e-04
1487 7.181568e-13 1.252011e-04
1488 7.146019e-13 1.248303e-04
1489 7.110470e-13 1.244596e-04
1490 7.074922e-13 1.240889e-04
1491 7.039373e-13 1.237184e-04
1492 7.003824e-13 1.233479e-04
1493 6.968275e-13 1.229776e-04
1494 6.932726e-13 1.226074e-04
1495 6.889022e-13 1.222373e-04
1496 6.837162e-13 1.218674e-04
1497 6.785302e-13 1.214977e-04
1498 6.733442e-13 1.211281e-04
1499 6.681581e-13 1.207587e-04
1500 6.629721e-13 1.203894e-04
1501 6.577861e-13 1.200204e-04
1502 6.526001e-13 1.196516e-04
1503 6.474141e-13 1.192831e-04
1504 6.422281e-13 1.189147e-04
1505 6.362680e-13 1.185466e-04
1506 6.295337e-13 1.181788e-04
1507 6.227994e-13 1.178112e-04
1508 6.160652e-13 1.174440e-04
1509 6.093309e-13 1.170769e-04
1510 6.025967e-13 1.167102e-04
1511 5.958624e-13 1.163438e-04
1512 5.891281e-13 1.159778e-04
1513 5.823939e-13 1.156120e-04
1514 5.756596e-13 1.152466e-04
1515 5.682309e-13 1.148815e-04
1516 5.601079e-13 1.145168e-04
1517 5.519849e-13 1.141524e-04
1518 5.438618e-13 1.137884e-04
1519 5.357388e-13 1.134248e-04
1520 5.276157e-13 1.130616e-04
1521 5.194927e-13 1.126988e-04
1522 5.113696e-13 1.123365e-04
1523 5.032466e-13 1.119745e-04
1524 4.951235e-13 1.116129e-04
1525 4.864099e-13 1.112518e-04
1526 4.771056e-13 1.108912e-04
1527 4.678013e-13 1.105310e-04
1528 4.584970e-13 1.101713e-04
1529 4.491927e-13 1.098120e-04
1530 4.398885e-13 1.094532e-04
1531 4.305842e-13 1.090949e-04
1532 4.212799e-13 1.087372e-04
1533 4.119756e-13 1.083799e-04
1534 4.026713e-13 1.080231e-04
1535 3.928964e-13 1.076669e-04
1536 3.826509e-13 1.073112e-04
1537 3.724053e-13 1.069560e-04
1538 3.621598e-13 1.066014e-04
1539 3.519143e-13 1.062473e-04
1540 3.416687e-13 1.058938e-04
1541 3.314232e-13 1.055409e-04
1542 3.211776e-13 1.051886e-04
1543 3.109321e-13 1.048368e-04
1544 3.006865e-13 1.044857e-04
1545 2.901486e-13 1.041351e-04
1546 2.793182e-13 1.037852e-04
1547 2.684878e-13 1.034358e-04
1548 2.576574e-13 1.030871e-04
1549 2.468270e-13 1.027390e-04
1550 2.359966e-13 1.023916e-04
1551 2.251662e-13 1.020448e-04
1552 2.143358e-13 1.016987e-04
1553 2.035054e-13 1.013532e-04
1554 1.926750e-13 1.010084e-04
1555 1.817499e-13 1.006643e-04
1556 1.707303e-13 1.003208e-04
1557 1.597106e-13 9.997805e-05
1558 1.486910e-13 9.963598e-05
1559 1.376713e-13 9.929461e-05
1560 1.266517e-13 9.895395e-05
1561 1.156320e-13 9.861400e-05
1562 1.046124e-13 9.827478e-05
1563 9.359271e-14 9.793627e-05
1564 8.257306e-14 9.759851e-05
1565 7.170905e-14 9.726148e-05
1566 6.100068e-14 9.692519e-05
1567 5.029231e-14 9.658966e-05
1568 3.958394e-14 9.625488e-05
1569 2.887557e-14 9.592087e-05
1570 1.816720e-14 9.558763e-05
1571 7.458827e-15 9.525516e-05
1572 -3.249544e-15 9.492347e-05
1573 -1.395791e-14 9.459257e-05
1574 -2.466628e-14 9.426246e-05
1575 -3.494406e-14 9.393315e-05
1576 -4.479123e-14 9.360464e-05
1577 -5.463841e-14 9.327694e-05
1578 -6.448559e-14 9.295005e-05
1579 -7.433276e-14 9.262398e-05
1580 -8.417994e-14 9.229874e-05
1581 -9.402711e-14 9.197432e-05
1582 -1.038743e-13 9.165074e-05
1583 -1.137215e-13 9.132800e-05
1584 -1.235686e-13 9.100611e-05
1585 -1.326782e-13 9.068506e-05
1586 -1.410501e-13 9.036487e-05
1587 -1.494220e-13 9.004553e-05
1588 -1.577939e-13 8.972706e-05
1589 -1.661658e-13 8.940946e-05
1590 -1.745377e-13 8.909274e-05
1591 -1.829096e-13 8.877689e-05
1592 -1.912815e-13 8.846192e-05
1593 -1.996534e-13 8.814784e-05
1594 -2.080254e-13 8.783465e-05
1595 -2.153748e-13 8.752236e-05
1596 -2.217018e-13 8.721096e-05
1597 -2.280289e-13 8.690047e-05
1598 -2.343559e-13 8.659089e-05
1599 -2.406829e-13 8.628222e-05
1600 -2.470099e-13 8.597447e-05
1601 -2.533370e-13 8.566763e-05
1602 -2.596640e-13 8.536172e-05
1603 -2.659910e-13 8.505674e-05
1604 -2.723180e-13 8.475269e-05
1605 -2.773592e-13 8.444958e-05
1606 -2.811146e-13 8.414741e-05
1607 -2.848699e-13 8.384617e-05
1608 -2.886252e-13 8.354589e-05
1609 -2.923806e-13 8.324655e-05
1610 -2.961359e-13 8.294817e-05
1611 -2.998913e-13 8.265075e-05
1612 -3.036466e-13 8.235428e-05
1613 -3.074019e-13 8.205878e-05
1614 -3.111573e-13 8.176425e-05
1615 -3.134035e-13 8.147068e-05
1616 -3.141407e-13 8.117809e-05
1617 -3.148778e-13 8.088648e-05
1618 -3.156150e-13 8.059584e-05
1619 -3.163522e-13 8.030619e-05
1620 -3.170893e-13 8.001752e-05
1621 -3.178265e-13 7.972984e-05
1622 -3.185637e-13 7.944315e-05
1623 -3.193008e-13 7.915746e-05
1624 -3.200380e-13 7.887276e-05
1625 -3.191784e-13 7.858906e-05
1626 -3.167221e-13 7.830636e-05
1627 -3.142657e-13 7.802466e-05
1628 -3.118094e-13 7.774397e-05
1629 -3.093531e-13 7.746429e-05
1630 -3.068967e-13 7.718562e-05
1631 -3.044404e-13 7.690797e-05
1632 -3.019840e-13 7.663133e-05
1633 -2.995277e-13 7.635571e-05
1634 -2.970714e-13 7.608111e-05
1635 -2.929755e-13 7.580753e-05
1636 -2.872400e-13 7.553498e-05
1637 -2.815045e-13 7.526345e-05
1638 -2.757690e-13 7.499295e-05
1639 -2.700335e-13 7.472348e-05
1640 -2.642980e-13 7.445505e-05
1641 -2.585626e-13 7.418765e-05
1642 -2.528271e-13 7.392128e-05
1643 -2.470916e-13 7.365595e-05
1644 -2.413561e-13 7.339166e-05
1645 -2.340814e-13 7.312842e-05
1646 -2.252675e-13 7.286621e-05
1647 -2.164536e-13 7.260505e-05
1648 -2.076397e-13 7.234493e-05
1649 -1.988259e-13 7.208586e-05
1650 -1.900120e-13 7.182784e-05
1651 -1.811981e-13 7.157087e-05
1652 -1.723842e-13 7.131495e-05
1653 -1.635703e-13 7.106009e-05
1654 -1.547564e-13 7.080627e-05
1655 -1.445587e-13 7.055351e-05
1656 -1.329773e-13 7.030181e-05
1657 -1.213959e-13 7.005116e-05
1658 -1.098145e-13 6.980157e-05
1659 -9.823303e-14 6.955304e-05
1660 -8.665161e-14 6.930557e-05
1661 -7.507019e-14 6.905915e-05
1662 -6.348877e-14 6.881380e-05
1663 -5.190735e-14 6.856951e-05
1664 -4.032592e-14 6.832629e-05
1665 -2.760056e-14 6.808413e-05
1666 -1.373127e-14 6.784303e-05
1667 1.380309e-16 6.760299e-05
1668 1.400733e-14 6.736402e-05
1669 2.787663e-14 6.712612e-05
1670 4.174592e-14 6.688928e-05
1671 5.561522e-14 6.665351e-05
1672 6.948452e-14 6.641881e-05
1673 8.335382e-14 6.618517e-05
1674 9.722311e-14 6.595260e-05
1675 1.119505e-13 6.572110e-05
1676 1.275361e-13 6.549067e-05
1677 1.431216e-13 6.526130e-05
1678 1.587072e-13 6.503300e-05
1679 1.742927e-13 6.480577e-05
1680 1.898783e-13 6.457961e-05
1681 2.054638e-13 6.435452e-05
1682 2.210493e-13 6.413049e-05
1683 2.366349e-13 6.390754e-05
1684 2.522204e-13 6.368565e-05
1685 2.683312e-13 6.346482e-05
1686 2.849671e-13 6.324507e-05
1687 3.016030e-13 6.302638e-05
1688 3.182389e-13 6.280876e-05
1689 3.348748e-13 6.259221e-05
1690 3.515107e-13 6.237672e-05
1691 3.681466e-13 6.216230e-05
1692 3.847825e-13 6.194894e-05
1693 4.014184e-13 6.173665e-05
1694 4.180543e-13 6.152542e-05
1695 4.348831e-13 6.131526e-05
1696 4.519049e-13 6.110615e-05
1697 4.689267e-13 6.089812e-05
1698 4.859485e-13 6.069114e-05
1699 5.029703e-13 6.048522e-05
1700 5.199921e-13 6.028036e-05
1701 5.370139e-13 6.007657e-05
1702 5.540357e-13 5.987383e-05
1703 5.710575e-13 5.967214e-05
1704 5.880793e-13 5.947152e-05
1705 6.049667e-13 5.927195e-05
1706 6.217197e-13 5.907343e-05
1707 6.384727e-13 5.887597e-05
1708 6.552257e-13 5.867956e-05
1709 6.719787e-13 5.848420e-05
1710 6.887317e-13 5.828989e-05
1711 7.054847e-13 5.809663e-05
1712 7.222377e-13 5.790442e-05
1713 7.389907e-13 5.771325e-05
1714 7.557436e-13 5.752313e-05
1715 7.719941e-13 5.733405e-05
1716 7.877419e-13 5.714602e-05
1717 8.034897e-13 5.695903e-05
1718 8.192375e-13 5.677307e-05
1719 8.349854e-13 5.658815e-05
1720 8.507332e-13 5.640427e-05
1721 8.664810e-13 5.622143e-05
1722 8.822288e-13 5.603962e-05
1723 8.979767e-13 5.585884e-05
1724 9.137245e-13 5.567909e-05
1725 9.287388e-13 5.550036e-05
1726 9.430197e-13 5.532267e-05
1727 9.573006e-13 5.514600e-05
1728 9.715814e-13 5.497035e-05
1729 9.858623e-13 5.479573e-05
1730 1.000143e-12 5.462212e-05
1731 1.014424e-12 5.444953e-05
1732 1.028705e-12 5.427796e-05
1733 1.042986e-12 5.410740e-05
1734 1.057267e-12 5.393785e-05
1735 1.070488e-12 5.376931e-05
1736 1.082651e-12 5.360178e-05
1737 1.094813e-12 5.343526e-05
1738 1.106976e-12 5.326974e-05
1739 1.119138e-12 5.310522e-05
1740 1.131300e-12 5.294170e-05
1741 1.143463e-12 5.277917e-05
1742 1.155625e-12 5.261764e-05
1743 1.167788e-12 5.245711e-05
1744 1.179950e-12 5.229756e-05
1745 1.190852e-12 5.213900e-05
1746 1.200492e-12 5.198143e-05
1747 1.210133e-12 5.182484e-05
1748 1.219773e-12 5.166923e-05
1749 1.229414e-12 5.151460e-05
1750 1.239055e-12 5.136095e-05
1751 1.248695e-12 5.120827e-05
1752 1.258336e-12 5.105656e-05
1753 1.267976e-12 5.090581e-05
1754 1.277617e-12 5.075604e-05
1755 1.285818e-12 5.060722e-05
1756 1.292581e-12 5.045937e-05
1757 1.299344e-12 5.031248e-05
1758 1.306106e-12 5.016654e-05
1759 1.312869e-12 5.002155e-05
1760 1.319631e-12 4.987751e-05
1761 1.326394e-12 4.973442e-05
1762 1.333157e-12 4.959228e-05
1763 1.339919e-12 4.945107e-05
1764 1.346682e-12 4.931081e-05
1765 1.350195e-12 4.917148e-05
1766 1.350457e-12 4.903308e-05
1767 1.350720e-12 4.889561e-05
1768 1.350983e-12 4.875907e-05
1769 1.351246e-12 4.862346e-05
1770 1.351509e-12 4.848876e-05
1771 1.351772e-12 4.835498e-05
1772 1.352035e-12 4.822212e-05
1773 1.352298e-12 4.809017e-05
1774 1.352561e-12 4.795912e-05
1775 1.347828e-12 4.782899e-05
1776 1.338099e-12 4.769975e-05
1777 1.328370e-12 4.757142e-05
1778 1.318641e-12 4.744398e-05
1779 1.308913e-12 4.731743e-05
1780 1.299184e-12 4.719178e-05
1781 1.289455e-12 4.706701e-05
1782 1.279726e-12 4.694312e-05
1783 1.269997e-12 4.682011e-05
1784 1.260269e-12 4.669798e-05
1785 1.246788e-12 4.657673e-05
1786 1.229557e-12 4.645634e-05
1787 1.212325e-12 4.633682e-05
1788 1.195094e-12 4.621816e-05
1789 1.177862e-12 4.610036e-05
1790 1.160630e-12 4.598342e-05
1791 1.143399e-12 4.586733e-05
1792 1.126167e-12 4.575209e-05
1793 1.108936e-12 4.563770e-05
1794 1.091704e-12 4.552415e-05
1795 1.071237e-12 4.541143e-05
1796 1.047535e-12 4.529956e-05
1797 1.023832e-12 4.518851e-05
1798 1.000130e-12 4.507829e-05
1799 9.764277e-13 4.496890e-05
1800 9.527254e-13 4.486032e-05
1801 9.290231e-13 4.475256e-05
1802 9.053207e-13 4.464562e-05
1803 8.816184e-13 4.453949e-05
1804 8.579161e-13 4.443416e-05
1805 8.314709e-13 4.432963e-05
1806 8.022828e-13 4.422591e-05
1807 7.730947e-13 4.412297e-05
1808 7.439067e-13 4.402083e-05
1809 7.147186e-13 4.391948e-05
1810 6.855306e-13 4.381890e-05
1811 6.563425e-13 4.371911e-05
1812 6.271544e-13 4.362009e-05
1813 5.979664e-13 4.352185e-05
1814 5.687783e-13 4.342437e-05
1815 5.372698e-13 4.332766e-05
1816 5.034407e-13 4.323170e-05
1817 4.696116e-13 4.313651e-05
1818 4.357826e-13 4.304206e-05
1819 4.019535e-13 4.294836e-05
1820 3.681245e-13 4.285541e-05
1821 3.342954e-13 4.276319e-05
1822 3.004664e-13 4.267172e-05
1823 2.666373e-13 4.258097e-05
1824 2.328082e-13 4.249095e-05
1825 1.988383e-13 4.240166e-05
1826 1.647274e-13 4.231309e-05
1827 1.306166e-13 4.222523e-05
1828 9.650571e-14 4.213809e-05
1829 6.239485e-14 4.205165e-05
1830 2.828399e-14 4.196591e-05
1831 -5.826864e-15 4.188088e-05
1832 -3.993772e-14 4.179654e-05
1833 -7.404858e-14 4.171289e-05
1834 -1.081594e-13 4.162993e-05
1835 -1.380385e-13 4.154765e-05
1836 -1.636858e-13 4.146605e-05
1837 -1.893330e-13 4.138512e-05
1838 -2.149803e-13 4.130487e-05
1839 -2.406276e-13 4.122528e-05
1840 -2.662748e-13 4.114635e-05
1841 -2.919221e-13 4.106808e-05
1842 -3.175694e-13 4.099046e-05
1843 -3.432166e-13 4.091349e-05
1844 -3.688639e-13 4.083717e-05
1845 -3.923528e-13 4.076148e-05
1846 -4.136833e-13 4.068644e-05
1847 -4.350138e-13 4.061202e-05
1848 -4.563444e-13 4.053823e-05
1849 -4.776749e-13 4.046507e-05
1850 -4.990054e-13 4.039252e-05
1851 -5.203360e-13 4.032059e-05
1852 -5.416665e-13 4.024927e-05
1853 -5.629970e-13 4.017855e-05
1854 -5.843275e-13 4.010844e-05
1855 -6.043925e-13 4.003892e-05
1856 -6.231918e-13 3.996999e-05
1857 -6.419911e-13 3.990166e-05
1858 -6.607904e-13 3.983390e-05
1859 -6.795897e-13 3.976673e-05
1860 -6.983890e-13 3.970013e-05
1861 -7.171883e-13 3.963410e-05
1862 -7.359876e-13 3.956864e-05
1863 -7.547869e-13 3.950374e-05
1864 -7.735862e-13 3.943940e-05
1865 -7.913286e-13 3.937561e-05
1866 -8.080141e-13 3.931237e-05
1867 -8.246995e-13 3.924967e-05
1868 -8.413850e-13 3.918751e-05
1869 -8.580704e-13 3.912589e-05
1870 -8.747559e-13 3.906480e-05
1871 -8.914414e-13 3.900423e-05
1872 -9.081268e-13 3.894419e-05
1873 -9.248123e-13 3.888466e-05
1874 -9.414977e-13 3.882564e-05
1875 -9.572006e-13 3.876714e-05
1876 -9.719208e-13 3.870913e-05
1877 -9.866410e-13 3.865163e-05
1878 -1.001361e-12 3.859462e-05
1879 -1.016081e-12 3.853810e-05
1880 -1.030802e-12 3.848206e-05
1881 -1.045522e-12 3.842651e-05
1882 -1.060242e-12 3.837143e-05
1883 -1.074962e-12 3.831683e-05
1884 -1.089683e-12 3.826269e-05
1885 -1.103445e-12 3.820902e-05
1886 -1.116248e-12 3.815580e-05
1887 -1.129052e-12 3.810304e-05
1888 -1.141856e-12 3.805073e-05
1889 -1.154660e-12 3.799886e-05
1890 -1.167464e-12 3.794744e-05
1891 -1.180267e-12 3.789644e-05
1892 -1.193071e-12 3.784588e-05
1893 -1.205875e-12 3.779575e-05
1894 -1.218679e-12 3.774604e-05
1895 -1.230355e-12 3.769675e-05
1896 -1.240905e-12 3.764787e-05
1897 -1.251454e-12 3.759939e-05
1898 -1.262004e-12 3.755133e-05
1899 -1.272553e-12 3.750366e-05
1900 -1.283103e-12 3.745639e-05
1901 -1.293652e-12 3.740950e-05
1902 -1.304201e-12 3.736301e-05
1903 -1.314751e-12 3.731689e-05
1904 -1.325300e-12 3.727115e-05
1905 -1.334804e-12 3.722579e-05
1906 -1.343263e-12 3.718079e-05
1907 -1.351721e-12 3.713615e-05
1908 -1.360180e-12 3.709188e-05
1909 -1.368639e-12 3.704796e-05
1910 -1.377097e-12 3.700438e-05
1911 -1.385556e-12 3.696116e-05
1912 -1.394014e-12 3.691827e-05
1913 -1.402473e-12 3.687572e-05
1914 -1.410931e-12 3.683350e-05
1915 -1.418184e-12 3.679161e-05
1916 -1.424231e-12 3.675004e-05
1917 -1.430278e-12 3.670879e-05
1918 -1.436325e-12 3.666786e-05
1919 -1.442372e-12 3.662723e-05
1920 -1.448419e-12 3.658691e-05
1921 -1.454466e-12 3.654689e-05
1922 -1.460514e-12 3.650716e-05
1923 -1.466561e-12 3.646773e-05
1924 -1.472608e-12 3.642858e-05
1925 -1.477410e-12 3.638972e-05
1926 -1.480968e-12 3.635113e-05
1927 -1.484526e-12 3.631282e-05
1928 -1.488084e-12 3.627477e-05
1929 -1.491642e-12 3.623700e-05
1930 -1.495200e-12 3.619948e-05
1931 -1.498758e-12 3.616222e-05
1932 -1.502316e-12 3.612520e-05
1933 -1.505874e-12 3.608844e-05
1934 -1.509432e-12 3.605192e-05
1935 -1.511895e-12 3.601564e-05
1936 -1.513264e-12 3.597959e-05
1937 -1.514633e-12 3.594377e-05
1938 -1.516002e-12 3.590818e-05
1939 -1.517371e-12 3.587281e-05
1940 -1.518740e-12 3.583765e-05
1941 -1.520109e-12 3.580271e-05
1942 -1.521478e-12 3.576797e-05
1943 -1.522847e-12 3.573344e-05
1944 -1.524216e-12 3.569911e-05
1945 -1.524370e-12 3.566497e-05
1946 -1.523307e-12 3.563103e-05
1947 -1.522245e-12 3.559727e-05
1948 -1.521183e-12 3.556369e-05
1949 -1.520120e-12 3.553029e-05
1950 -1.519058e-12 3.549707e-05
1951 -1.517995e-12 3.546401e-05
1952 -1.516933e-12 3.543112e-05
1953 -1.515871e-12 3.539839e-05
1954 -1.514808e-12 3.536582e-05
1955 -1.512808e-12 3.533340e-05
1956 -1.509871e-12 3.530113e-05
1957 -1.506933e-12 3.526900e-05
1958 -1.503996e-12 3.523702e-05
1959 -1.501058e-12 3.520517e-05
1960 -1.498121e-12 3.517345e-05
1961 -1.495183e-12 3.514186e-05
1962 -1.492246e-12 3.511039e-05
1963 -1.489308e-12 3.507905e-05
1964 -1.486371e-12 3.504782e-05
1965 -1.482447e-12 3.501670e-05
1966 -1.477538e-12 3.498569e-05
1967 -1.472628e-12 3.495478e-05
1968 -1.467719e-12 3.492397e-05
1969 -1.462809e-12 3.489326e-05
1970 -1.457900e-12 3.486264e-05
1971 -1.452990e-12 3.483211e-05
1972 -1.448081e-12 3.480166e-05
1973 -1.443172e-12 3.477129e-05
1974 -1.438262e-12 3.474100e-05
1975 -1.432627e-12 3.471078e-05
1976 -1.426265e-12 3.468062e-05
1977 -1.419904e-12 3.465053e-05
1978 -1.413542e-12 3.462050e-05
1979 -1.407181e-12 3.459053e-05
1980 -1.400819e-12 3.456061e-05
1981 -1.394458e-12 3.453074e-05
1982 -1.388096e-12 3.450091e-05
1983 -1.381735e-12 3.447113e-05
1984 -1.375373e-12 3.444138e-05
1985 -1.374663e-12 3.441167e-05
1986 -1.379602e-12 3.438198e-05
1987 -1.384542e-12 3.435232e-05
1988 -1.389482e-12 3.432269e-05
1989 -1.394422e-12 3.429307e-05
1990 -1.399361e-12 3.426347e-05
1991 -1.404301e-12 3.423388e-05
1992 -1.409241e-12 3.420430e-05
1993 -1.414181e-12 3.417473e-05
1994 -1.419120e-12 3.414515e-05
1995 -1.424060e-12 3.411557e-05
1996 -1.424060e-12 3.408599e-05
1997 -1.424060e-12 3.405640e-05
1998 -1.424060e-12 3.402679e-05
1999 -1.424060e-12 3.399717e-05
2000 -1.424060e-12 3.396752e-05
2001 -1.424060e-12 3.393785e-05
