0 0.000000e+00 5.225689e-07
1 0.000000e+00 5.225689e-07
2 0.000000e+00 5.225689e-07
3 0.000000e+00 9.581958e-07
4 0.000000e+00 1.414590e-06
5 0.000000e+00 1.888472e-06
6 0.000000e+00 2.376887e-06
7 0.000000e+00 2.877186e-06
8 0.000000e+00 3.387015e-06
9 0.000000e+00 3.904296e-06
10 0.000000e+00 4.427214e-06
11 0.000000e+00 4.954201e-06
12 0.000000e+00 5.483922e-06
13 0.000000e+00 6.015261e-06
14 0.000000e+00 6.547303e-06
15 0.000000e+00 7.079320e-06
16 0.000000e+00 7.610756e-06
17 0.000000e+00 8.141215e-06
18 0.000000e+00 8.670441e-06
19 0.000000e+00 9.198306e-06
20 0.000000e+00 9.724794e-06
21 0.000000e+00 1.024999e-05
22 0.000000e+00 1.077405e-05
23 0.000000e+00 1.129720e-05
24 0.000000e+00 1.181974e-05
25 0.000000e+00 1.234198e-05
26 0.000000e+00 1.286427e-05
27 0.000000e+00 1.338694e-05
28 0.000000e+00 1.391034e-05
29 0.000000e+00 1.443480e-05
30 0.000000e+00 1.496058e-05
31 0.000000e+00 1.548792e-05
32 0.000000e+00 1.601697e-05
33 0.000000e+00 1.654780e-05
34 0.000000e+00 1.708041e-05
35 0.000000e+00 1.761469e-05
36 0.000000e+00 1.815049e-05
37 0.000000e+00 1.868761e-05
38 0.000000e+00 1.922581e-05
39 0.000000e+00 1.976486e-05
40 0.000000e+00 2.030453e-05
41 0.000000e+00 2.084463e-05
42 0.000000e+00 2.138499e-05
43 0.000000e+00 2.192554e-05
44 0.000000e+00 2.246626e-05
45 0.000000e+00 2.300719e-05
46 0.000000e+00 2.354845e-05
47 0.000000e+00 2.409020e-05
48 0.000000e+00 2.463260e-05
49 0.000000e+00 2.517587e-05
50 0.000000e+00 2.572019e-05
51 0.000000e+00 2.626575e-05
52 0.000000e+00 2.681272e-05
53 0.000000e+00 2.736124e-05
54 0.000000e+00 2.791137e-05
55 0.000000e+00 2.846317e-05
56 0.000000e+00 2.901663e-05
57 0.000000e+00 2.957173e-05
58 0.000000e+00 3.012841e-05
59 0.000000e+00 3.068662e-05
60 0.000000e+00 3.124628e-05
61 0.000000e+00 3.180730e-05
62 0.000000e+00 3.236963e-05
63 0.000000e+00 3.293319e-05
64 0.000000e+00 3.349793e-05
65 0.000000e+00 3.406384e-05
66 0.000000e+00 3.463090e-05
67 0.000000e+00 3.519912e-05
68 0.000000e+00 3.576851e-05
69 0.000000e+00 3.633912e-05
70 0.000000e+00 3.691099e-05
71 0.000000e+00 3.748421e-05
72 0.000000e+00 3.805884e-05
73 0.000000e+00 3.863499e-05
74 0.000000e+00 3.921276e-05
75 0.000000e+00 3.979227e-05
76 0.000000e+00 4.037365e-05
77 0.000000e+00 4.095701e-05
78 0.000000e+00 4.154245e-05
79 0.000000e+00 4.213006e-05
80 0.000000e+00 4.271993e-05
81 0.000000e+00 4.331209e-05
82 0.000000e+00 4.390656e-05
83 0.000000e+00 4.450331e-05
84 0.000000e+00 4.510228e-05
85 0.000000e+00 4.570337e-05
86 0.000000e+00 4.630646e-05
87 0.000000e+00 4.691139e-05
88 0.000000e+00 4.751802e-05
89 0.000000e+00 4.812620e-05
90 0.000000e+00 4.873577e-05
91 0.000000e+00 4.934660e-05
92 0.000000e+00 4.995860e-05
93 0.000000e+00 5.057168e-05
94 0.000000e+00 5.118581e-05
95 0.000000e+00 5.180099e-05
96 0.000000e+00 5.241726e-05
97 0.000000e+00 5.303467e-05
98 0.000000e+00 5.365329e-05
99 0.000000e+00 5.427322e-05
100 0.000000e+00 5.489455e-05
101 0.000000e+00 5.551740e-05
102 0.000000e+00 5.614186e-05
103 0.000000e+00 5.676802e-05
104 0.000000e+00 5.739597e-05
105 0.000000e+00 5.802578e-05
106 0.000000e+00 5.865752e-05
107 0.000000e+00 5.929122e-05
108 0.000000e+00 5.992692e-05
109 0.000000e+00 6.056466e-05
110 0.000000e+00 6.120446e-05
111 0.000000e+00 6.184632e-05
112 0.000000e+00 6.249024e-05
113 0.000000e+00 6.313622e-05
114 0.000000e+00 6.378424e-05
115 0.000000e+00 6.443428e-05
116 0.000000e+00 6.508633e-05
117 0.000000e+00 6.574033e-05
118 0.000000e+00 6.639627e-05
119 0.000000e+00 6.705409e-05
120 0.000000e+00 6.771374e-05
121 0.000000e+00 6.837519e-05
122 0.000000e+00 6.903837e-05
123 0.000000e+00 6.970322e-05
124 0.000000e+00 7.036971e-05
125 0.000000e+00 7.103775e-05
126 0.000000e+00 7.170730e-05
127 0.000000e+00 7.237829e-05
128 0.000000e+00 7.305067e-05
129 0.000000e+00 7.372437e-05
130 0.000000e+00 7.439933e-05
131 0.000000e+00 7.507551e-05
132 0.000000e+00 7.575284e-05
133 0.000000e+00 7.643128e-05
134 0.000000e+00 7.711078e-05
135 0.000000e+00 7.779128e-05
136 0.000000e+00 7.847276e-05
137 0.000000e+00 7.915518e-05
138 0.000000e+00 7.983849e-05
139 0.000000e+00 8.052266e-05
140 0.000000e+00 8.120767e-05
141 0.000000e+00 8.189349e-05
142 0.000000e+00 8.258010e-05
143 0.000000e+00 8.326746e-05
144 0.000000e+00 8.395557e-05
145 0.000000e+00 8.464441e-05
146 0.000000e+00 8.533395e-05
147 0.000000e+00 8.602420e-05
148 0.000000e+00 8.671512e-05
149 0.000000e+00 8.740673e-05
150 0.000000e+00 8.809901e-05
151 0.000000e+00 8.879195e-05
152 0.000000e+00 8.948556e-05
153 0.000000e+00 9.017982e-05
154 0.000000e+00 9.087475e-05
155 0.000000e+00 9.157033e-05
156 0.000000e+00 9.226657e-05
157 0.000000e+00 9.296348e-05
158 0.000000e+00 9.366106e-05
159 0.000000e+00 9.435931e-05
160 0.000000e+00 9.505824e-05
161 0.000000e+00 9.575785e-05
162 0.000000e+00 9.645816e-05
163 0.000000e+00 9.715916e-05
164 0.000000e+00 9.786088e-05
165 0.000000e+00 9.856331e-05
166 0.000000e+00 9.926647e-05
167 0.000000e+00 9.997036e-05
168 0.000000e+00 1.006750e-04
169 0.000000e+00 1.013804e-04
170 0.000000e+00 1.020865e-04
171 0.000000e+00 1.027934e-04
172 0.000000e+00 1.035011e-04
173 0.000000e+00 1.042096e-04
174 0.000000e+00 1.049188e-04
175 0.000000e+00 1.056289e-04
176 0.000000e+00 1.063397e-04
177 0.000000e+00 1.070513e-04
178 0.000000e+00 1.077637e-04
179 0.000000e+00 1.084769e-04
180 0.000000e+00 1.091908e-04
181 0.000000e+00 1.099055e-04
182 0.000000e+00 1.106210e-04
183 0.000000e+00 1.113372e-04
184 0.000000e+00 1.120541e-04
185 0.000000e+00 1.127717e-04
186 0.000000e+00 1.134901e-04
187 0.000000e+00 1.142091e-04
188 0.000000e+00 1.149287e-04
189 0.000000e+00 1.156489e-04
190 0.000000e+00 1.163697e-04
191 0.000000e+00 1.170910e-04
192 0.000000e+00 1.178128e-04
193 0.000000e+00 1.185350e-04
194 0.000000e+00 1.192576e-04
195 0.000000e+00 1.199806e-04
196 0.000000e+00 1.207038e-04
197 0.000000e+00 1.214272e-04
198 0.000000e+00 1.221507e-04
199 0.000000e+00 1.228744e-04
200 0.000000e+00 1.235980e-04
201 0.000000e+00 1.243215e-04
202 0.000000e+00 1.250449e-04
203 0.000000e+00 1.257681e-04
204 0.000000e+00 1.264909e-04
205 0.000000e+00 1.272134e-04
206 0.000000e+00 1.279354e-04
207 0.000000e+00 1.286569e-04
208 0.000000e+00 1.293777e-04
209 0.000000e+00 1.300979e-04
210 0.000000e+00 1.308172e-04
211 0.000000e+00 1.315357e-04
212 0.000000e+00 1.322533e-04
213 0.000000e+00 1.329698e-04
214 0.000000e+00 1.336853e-04
215 0.000000e+00 1.343996e-04
216 0.000000e+00 1.351127e-04
217 0.000000e+00 1.358245e-04
218 0.000000e+00 1.365350e-04
219 0.000000e+00 1.372441e-04
220 0.000000e+00 1.379516e-04
221 0.000000e+00 1.386577e-04
222 0.000000e+00 1.393622e-04
223 0.000000e+00 1.400651e-04
224 0.000000e+00 1.407664e-04
225 0.000000e+00 1.414660e-04
226 0.000000e+00 1.421639e-04
227 0.000000e+00 1.428601e-04
228 0.000000e+00 1.435545e-04
229 0.000000e+00 1.442472e-04
230 0.000000e+00 1.449381e-04
231 0.000000e+00 1.456272e-04
232 0.000000e+00 1.463145e-04
233 0.000000e+00 1.470000e-04
234 0.000000e+00 1.476837e-04
235 0.000000e+00 1.483656e-04
236 0.000000e+00 1.490457e-04
237 0.000000e+00 1.497240e-04
238 0.000000e+00 1.504005e-04
239 0.000000e+00 1.510751e-04
240 0.000000e+00 1.517480e-04
241 0.000000e+00 1.524191e-04
242 0.000000e+00 1.530883e-04
243 0.000000e+00 1.537558e-04
244 0.000000e+00 1.544214e-04
245 0.000000e+00 1.550852e-04
246 0.000000e+00 1.557473e-04
247 0.000000e+00 1.564074e-04
248 0.000000e+00 1.570658e-04
249 0.000000e+00 1.577223e-04
250 0.000000e+00 1.583769e-04
251 0.000000e+00 1.590297e-04
252 0.000000e+00 1.596805e-04
253 0.000000e+00 1.603294e-04
254 0.000000e+00 1.609763e-04
255 0.000000e+00 1.616213e-04
256 0.000000e+00 1.622641e-04
257 0.000000e+00 1.629049e-04
258 0.000000e+00 1.635436e-04
259 0.000000e+00 1.641801e-04
260 0.000000e+00 1.648143e-04
261 0.000000e+00 1.654463e-04
262 0.000000e+00 1.660759e-04
263 0.000000e+00 1.667031e-04
264 0.000000e+00 1.673279e-04
265 0.000000e+00 1.679501e-04
266 0.000000e+00 1.685698e-04
267 0.000000e+00 1.691869e-04
268 0.000000e+00 1.698012e-04
269 0.000000e+00 1.704128e-04
270 0.000000e+00 1.710215e-04
271 0.000000e+00 1.716274e-04
272 0.000000e+00 1.722304e-04
273 0.000000e+00 1.728303e-04
274 0.000000e+00 1.734273e-04
275 0.000000e+00 1.740211e-04
276 0.000000e+00 1.746117e-04
277 0.000000e+00 1.751992e-04
278 0.000000e+00 1.757835e-04
279 0.000000e+00 1.763644e-04
280 0.000000e+00 1.769421e-04
281 0.000000e+00 1.775164e-04
282 0.000000e+00 1.780873e-04
283 0.000000e+00 1.786548e-04
284 0.000000e+00 1.792189e-04
285 0.000000e+00 1.797795e-04
286 0.000000e+00 1.803367e-04
287 0.000000e+00 1.808904e-04
288 0.000000e+00 1.814407e-04
289 0.000000e+00 1.819875e-04
290 0.000000e+00 1.825309e-04
291 0.000000e+00 1.830708e-04
292 0.000000e+00 1.836073e-04
293 0.000000e+00 1.841403e-04
294 0.000000e+00 1.846700e-04
295 0.000000e+00 1.851963e-04
296 0.000000e+00 1.857192e-04
297 0.000000e+00 1.862388e-04
298 0.000000e+00 1.867551e-04
299 0.000000e+00 1.872682e-04
300 9.162470e-16 1.877780e-04
301 9.162470e-16 1.882846e-04
302 9.162470e-16 1.887881e-04
303 9.162470e-16 1.892885e-04
304 9.162470e-16 1.897857e-04
305 9.165794e-16 1.902800e-04
306 9.172443e-16 1.907712e-04
307 9.179092e-16 1.912595e-04
308 9.185741e-16 1.917449e-04
309 9.192391e-16 1.922274e-04
310 9.199040e-16 1.927071e-04
311 9.205689e-16 1.931841e-04
312 9.212338e-16 1.936583e-04
313 9.218987e-16 1.941298e-04
314 9.225636e-16 1.945987e-04
315 9.230512e-16 1.950650e-04
316 9.233614e-16 1.955288e-04
317 9.236716e-16 1.959901e-04
318 9.239819e-16 1.964489e-04
319 9.242921e-16 1.969053e-04
320 9.246023e-16 1.973593e-04
321 9.249125e-16 1.978110e-04
322 9.252228e-16 1.982604e-04
323 9.255330e-16 1.987075e-04
324 9.258432e-16 1.991524e-04
325 9.260172e-16 1.995951e-04
326 9.260551e-16 2.000357e-04
327 9.260929e-16 2.004742e-04
328 9.261307e-16 2.009105e-04
329 9.261685e-16 2.013448e-04
330 9.262063e-16 2.017771e-04
331 9.262442e-16 2.022074e-04
332 9.262820e-16 2.026357e-04
333 9.263198e-16 2.030621e-04
334 9.263576e-16 2.034865e-04
335 9.262127e-16 2.039090e-04
336 9.258851e-16 2.043296e-04
337 9.255574e-16 2.047483e-04
338 9.252297e-16 2.051651e-04
339 9.249020e-16 2.055800e-04
340 9.245744e-16 2.059931e-04
341 9.242467e-16 2.064043e-04
342 9.239190e-16 2.068137e-04
343 9.235914e-16 2.072212e-04
344 9.232637e-16 2.076268e-04
345 9.228416e-16 2.080306e-04
346 9.223251e-16 2.084324e-04
347 9.218085e-16 2.088324e-04
348 9.212920e-16 2.092304e-04
349 9.207754e-16 2.096265e-04
350 9.202589e-16 2.100206e-04
351 9.197424e-16 2.104128e-04
352 9.192258e-16 2.108030e-04
353 9.187093e-16 2.111911e-04
354 9.181927e-16 2.115773e-04
355 9.177645e-16 2.119613e-04
356 9.174245e-16 2.123433e-04
357 9.170846e-16 2.127232e-04
358 9.167447e-16 2.131010e-04
359 9.164047e-16 2.134766e-04
360 9.160648e-16 2.138501e-04
361 9.157248e-16 2.142214e-04
362 9.153849e-16 2.145905e-04
363 9.150449e-16 2.149574e-04
364 9.147050e-16 2.153221e-04
365 9.146831e-16 2.156846e-04
366 9.149793e-16 2.160449e-04
367 9.152755e-16 2.164030e-04
368 9.155717e-16 2.167588e-04
369 9.158679e-16 2.171124e-04
370 9.161641e-16 2.174638e-04
371 9.164603e-16 2.178131e-04
372 9.167565e-16 2.181601e-04
373 9.170527e-16 2.185050e-04
374 9.173489e-16 2.188478e-04
375 9.184520e-16 2.191885e-04
376 9.203618e-16 2.195272e-04
377 9.222717e-16 2.198638e-04
378 9.241816e-16 2.201985e-04
379 9.260914e-16 2.205313e-04
380 9.280013e-16 2.208622e-04
381 9.299112e-16 2.211912e-04
382 9.318210e-16 2.215186e-04
383 9.337309e-16 2.218442e-04
384 9.356408e-16 2.221682e-04
385 9.386984e-16 2.224906e-04
386 9.429037e-16 2.228115e-04
387 9.471091e-16 2.231310e-04
388 9.513145e-16 2.234491e-04
389 9.555198e-16 2.237659e-04
390 9.597252e-16 2.240814e-04
391 9.639306e-16 2.243958e-04
392 9.681359e-16 2.247090e-04
393 9.723413e-16 2.250212e-04
394 9.765467e-16 2.253325e-04
395 9.823974e-16 2.256428e-04
396 9.898933e-16 2.259522e-04
397 9.973893e-16 2.262608e-04
398 1.004885e-15 2.265687e-04
399 1.012381e-15 2.268759e-04
400 1.019877e-15 2.271825e-04
401 1.027373e-15 2.274884e-04
402 1.034869e-15 2.277938e-04
403 1.042365e-15 2.280987e-04
404 1.049861e-15 2.284031e-04
405 1.059429e-15 2.287071e-04
406 1.071070e-15 2.290107e-04
407 1.082711e-15 2.293139e-04
408 1.094352e-15 2.296167e-04
409 1.105993e-15 2.299192e-04
410 1.117633e-15 2.302213e-04
411 1.129274e-15 2.305231e-04
412 1.140915e-15 2.308246e-04
413 1.152556e-15 2.311258e-04
414 1.164197e-15 2.314267e-04
415 1.177890e-15 2.317273e-04
416 1.193637e-15 2.320276e-04
417 1.209383e-15 2.323275e-04
418 1.225130e-15 2.326272e-04
419 1.240876e-15 2.329266e-04
420 1.256623e-15 2.332256e-04
421 1.272369e-15 2.335243e-04
422 1.288116e-15 2.338226e-04
423 1.303862e-15 2.341206e-04
424 1.319609e-15 2.344182e-04
425 1.337452e-15 2.347155e-04
426 1.357393e-15 2.350123e-04
427 1.377334e-15 2.353087e-04
428 1.397274e-15 2.356047e-04
429 1.417215e-15 2.359003e-04
430 1.437156e-15 2.361954e-04
431 1.457096e-15 2.364900e-04
432 1.477037e-15 2.367842e-04
433 1.496978e-15 2.370778e-04
434 1.516918e-15 2.373709e-04
435 1.538551e-15 2.376635e-04
436 1.561875e-15 2.379556e-04
437 1.585200e-15 2.382471e-04
438 1.608524e-15 2.385381e-04
439 1.631849e-15 2.388284e-04
440 1.655173e-15 2.391182e-04
441 1.678498e-15 2.394074e-04
442 1.701822e-15 2.396960e-04
443 1.725147e-15 2.399840e-04
444 1.748472e-15 2.402714e-04
445 1.773184e-15 2.405581e-04
446 1.799284e-15 2.408442e-04
447 1.825385e-15 2.411297e-04
448 1.851485e-15 2.414145e-04
449 1.877586e-15 2.416986e-04
450 1.903686e-15 2.419821e-04
451 1.929787e-15 2.422649e-04
452 1.955887e-15 2.425471e-04
453 1.981988e-15 2.428285e-04
454 2.008088e-15 2.431092e-04
455 2.035243e-15 2.433893e-04
456 2.063451e-15 2.436686e-04
457 2.091660e-15 2.439472e-04
458 2.119868e-15 2.442251e-04
459 2.148077e-15 2.445022e-04
460 2.176285e-15 2.447786e-04
461 2.204494e-15 2.450543e-04
462 2.232702e-15 2.453291e-04
463 2.260911e-15 2.456032e-04
464 2.289119e-15 2.458766e-04
465 2.317952e-15 2.461491e-04
466 2.347409e-15 2.464208e-04
467 2.376866e-15 2.466917e-04
468 2.406324e-15 2.469618e-04
469 2.435781e-15 2.472310e-04
470 2.465238e-15 2.474994e-04
471 2.494695e-15 2.477669e-04
472 2.524152e-15 2.480336e-04
473 2.553609e-15 2.482994e-04
474 2.583066e-15 2.485642e-04
475 2.612970e-15 2.488281e-04
476 2.643321e-15 2.490911e-04
477 2.673671e-15 2.493532e-04
478 2.704022e-15 2.496143e-04
479 2.734373e-15 2.498743e-04
480 2.764723e-15 2.501334e-04
481 2.795074e-15 2.503915e-04
482 2.825424e-15 2.506486e-04
483 2.855775e-15 2.509046e-04
484 2.886125e-15 2.511595e-04
485 2.916456e-15 2.514133e-04
486 2.946767e-15 2.516661e-04
487 2.977078e-15 2.519177e-04
488 3.007389e-15 2.521681e-04
489 3.037700e-15 2.524174e-04
490 3.068010e-15 2.526655e-04
491 3.098321e-15 2.529124e-04
492 3.128632e-15 2.531580e-04
493 3.158943e-15 2.534024e-04
494 3.189254e-15 2.536455e-04
495 3.219398e-15 2.538873e-04
496 3.249376e-15 2.541278e-04
497 3.279355e-15 2.543669e-04
498 3.309333e-15 2.546047e-04
499 3.339311e-15 2.548410e-04
500 3.369289e-15 2.550760e-04
501 3.399267e-15 2.553095e-04
502 3.429245e-15 2.555415e-04
503 3.459223e-15 2.557720e-04
504 3.489201e-15 2.560010e-04
505 3.518735e-15 2.562284e-04
506 3.547826e-15 2.564543e-04
507 3.576917e-15 2.566785e-04
508 3.606008e-15 2.569012e-04
509 3.635099e-15 2.571222e-04
510 3.664190e-15 2.573415e-04
511 3.693281e-15 2.575591e-04
512 3.722372e-15 2.577750e-04
513 3.751463e-15 2.579892e-04
514 3.780554e-15 2.582016e-04
515 3.808937e-15 2.584122e-04
516 3.836611e-15 2.586210e-04
517 3.864285e-15 2.588280e-04
518 3.891959e-15 2.590331e-04
519 3.919633e-15 2.592364e-04
520 3.947308e-15 2.594377e-04
521 3.974982e-15 2.596371e-04
522 4.002656e-15 2.598347e-04
523 4.030330e-15 2.600302e-04
524 4.058004e-15 2.602238e-04
525 4.084602e-15 2.604155e-04
526 4.110122e-15 2.606051e-04
527 4.135643e-15 2.607927e-04
528 4.161164e-15 2.609783e-04
529 4.186684e-15 2.611619e-04
530 4.212205e-15 2.613434e-04
531 4.237726e-15 2.615229e-04
532 4.263246e-15 2.617003e-04
533 4.288767e-15 2.618757e-04
534 4.314288e-15 2.620489e-04
535 4.338643e-15 2.622201e-04
536 4.361833e-15 2.623891e-04
537 4.385024e-15 2.625561e-04
538 4.408214e-15 2.627209e-04
539 4.431404e-15 2.628837e-04
540 4.454594e-15 2.630442e-04
541 4.477785e-15 2.632027e-04
542 4.500975e-15 2.633590e-04
543 4.524165e-15 2.635132e-04
544 4.547356e-15 2.636652e-04
545 4.569051e-15 2.638151e-04
546 4.589252e-15 2.639628e-04
547 4.609453e-15 2.641083e-04
548 4.629654e-15 2.642517e-04
549 4.649855e-15 2.643929e-04
550 4.670056e-15 2.645320e-04
551 4.690257e-15 2.646689e-04
552 4.710458e-15 2.648036e-04
553 4.730659e-15 2.649361e-04
554 4.750860e-15 2.650664e-04
555 4.769590e-15 2.651946e-04
556 4.786847e-15 2.653205e-04
557 4.804105e-15 2.654443e-04
558 4.821363e-15 2.655659e-04
559 4.838621e-15 2.656853e-04
560 4.855878e-15 2.658025e-04
561 4.873136e-15 2.659175e-04
562 4.890394e-15 2.660303e-04
563 4.907652e-15 2.661409e-04
564 4.924909e-15 2.662493e-04
565 4.940394e-15 2.663555e-04
566 4.954106e-15 2.664594e-04
567 4.967818e-15 2.665612e-04
568 4.981529e-15 2.666608e-04
569 4.995241e-15 2.667581e-04
570 5.008953e-15 2.668533e-04
571 5.022665e-15 2.669462e-04
572 5.036376e-15 2.670369e-04
573 5.050088e-15 2.671255e-04
574 5.063800e-15 2.672118e-04
575 5.075998e-15 2.672958e-04
576 5.086683e-15 2.673777e-04
577 5.097368e-15 2.674574e-04
578 5.108053e-15 2.675348e-04
579 5.118738e-15 2.676101e-04
580 5.129422e-15 2.676831e-04
581 5.140107e-15 2.677539e-04
582 5.150792e-15 2.678226e-04
583 5.161477e-15 2.678890e-04
584 5.172162e-15 2.679532e-04
585 5.181509e-15 2.680152e-04
586 5.189517e-15 2.680750e-04
587 5.197526e-15 2.681326e-04
588 5.205535e-15 2.681880e-04
589 5.213543e-15 2.682412e-04
590 5.221552e-15 2.682922e-04
591 5.229561e-15 2.683411e-04
592 5.237570e-15 2.683877e-04
593 5.245578e-15 2.684322e-04
594 5.253587e-15 2.684745e-04
595 5.260321e-15 2.685146e-04
596 5.265780e-15 2.685525e-04
597 5.271240e-15 2.685883e-04
598 5.276699e-15 2.686219e-04
599 5.282159e-15 2.686534e-04
600 5.287618e-15 2.686827e-04
601 5.293077e-15 2.687099e-04
602 5.298537e-15 2.687349e-04
603 5.303996e-15 2.687578e-04
604 5.309456e-15 2.687786e-04
605 5.314236e-15 2.687972e-04
606 5.318336e-15 2.688138e-04
607 5.322436e-15 2.688282e-04
608 5.326537e-15 2.688405e-04
609 5.330637e-15 2.688508e-04
610 5.334737e-15 2.688589e-04
611 5.338838e-15 2.688650e-04
612 5.342938e-15 2.688690e-04
613 5.347038e-15 2.688709e-04
614 5.351139e-15 2.688708e-04
615 5.354945e-15 2.688687e-04
616 5.358458e-15 2.688645e-04
617 5.361970e-15 2.688583e-04
618 5.365483e-15 2.688501e-04
619 5.368995e-15 2.688399e-04
620 5.372507e-15 2.688277e-04
621 5.376020e-15 2.688136e-04
622 5.379532e-15 2.687974e-04
623 5.383045e-15 2.687793e-04
624 5.386557e-15 2.687593e-04
625 5.390380e-15 2.687373e-04
626 5.394514e-15 2.687135e-04
627 5.398647e-15 2.686877e-04
628 5.402780e-15 2.686600e-04
629 5.406913e-15 2.686305e-04
630 5.411047e-15 2.685991e-04
631 5.415180e-15 2.685658e-04
632 5.419313e-15 2.685308e-04
633 5.423447e-15 2.684939e-04
634 5.427580e-15 2.684552e-04
635 5.433171e-15 2.684147e-04
636 5.440221e-15 2.683725e-04
637 5.447271e-15 2.683285e-04
638 5.454320e-15 2.682828e-04
639 5.461370e-15 2.682353e-04
640 5.468420e-15 2.681862e-04
641 5.475470e-15 2.681354e-04
642 5.482519e-15 2.680829e-04
643 5.489569e-15 2.680288e-04
644 5.496619e-15 2.679731e-04
645 5.505747e-15 2.679158e-04
646 5.516955e-15 2.678569e-04
647 5.528162e-15 2.677965e-04
648 5.539370e-15 2.677345e-04
649 5.550578e-15 2.676710e-04
650 5.561785e-15 2.676060e-04
651 5.572993e-15 2.675396e-04
652 5.584200e-15 2.674717e-04
653 5.595408e-15 2.674024e-04
654 5.606615e-15 2.673317e-04
655 5.620824e-15 2.672596e-04
656 5.638034e-15 2.671862e-04
657 5.655243e-15 2.671114e-04
658 5.672453e-15 2.670354e-04
659 5.689663e-15 2.669581e-04
660 5.706873e-15 2.668796e-04
661 5.724083e-15 2.667998e-04
662 5.741292e-15 2.667189e-04
663 5.758502e-15 2.666368e-04
664 5.775712e-15 2.665535e-04
665 5.796682e-15 2.664692e-04
666 5.821412e-15 2.663838e-04
667 5.846142e-15 2.662974e-04
668 5.870872e-15 2.662099e-04
669 5.895601e-15 2.661214e-04
670 5.920331e-15 2.660320e-04
671 5.945061e-15 2.659417e-04
672 5.969791e-15 2.658505e-04
673 5.994521e-15 2.657584e-04
674 6.019251e-15 2.656654e-04
675 6.048327e-15 2.655717e-04
676 6.081750e-15 2.654772e-04
677 6.115173e-15 2.653819e-04
678 6.148596e-15 2.652860e-04
679 6.182019e-15 2.651893e-04
680 6.215442e-15 2.650920e-04
681 6.248865e-15 2.649941e-04
682 6.282288e-15 2.648956e-04
683 6.315711e-15 2.647965e-04
684 6.349134e-15 2.646969e-04
685 6.387421e-15 2.645968e-04
686 6.430572e-15 2.644963e-04
687 6.473723e-15 2.643953e-04
688 6.516874e-15 2.642939e-04
689 6.560025e-15 2.641922e-04
690 6.603177e-15 2.640901e-04
691 6.646328e-15 2.639877e-04
692 6.689479e-15 2.638851e-04
693 6.732630e-15 2.637822e-04
694 6.775781e-15 2.636791e-04
695 6.823396e-15 2.635758e-04
696 6.875476e-15 2.634723e-04
697 6.927556e-15 2.633687e-04
698 6.979636e-15 2.632651e-04
699 7.031716e-15 2.631614e-04
700 7.083795e-15 2.630576e-04
701 7.135875e-15 2.629539e-04
702 7.187955e-15 2.628502e-04
703 7.240035e-15 2.627465e-04
704 7.292115e-15 2.626429e-04
705 7.348662e-15 2.625395e-04
706 7.409677e-15 2.624362e-04
707 7.470692e-15 2.623331e-04
708 7.531707e-15 2.622301e-04
709 7.592722e-15 2.621274e-04
710 7.653737e-15 2.620250e-04
711 7.714752e-15 2.619229e-04
712 7.775767e-15 2.618210e-04
713 7.836782e-15 2.617195e-04
714 7.897797e-15 2.616184e-04
715 7.962519e-15 2.615177e-04
716 8.030950e-15 2.614173e-04
717 8.099381e-15 2.613175e-04
718 8.167811e-15 2.612180e-04
719 8.236242e-15 2.611191e-04
720 8.304672e-15 2.610207e-04
721 8.373103e-15 2.609228e-04
722 8.441534e-15 2.608255e-04
723 8.509964e-15 2.607288e-04
724 8.578395e-15 2.606326e-04
725 8.649784e-15 2.605371e-04
726 8.724131e-15 2.604422e-04
727 8.798478e-15 2.603480e-04
728 8.872826e-15 2.602545e-04
729 8.947173e-15 2.601617e-04
730 9.021521e-15 2.600696e-04
731 9.095868e-15 2.599782e-04
732 9.170216e-15 2.598876e-04
733 9.244563e-15 2.597978e-04
734 9.318910e-15 2.597087e-04
735 9.395930e-15 2.596204e-04
736 9.475622e-15 2.595330e-04
737 9.555314e-15 2.594464e-04
738 9.635006e-15 2.593606e-04
739 9.714698e-15 2.592757e-04
740 9.794390e-15 2.591916e-04
741 9.874082e-15 2.591085e-04
742 9.953774e-15 2.590262e-04
743 1.003347e-14 2.589448e-04
744 1.011316e-14 2.588643e-04
745 1.019491e-14 2.587847e-04
746 1.027871e-14 2.587060e-04
747 1.036251e-14 2.586283e-04
748 1.044631e-14 2.585514e-04
749 1.053012e-14 2.584755e-04
750 1.061392e-14 2.584006e-04
751 1.069772e-14 2.583266e-04
752 1.078152e-14 2.582535e-04
753 1.086533e-14 2.581814e-04
754 1.094913e-14 2.581102e-04
755 1.103438e-14 2.580399e-04
756 1.112109e-14 2.579706e-04
757 1.120780e-14 2.579022e-04
758 1.129451e-14 2.578347e-04
759 1.138121e-14 2.577682e-04
760 1.146792e-14 2.577025e-04
761 1.155463e-14 2.576378e-04
762 1.164133e-14 2.575740e-04
763 1.172804e-14 2.575111e-04
764 1.181475e-14 2.574491e-04
765 1.190177e-14 2.573879e-04
766 1.198910e-14 2.573276e-04
767 1.207644e-14 2.572682e-04
768 1.216377e-14 2.572096e-04
769 1.225110e-14 2.571518e-04
770 1.233844e-14 2.570949e-04
771 1.242577e-14 2.570388e-04
772 1.251311e-14 2.569834e-04
773 1.260044e-14 2.569289e-04
774 1.268777e-14 2.568751e-04
775 1.277510e-14 2.568220e-04
776 1.286243e-14 2.567697e-04
777 1.294976e-14 2.567181e-04
778 1.303708e-14 2.566671e-04
779 1.312441e-14 2.566169e-04
780 1.321173e-14 2.565673e-04
781 1.329906e-14 2.565183e-04
782 1.338639e-14 2.564700e-04
783 1.347371e-14 2.564222e-04
784 1.356104e-14 2.563750e-04
785 1.364733e-14 2.563284e-04
786 1.373258e-14 2.562823e-04
787 1.381784e-14 2.562367e-04
788 1.390310e-14 2.561916e-04
789 1.398835e-14 2.561470e-04
790 1.407361e-14 2.561028e-04
791 1.415887e-14 2.560590e-04
792 1.424412e-14 2.560157e-04
793 1.432938e-14 2.559727e-04
794 1.441463e-14 2.559300e-04
795 1.449838e-14 2.558877e-04
796 1.458063e-14 2.558457e-04
797 1.466288e-14 2.558039e-04
798 1.474512e-14 2.557624e-04
799 1.482737e-14 2.557211e-04
800 1.490962e-14 2.556800e-04
801 1.499186e-14 2.556391e-04
802 1.507411e-14 2.555983e-04
803 1.515635e-14 2.555577e-04
804 1.523860e-14 2.555171e-04
805 1.531824e-14 2.554766e-04
806 1.539527e-14 2.554362e-04
807 1.547230e-14 2.553958e-04
808 1.554933e-14 2.553553e-04
809 1.562636e-14 2.553149e-04
810 1.570339e-14 2.552743e-04
811 1.578042e-14 2.552337e-04
812 1.585746e-14 2.551930e-04
813 1.593449e-14 2.551521e-04
814 1.601152e-14 2.551111e-04
815 1.608512e-14 2.550698e-04
816 1.615530e-14 2.550284e-04
817 1.622548e-14 2.549867e-04
818 1.629566e-14 2.549447e-04
819 1.636584e-14 2.549024e-04
820 1.643602e-14 2.548598e-04
821 1.650620e-14 2.548169e-04
822 1.657638e-14 2.547736e-04
823 1.664656e-14 2.547299e-04
824 1.671674e-14 2.546858e-04
825 1.678290e-14 2.546412e-04
826 1.684504e-14 2.545962e-04
827 1.690718e-14 2.545506e-04
828 1.696932e-14 2.545046e-04
829 1.703146e-14 2.544580e-04
830 1.709360e-14 2.544109e-04
831 1.715574e-14 2.543631e-04
832 1.721788e-14 2.543148e-04
833 1.728002e-14 2.542658e-04
834 1.734216e-14 2.542162e-04
835 1.739971e-14 2.541659e-04
836 1.745267e-14 2.541149e-04
837 1.750563e-14 2.540632e-04
838 1.755859e-14 2.540108e-04
839 1.761156e-14 2.539576e-04
840 1.766452e-14 2.539036e-04
841 1.771748e-14 2.538489e-04
842 1.777044e-14 2.537933e-04
843 1.782340e-14 2.537370e-04
844 1.787636e-14 2.536797e-04
845 1.792369e-14 2.536217e-04
846 1.796539e-14 2.535627e-04
847 1.800708e-14 2.535029e-04
848 1.804878e-14 2.534422e-04
849 1.809048e-14 2.533805e-04
850 1.813217e-14 2.533180e-04
851 1.817387e-14 2.532544e-04
852 1.821557e-14 2.531900e-04
853 1.825726e-14 2.531246e-04
854 1.829896e-14 2.530582e-04
855 1.833502e-14 2.529908e-04
856 1.836546e-14 2.529224e-04
857 1.839589e-14 2.528530e-04
858 1.842632e-14 2.527827e-04
859 1.845676e-14 2.527113e-04
860 1.848719e-14 2.526389e-04
861 1.851763e-14 2.525654e-04
862 1.854806e-14 2.524910e-04
863 1.857849e-14 2.524155e-04
864 1.860893e-14 2.523389e-04
865 1.863318e-14 2.522614e-04
866 1.865124e-14 2.521828e-04
867 1.866930e-14 2.521031e-04
868 1.868737e-14 2.520224e-04
869 1.870543e-14 2.519407e-04
870 1.872350e-14 2.518579e-04
871 1.874156e-14 2.517740e-04
872 1.875963e-14 2.516891e-04
873 1.877769e-14 2.516032e-04
874 1.879576e-14 2.515163e-04
875 1.880758e-14 2.514283e-04
876 1.881315e-14 2.513392e-04
877 1.881872e-14 2.512492e-04
878 1.882429e-14 2.511581e-04
879 1.882986e-14 2.510660e-04
880 1.883543e-14 2.509728e-04
881 1.884101e-14 2.508787e-04
882 1.884658e-14 2.507836e-04
883 1.885215e-14 2.506874e-04
884 1.885772e-14 2.505903e-04
885 1.885681e-14 2.504922e-04
886 1.884942e-14 2.503931e-04
887 1.884204e-14 2.502930e-04
888 1.883465e-14 2.501920e-04
889 1.882726e-14 2.500901e-04
890 1.881987e-14 2.499871e-04
891 1.881248e-14 2.498833e-04
892 1.880509e-14 2.497785e-04
893 1.879770e-14 2.496729e-04
894 1.879031e-14 2.495663e-04
895 1.877632e-14 2.494588e-04
896 1.875573e-14 2.493505e-04
897 1.873514e-14 2.492413e-04
898 1.871454e-14 2.491313e-04
899 1.869395e-14 2.490204e-04
900 1.867336e-14 2.489086e-04
901 1.865277e-14 2.487961e-04
902 1.863218e-14 2.486827e-04
903 1.861159e-14 2.485686e-04
904 1.859099e-14 2.484537e-04
905 1.856467e-14 2.483380e-04
906 1.853261e-14 2.482216e-04
907 1.850056e-14 2.481044e-04
908 1.846850e-14 2.479865e-04
909 1.843645e-14 2.478680e-04
910 1.840439e-14 2.477487e-04
911 1.837234e-14 2.476287e-04
912 1.834028e-14 2.475081e-04
913 1.830822e-14 2.473869e-04
914 1.827617e-14 2.472650e-04
915 1.823819e-14 2.471425e-04
916 1.819430e-14 2.470194e-04
917 1.815040e-14 2.468957e-04
918 1.810651e-14 2.467714e-04
919 1.806261e-14 2.466466e-04
920 1.801872e-14 2.465213e-04
921 1.797483e-14 2.463954e-04
922 1.793093e-14 2.462690e-04
923 1.788704e-14 2.461422e-04
924 1.784314e-14 2.460149e-04
925 1.779514e-14 2.458871e-04
926 1.774304e-14 2.457589e-04
927 1.769093e-14 2.456302e-04
928 1.763882e-14 2.455012e-04
929 1.758672e-14 2.453718e-04
930 1.753461e-14 2.452420e-04
931 1.748251e-14 2.451118e-04
932 1.743040e-14 2.449813e-04
933 1.737830e-14 2.448505e-04
934 1.732619e-14 2.447193e-04
935 1.727173e-14 2.445879e-04
936 1.721492e-14 2.444562e-04
937 1.715812e-14 2.443243e-04
938 1.710131e-14 2.441921e-04
939 1.704450e-14 2.440596e-04
940 1.698769e-14 2.439270e-04
941 1.693088e-14 2.437941e-04
942 1.687407e-14 2.436611e-04
943 1.681726e-14 2.435279e-04
944 1.676045e-14 2.433946e-04
945 1.670284e-14 2.432611e-04
946 1.664442e-14 2.431275e-04
947 1.658601e-14 2.429938e-04
948 1.652759e-14 2.428600e-04
949 1.646917e-14 2.427262e-04
950 1.641075e-14 2.425922e-04
951 1.635234e-14 2.424582e-04
952 1.629392e-14 2.423242e-04
953 1.623550e-14 2.421902e-04
954 1.617709e-14 2.420561e-04
955 1.612254e-14 2.419221e-04
956 1.607187e-14 2.417880e-04
957 1.602121e-14 2.416540e-04
958 1.597054e-14 2.415201e-04
959 1.591987e-14 2.413861e-04
960 1.586920e-14 2.412523e-04
961 1.581854e-14 2.411185e-04
962 1.576787e-14 2.409848e-04
963 1.571720e-14 2.408512e-04
964 1.566653e-14 2.407178e-04
965 1.562272e-14 2.405844e-04
966 1.558577e-14 2.404512e-04
967 1.554882e-14 2.403181e-04
968 1.551187e-14 2.401851e-04
969 1.547492e-14 2.400523e-04
970 1.543797e-14 2.399197e-04
971 1.540102e-14 2.397873e-04
972 1.536406e-14 2.396550e-04
973 1.532711e-14 2.395229e-04
974 1.529016e-14 2.393911e-04
975 1.526546e-14 2.392594e-04
976 1.525301e-14 2.391280e-04
977 1.524056e-14 2.389967e-04
978 1.522811e-14 2.388658e-04
979 1.521565e-14 2.387350e-04
980 1.520320e-14 2.386045e-04
981 1.519075e-14 2.384743e-04
982 1.517830e-14 2.383443e-04
983 1.516585e-14 2.382146e-04
984 1.515340e-14 2.380851e-04
985 1.515726e-14 2.379560e-04
986 1.517744e-14 2.378271e-04
987 1.519762e-14 2.376985e-04
988 1.521780e-14 2.375701e-04
989 1.523799e-14 2.374421e-04
990 1.525817e-14 2.373144e-04
991 1.527835e-14 2.371870e-04
992 1.529853e-14 2.370599e-04
993 1.531871e-14 2.369331e-04
994 1.533889e-14 2.368066e-04
995 1.537921e-14 2.366805e-04
996 1.543968e-14 2.365546e-04
997 1.550014e-14 2.364291e-04
998 1.556060e-14 2.363039e-04
999 1.562107e-14 2.361791e-04
1000 1.568153e-14 2.360545e-04
1001 1.574200e-14 2.359303e-04
1002 1.580246e-14 2.358065e-04
1003 1.586293e-14 2.356829e-04
1004 1.592339e-14 2.355597e-04
1005 1.600702e-14 2.354369e-04
1006 1.611382e-14 2.353143e-04
1007 1.622061e-14 2.351922e-04
1008 1.632741e-14 2.350703e-04
1009 1.643420e-14 2.349488e-04
1010 1.654100e-14 2.348276e-04
1011 1.664780e-14 2.347068e-04
1012 1.675459e-14 2.345862e-04
1013 1.686139e-14 2.344661e-04
1014 1.696819e-14 2.343462e-04
1015 1.709861e-14 2.342267e-04
1016 1.725266e-14 2.341075e-04
1017 1.740671e-14 2.339886e-04
1018 1.756076e-14 2.338701e-04
1019 1.771481e-14 2.337518e-04
1020 1.786886e-14 2.336339e-04
1021 1.802292e-14 2.335163e-04
1022 1.817697e-14 2.333990e-04
1023 1.833102e-14 2.332820e-04
1024 1.848507e-14 2.331653e-04
1025 1.866144e-14 2.330489e-04
1026 1.886014e-14 2.329328e-04
1027 1.905884e-14 2.328170e-04
1028 1.925754e-14 2.327015e-04
1029 1.945625e-14 2.325862e-04
1030 1.965495e-14 2.324712e-04
1031 1.985365e-14 2.323565e-04
1032 2.005235e-14 2.322421e-04
1033 2.025105e-14 2.321279e-04
1034 2.044975e-14 2.320139e-04
1035 2.066929e-14 2.319002e-04
1036 2.090967e-14 2.317867e-04
1037 2.115005e-14 2.316734e-04
1038 2.139043e-14 2.315604e-04
1039 2.163081e-14 2.314476e-04
1040 2.187119e-14 2.313349e-04
1041 2.211157e-14 2.312225e-04
1042 2.235195e-14 2.311103e-04
1043 2.259233e-14 2.309982e-04
1044 2.283271e-14 2.308863e-04
1045 2.308934e-14 2.307745e-04
1046 2.336221e-14 2.306630e-04
1047 2.363507e-14 2.305515e-04
1048 2.390794e-14 2.304402e-04
1049 2.418081e-14 2.303290e-04
1050 2.445368e-14 2.302179e-04
1051 2.472655e-14 2.301069e-04
1052 2.499941e-14 2.299960e-04
1053 2.527228e-14 2.298851e-04
1054 2.554515e-14 2.297744e-04
1055 2.583205e-14 2.296637e-04
1056 2.613300e-14 2.295530e-04
1057 2.643394e-14 2.294423e-04
1058 2.673488e-14 2.293317e-04
1059 2.703583e-14 2.292211e-04
1060 2.733677e-14 2.291104e-04
1061 2.763771e-14 2.289998e-04
1062 2.793866e-14 2.288891e-04
1063 2.823960e-14 2.287784e-04
1064 2.854054e-14 2.286676e-04
1065 2.885032e-14 2.285567e-04
1066 2.916893e-14 2.284457e-04
1067 2.948753e-14 2.283346e-04
1068 2.980614e-14 2.282234e-04
1069 3.012475e-14 2.281121e-04
1070 3.044336e-14 2.280006e-04
1071 3.076196e-14 2.278890e-04
1072 3.108057e-14 2.277772e-04
1073 3.139918e-14 2.276652e-04
1074 3.171778e-14 2.275530e-04
1075 3.204223e-14 2.274405e-04
1076 3.237250e-14 2.273278e-04
1077 3.270278e-14 2.272149e-04
1078 3.303306e-14 2.271017e-04
1079 3.336333e-14 2.269882e-04
1080 3.369361e-14 2.268744e-04
1081 3.402388e-14 2.267603e-04
1082 3.435416e-14 2.266458e-04
1083 3.468444e-14 2.265310e-04
1084 3.501471e-14 2.264158e-04
1085 3.534767e-14 2.263003e-04
1086 3.568331e-14 2.261843e-04
1087 3.601895e-14 2.260679e-04
1088 3.635459e-14 2.259511e-04
1089 3.669023e-14 2.258338e-04
1090 3.702587e-14 2.257161e-04
1091 3.736151e-14 2.255978e-04
1092 3.769715e-14 2.254791e-04
1093 3.803279e-14 2.253598e-04
1094 3.836843e-14 2.252400e-04
1095 3.870225e-14 2.251197e-04
1096 3.903426e-14 2.249987e-04
1097 3.936626e-14 2.248772e-04
1098 3.969827e-14 2.247551e-04
1099 4.003027e-14 2.246323e-04
1100 4.036228e-14 2.245089e-04
1101 4.069428e-14 2.243849e-04
1102 4.102629e-14 2.242602e-04
1103 4.135829e-14 2.241347e-04
1104 4.169030e-14 2.240086e-04
1105 4.201830e-14 2.238817e-04
1106 4.234231e-14 2.237541e-04
1107 4.266632e-14 2.236257e-04
1108 4.299033e-14 2.234965e-04
1109 4.331434e-14 2.233666e-04
1110 4.363835e-14 2.232358e-04
1111 4.396236e-14 2.231042e-04
1112 4.428637e-14 2.229717e-04
1113 4.461038e-14 2.228384e-04
1114 4.493439e-14 2.227042e-04
1115 4.525247e-14 2.225690e-04
1116 4.556461e-14 2.224330e-04
1117 4.587676e-14 2.222960e-04
1118 4.618890e-14 2.221581e-04
1119 4.650104e-14 2.220192e-04
1120 4.681319e-14 2.218793e-04
1121 4.712533e-14 2.217384e-04
1122 4.743748e-14 2.215965e-04
1123 4.774962e-14 2.214535e-04
1124 4.806177e-14 2.213095e-04
1125 4.836282e-14 2.211645e-04
1126 4.865277e-14 2.210183e-04
1127 4.894272e-14 2.208711e-04
1128 4.923268e-14 2.207227e-04
1129 4.952263e-14 2.205732e-04
1130 4.981258e-14 2.204225e-04
1131 5.010254e-14 2.202707e-04
1132 5.039249e-14 2.201178e-04
1133 5.068244e-14 2.199636e-04
1134 5.097240e-14 2.198082e-04
1135 5.125103e-14 2.196516e-04
1136 5.151835e-14 2.194937e-04
1137 5.178567e-14 2.193346e-04
1138 5.205299e-14 2.191743e-04
1139 5.232031e-14 2.190126e-04
1140 5.258763e-14 2.188497e-04
1141 5.285495e-14 2.186854e-04
1142 5.312227e-14 2.185199e-04
1143 5.338959e-14 2.183530e-04
1144 5.365691e-14 2.181847e-04
1145 5.390796e-14 2.180151e-04
1146 5.414275e-14 2.178441e-04
1147 5.437753e-14 2.176718e-04
1148 5.461232e-14 2.174980e-04
1149 5.484710e-14 2.173228e-04
1150 5.508189e-14 2.171462e-04
1151 5.531667e-14 2.169682e-04
1152 5.555146e-14 2.167887e-04
1153 5.578624e-14 2.166078e-04
1154 5.602103e-14 2.164254e-04
1155 5.623987e-14 2.162416e-04
1156 5.644278e-14 2.160562e-04
1157 5.664568e-14 2.158694e-04
1158 5.684859e-14 2.156810e-04
1159 5.705149e-14 2.154911e-04
1160 5.725440e-14 2.152997e-04
1161 5.745730e-14 2.151068e-04
1162 5.766021e-14 2.149123e-04
1163 5.786312e-14 2.147163e-04
1164 5.806602e-14 2.145187e-04
1165 5.824997e-14 2.143196e-04
1166 5.841496e-14 2.141188e-04
1167 5.857996e-14 2.139165e-04
1168 5.874495e-14 2.137126e-04
1169 5.890995e-14 2.135072e-04
1170 5.907494e-14 2.133001e-04
1171 5.923993e-14 2.130913e-04
1172 5.940493e-14 2.128810e-04
1173 5.956992e-14 2.126691e-04
1174 5.973491e-14 2.124555e-04
1175 5.988025e-14 2.122403e-04
1176 6.000594e-14 2.120234e-04
1177 6.013163e-14 2.118049e-04
1178 6.025731e-14 2.115848e-04
1179 6.038300e-14 2.113630e-04
1180 6.050868e-14 2.111396e-04
1181 6.063437e-14 2.109144e-04
1182 6.076005e-14 2.106876e-04
1183 6.088574e-14 2.104592e-04
1184 6.101143e-14 2.102291e-04
1185 6.111719e-14 2.099972e-04
1186 6.120302e-14 2.097638e-04
1187 6.128886e-14 2.095286e-04
1188 6.137469e-14 2.092917e-04
1189 6.146053e-14 2.090532e-04
1190 6.154636e-14 2.088129e-04
1191 6.163220e-14 2.085710e-04
1192 6.171803e-14 2.083274e-04
1193 6.180386e-14 2.080820e-04
1194 6.188970e-14 2.078350e-04
1195 6.195670e-14 2.075863e-04
1196 6.200487e-14 2.073358e-04
1197 6.205303e-14 2.070837e-04
1198 6.210120e-14 2.068299e-04
1199 6.214937e-14 2.065743e-04
1200 6.219753e-14 2.063171e-04
1201 6.224570e-14 2.060581e-04
1202 6.229386e-14 2.057975e-04
1203 6.234203e-14 2.055351e-04
1204 6.239020e-14 2.052711e-04
1205 6.242030e-14 2.050053e-04
1206 6.243235e-14 2.047379e-04
1207 6.244440e-14 2.044687e-04
1208 6.245644e-14 2.041978e-04
1209 6.246849e-14 2.039253e-04
1210 6.248054e-14 2.036510e-04
1211 6.249258e-14 2.033751e-04
1212 6.250463e-14 2.030975e-04
1213 6.251667e-14 2.028181e-04
1214 6.252872e-14 2.025371e-04
1215 6.252681e-14 2.022544e-04
1216 6.251096e-14 2.019700e-04
1217 6.249510e-14 2.016840e-04
1218 6.247924e-14 2.013962e-04
1219 6.246338e-14 2.011068e-04
1220 6.244752e-14 2.008158e-04
1221 6.243166e-14 2.005230e-04
1222 6.241580e-14 2.002286e-04
1223 6.239994e-14 1.999325e-04
1224 6.238408e-14 1.996348e-04
1225 6.235664e-14 1.993355e-04
1226 6.231761e-14 1.990344e-04
1227 6.227857e-14 1.987318e-04
1228 6.223954e-14 1.984275e-04
1229 6.220051e-14 1.981216e-04
1230 6.216148e-14 1.978140e-04
1231 6.212245e-14 1.975049e-04
1232 6.208341e-14 1.971941e-04
1233 6.204438e-14 1.968817e-04
1234 6.200535e-14 1.965677e-04
1235 6.196278e-14 1.962521e-04
1236 6.191668e-14 1.959350e-04
1237 6.187057e-14 1.956162e-04
1238 6.182447e-14 1.952958e-04
1239 6.177836e-14 1.949739e-04
1240 6.173226e-14 1.946505e-04
1241 6.168615e-14 1.943254e-04
1242 6.164005e-14 1.939988e-04
1243 6.159394e-14 1.936707e-04
1244 6.154784e-14 1.933410e-04
1245 6.150475e-14 1.930098e-04
1246 6.146468e-14 1.926771e-04
1247 6.142461e-14 1.923428e-04
1248 6.138454e-14 1.920071e-04
1249 6.134447e-14 1.916698e-04
1250 6.130440e-14 1.913311e-04
1251 6.126433e-14 1.909909e-04
1252 6.122426e-14 1.906492e-04
1253 6.118419e-14 1.903060e-04
1254 6.114412e-14 1.899614e-04
1255 6.111617e-14 1.896153e-04
1256 6.110034e-14 1.892678e-04
1257 6.108451e-14 1.889188e-04
1258 6.106868e-14 1.885685e-04
1259 6.105286e-14 1.882167e-04
1260 6.103703e-14 1.878635e-04
1261 6.102120e-14 1.875089e-04
1262 6.100537e-14 1.871530e-04
1263 6.098954e-14 1.867957e-04
1264 6.097372e-14 1.864370e-04
1265 6.097963e-14 1.860769e-04
1266 6.100730e-14 1.857155e-04
1267 6.103496e-14 1.853528e-04
1268 6.106262e-14 1.849887e-04
1269 6.109029e-14 1.846234e-04
1270 6.111795e-14 1.842567e-04
1271 6.114561e-14 1.838887e-04
1272 6.117327e-14 1.835195e-04
1273 6.120094e-14 1.831490e-04
1274 6.122860e-14 1.827772e-04
1275 6.128649e-14 1.824042e-04
1276 6.137462e-14 1.820299e-04
1277 6.146274e-14 1.816544e-04
1278 6.155087e-14 1.812777e-04
1279 6.163900e-14 1.808998e-04
1280 6.172712e-14 1.805207e-04
1281 6.181525e-14 1.801404e-04
1282 6.190337e-14 1.797590e-04
1283 6.199150e-14 1.793764e-04
1284 6.207962e-14 1.789927e-04
1285 6.220766e-14 1.786078e-04
1286 6.237560e-14 1.782218e-04
1287 6.254354e-14 1.778347e-04
1288 6.271149e-14 1.774465e-04
1289 6.287943e-14 1.770572e-04
1290 6.304737e-14 1.766668e-04
1291 6.321531e-14 1.762754e-04
1292 6.338326e-14 1.758830e-04
1293 6.355120e-14 1.754895e-04
1294 6.371914e-14 1.750950e-04
1295 6.393318e-14 1.746994e-04
1296 6.419332e-14 1.743029e-04
1297 6.445346e-14 1.739054e-04
1298 6.471360e-14 1.735070e-04
1299 6.497375e-14 1.731076e-04
1300 6.523389e-14 1.727072e-04
1301 6.549403e-14 1.723059e-04
1302 6.575417e-14 1.719037e-04
1303 6.601431e-14 1.715006e-04
1304 6.627445e-14 1.710966e-04
1305 6.658183e-14 1.706918e-04
1306 6.693645e-14 1.702861e-04
1307 6.729107e-14 1.698795e-04
1308 6.764568e-14 1.694721e-04
1309 6.800030e-14 1.690639e-04
1310 6.835492e-14 1.686549e-04
1311 6.870954e-14 1.682450e-04
1312 6.906416e-14 1.678345e-04
1313 6.941878e-14 1.674231e-04
1314 6.977340e-14 1.670110e-04
1315 7.017912e-14 1.665982e-04
1316 7.063595e-14 1.661846e-04
1317 7.109278e-14 1.657704e-04
1318 7.154960e-14 1.653554e-04
1319 7.200643e-14 1.649398e-04
1320 7.246326e-14 1.645235e-04
1321 7.292009e-14 1.641066e-04
1322 7.337691e-14 1.636890e-04
1323 7.383374e-14 1.632708e-04
1324 7.429057e-14 1.628520e-04
1325 7.479291e-14 1.624326e-04
1326 7.534078e-14 1.620127e-04
1327 7.588864e-14 1.615922e-04
1328 7.643650e-14 1.611711e-04
1329 7.698436e-14 1.607495e-04
1330 7.753222e-14 1.603274e-04
1331 7.808009e-14 1.599048e-04
1332 7.862795e-14 1.594817e-04
1333 7.917581e-14 1.590582e-04
1334 7.972367e-14 1.586342e-04
1335 8.031395e-14 1.582097e-04
1336 8.094664e-14 1.577849e-04
1337 8.157934e-14 1.573596e-04
1338 8.221203e-14 1.569339e-04
1339 8.284472e-14 1.565078e-04
1340 8.347742e-14 1.560814e-04
1341 8.411011e-14 1.556547e-04
1342 8.474280e-14 1.552275e-04
1343 8.537550e-14 1.548001e-04
1344 8.600819e-14 1.543724e-04
1345 8.667509e-14 1.539444e-04
1346 8.737618e-14 1.535161e-04
1347 8.807728e-14 1.530876e-04
1348 8.877837e-14 1.526588e-04
1349 8.947947e-14 1.522298e-04
1350 9.018057e-14 1.518006e-04
1351 9.088166e-14 1.513712e-04
1352 9.158276e-14 1.509416e-04
1353 9.228386e-14 1.505118e-04
1354 9.298495e-14 1.500819e-04
1355 9.371226e-14 1.496518e-04
1356 9.446578e-14 1.492217e-04
1357 9.521930e-14 1.487914e-04
1358 9.597282e-14 1.483611e-04
1359 9.672634e-14 1.479306e-04
1360 9.747986e-14 1.475002e-04
1361 9.823338e-14 1.470696e-04
1362 9.898690e-14 1.466391e-04
1363 9.974042e-14 1.462085e-04
1364 1.004939e-13 1.457780e-04
1365 1.012687e-13 1.453474e-04
1366 1.020648e-13 1.449169e-04
1367 1.028608e-13 1.444865e-04
1368 1.036569e-13 1.440561e-04
1369 1.044529e-13 1.436258e-04
1370 1.052490e-13 1.431956e-04
1371 1.060450e-13 1.427655e-04
1372 1.068411e-13 1.423355e-04
1373 1.076371e-13 1.419057e-04
1374 1.084332e-13 1.414760e-04
1375 1.092381e-13 1.410465e-04
1376 1.100518e-13 1.406172e-04
1377 1.108655e-13 1.401881e-04
1378 1.116792e-13 1.397592e-04
1379 1.124929e-13 1.393306e-04
1380 1.133067e-13 1.389022e-04
1381 1.141204e-13 1.384740e-04
1382 1.149341e-13 1.380462e-04
1383 1.157478e-13 1.376186e-04
1384 1.165615e-13 1.371913e-04
1385 1.173778e-13 1.367644e-04
1386 1.181967e-13 1.363378e-04
1387 1.190155e-13 1.359115e-04
1388 1.198344e-13 1.354857e-04
1389 1.206532e-13 1.350602e-04
1390 1.214721e-13 1.346351e-04
1391 1.222909e-13 1.342104e-04
1392 1.231098e-13 1.337861e-04
1393 1.239286e-13 1.333623e-04
1394 1.247475e-13 1.329389e-04
1395 1.255630e-13 1.325160e-04
1396 1.263753e-13 1.320936e-04
1397 1.271875e-13 1.316717e-04
1398 1.279998e-13 1.312503e-04
1399 1.288120e-13 1.308294e-04
1400 1.296243e-13 1.304091e-04
1401 1.304365e-13 1.299894e-04
1402 1.312488e-13 1.295702e-04
1403 1.320610e-13 1.291515e-04
1404 1.328733e-13 1.287335e-04
1405 1.336709e-13 1.283161e-04
1406 1.344541e-13 1.278994e-04
1407 1.352372e-13 1.274832e-04
1408 1.360203e-13 1.270677e-04
1409 1.368034e-13 1.266529e-04
1410 1.375866e-13 1.262388e-04
1411 1.383697e-13 1.258254e-04
1412 1.391528e-13 1.254126e-04
1413 1.399360e-13 1.250006e-04
1414 1.407191e-13 1.245894e-04
1415 1.414181e-13 1.241789e-04
1416 1.420331e-13 1.237691e-04
1417 1.426480e-13 1.233601e-04
1418 1.432629e-13 1.229519e-04
1419 1.438779e-13 1.225445e-04
1420 1.444928e-13 1.221380e-04
1421 1.451077e-13 1.217322e-04
1422 1.457227e-13 1.213273e-04
1423 1.463376e-13 1.209233e-04
1424 1.469526e-13 1.205201e-04
1425 1.474441e-13 1.201178e-04
1426 1.478122e-13 1.197164e-04
1427 1.481804e-13 1.193159e-04
1428 1.485485e-13 1.189163e-04
1429 1.489166e-13 1.185176e-04
1430 1.492848e-13 1.181199e-04
1431 1.496529e-13 1.177231e-04
1432 1.500210e-13 1.173273e-04
1433 1.503892e-13 1.169324e-04
1434 1.507573e-13 1.165386e-04
1435 1.510297e-13 1.161457e-04
1436 1.512064e-13 1.157539e-04
1437 1.513832e-13 1.153631e-04
1438 1.515599e-13 1.149733e-04
1439 1.517366e-13 1.145845e-04
1440 1.519133e-13 1.141969e-04
1441 1.520900e-13 1.138102e-04
1442 1.522667e-13 1.134247e-04
1443 1.524434e-13 1.130403e-04
1444 1.526201e-13 1.126569e-04
1445 1.527082e-13 1.122747e-04
1446 1.527077e-13 1.118935e-04
1447 1.527072e-13 1.115135e-04
1448 1.527067e-13 1.111347e-04
1449 1.527062e-13 1.107570e-04
1450 1.527057e-13 1.103805e-04
1451 1.527052e-13 1.100051e-04
1452 1.527047e-13 1.096309e-04
1453 1.527042e-13 1.092579e-04
1454 1.527037e-13 1.088861e-04
1455 1.526098e-13 1.085155e-04
1456 1.524224e-13 1.081462e-04
1457 1.522350e-13 1.077780e-04
1458 1.520476e-13 1.074111e-04
1459 1.518602e-13 1.070455e-04
1460 1.516728e-13 1.066811e-04
1461 1.514855e-13 1.063180e-04
1462 1.512981e-13 1.059561e-04
1463 1.511107e-13 1.055955e-04
1464 1.509233e-13 1.052362e-04
1465 1.506453e-13 1.048782e-04
1466 1.502767e-13 1.045216e-04
1467 1.499082e-13 1.041662e-04
1468 1.495396e-13 1.038121e-04
1469 1.491711e-13 1.034594e-04
1470 1.488025e-13 1.031080e-04
1471 1.484340e-13 1.027580e-04
1472 1.480654e-13 1.024093e-04
1473 1.476968e-13 1.020620e-04
1474 1.473283e-13 1.017160e-04
1475 1.468677e-13 1.013714e-04
1476 1.463150e-13 1.010282e-04
1477 1.457624e-13 1.006864e-04
1478 1.452097e-13 1.003460e-04
1479 1.446571e-13 1.000070e-04
1480 1.441044e-13 9.966936e-05
1481 1.435518e-13 9.933317e-05
1482 1.429991e-13 9.899839e-05
1483 1.424465e-13 9.866505e-05
1484 1.418938e-13 9.833313e-05
1485 1.412456e-13 9.800266e-05
1486 1.405018e-13 9.767363e-05
1487 1.397580e-13 9.734605e-05
1488 1.390142e-13 9.701993e-05
1489 1.382704e-13 9.669527e-05
1490 1.375266e-13 9.637208e-05
1491 1.367828e-13 9.605036e-05
1492 1.360390e-13 9.573013e-05
1493 1.352951e-13 9.541137e-05
1494 1.345513e-13 9.509411e-05
1495 1.337148e-13 9.477833e-05
1496 1.327856e-13 9.446406e-05
1497 1.318564e-13 9.415129e-05
1498 1.309272e-13 9.384003e-05
1499 1.299980e-13 9.353028e-05
1500 1.290688e-13 9.322205e-05
1501 1.281396e-13 9.291534e-05
1502 1.272104e-13 9.261015e-05
1503 1.262812e-13 9.230650e-05
1504 1.253520e-13 9.200438e-05
1505 1.243316e-13 9.170379e-05
1506 1.232198e-13 9.140475e-05
1507 1.221080e-13 9.110726e-05
1508 1.209962e-13 9.081131e-05
1509 1.198844e-13 9.051692e-05
1510 1.187727e-13 9.022408e-05
1511 1.176609e-13 8.993280e-05
1512 1.165491e-13 8.964308e-05
1513 1.154373e-13 8.935493e-05
1514 1.143256e-13 8.906835e-05
1515 1.131278e-13 8.878334e-05
1516 1.118441e-13 8.849991e-05
1517 1.105604e-13 8.821805e-05
1518 1.092767e-13 8.793777e-05
1519 1.079930e-13 8.765908e-05
1520 1.067093e-13 8.738197e-05
1521 1.054256e-13 8.710645e-05
1522 1.041419e-13 8.683252e-05
1523 1.028582e-13 8.656018e-05
1524 1.015745e-13 8.628943e-05
1525 1.002113e-13 8.602028e-05
1526 9.876875e-14 8.575273e-05
1527 9.732617e-14 8.548678e-05
1528 9.588359e-14 8.522243e-05
1529 9.444101e-14 8.495968e-05
1530 9.299842e-14 8.469854e-05
1531 9.155584e-14 8.443900e-05
1532 9.011326e-14 8.418107e-05
1533 8.867068e-14 8.392475e-05
1534 8.722810e-14 8.367004e-05
1535 8.571228e-14 8.341694e-05
1536 8.412322e-14 8.316546e-05
1537 8.253416e-14 8.291558e-05
1538 8.094511e-14 8.266732e-05
1539 7.935605e-14 8.242068e-05
1540 7.776699e-14 8.217565e-05
1541 7.617793e-14 8.193224e-05
1542 7.458888e-14 8.169044e-05
1543 7.299982e-14 8.145026e-05
1544 7.141076e-14 8.121169e-05
1545 6.976115e-14 8.097475e-05
1546 6.805099e-14 8.073942e-05
1547 6.634083e-14 8.050571e-05
1548 6.463068e-14 8.027361e-05
1549 6.292052e-14 8.004314e-05
1550 6.121036e-14 7.981428e-05
1551 5.950020e-14 7.958704e-05
1552 5.779004e-14 7.936141e-05
1553 5.607988e-14 7.913740e-05
1554 5.436972e-14 7.891500e-05
1555 5.260882e-14 7.869422e-05
1556 5.079716e-14 7.847506e-05
1557 4.898551e-14 7.825751e-05
1558 4.717386e-14 7.804157e-05
1559 4.536220e-14 7.782724e-05
1560 4.355055e-14 7.761452e-05
1561 4.173890e-14 7.740342e-05
1562 3.992724e-14 7.719392e-05
1563 3.811559e-14 7.698603e-05
1564 3.630394e-14 7.677974e-05
1565 3.450324e-14 7.657506e-05
1566 3.271351e-14 7.637198e-05
1567 3.092377e-14 7.617050e-05
1568 2.913403e-14 7.597062e-05
1569 2.734430e-14 7.577235e-05
1570 2.555456e-14 7.557566e-05
1571 2.376482e-14 7.538057e-05
1572 2.197509e-14 7.518708e-05
1573 2.018535e-14 7.499517e-05
1574 1.839561e-14 7.480485e-05
1575 1.680116e-14 7.461612e-05
1576 1.540200e-14 7.442898e-05
1577 1.400284e-14 7.424341e-05
1578 1.260368e-14 7.405942e-05
1579 1.120452e-14 7.387701e-05
1580 9.805359e-15 7.369618e-05
1581 8.406198e-15 7.351692e-05
1582 7.007037e-15 7.333922e-05
1583 5.607876e-15 7.316309e-05
1584 4.208715e-15 7.298853e-05
1585 2.941837e-15 7.281553e-05
1586 1.807244e-15 7.264408e-05
1587 6.726502e-16 7.247419e-05
1588 -4.619434e-16 7.230585e-05
1589 -1.596537e-15 7.213906e-05
1590 -2.731131e-15 7.197381e-05
1591 -3.865724e-15 7.181011e-05
1592 -5.000318e-15 7.164795e-05
1593 -6.134911e-15 7.148732e-05
1594 -7.269505e-15 7.132822e-05
1595 -8.309340e-15 7.117065e-05
1596 -9.254417e-15 7.101460e-05
1597 -1.019949e-14 7.086008e-05
1598 -1.114457e-14 7.070707e-05
1599 -1.208965e-14 7.055557e-05
1600 -1.303473e-14 7.040559e-05
1601 -1.397980e-14 7.025711e-05
1602 -1.492488e-14 7.011013e-05
1603 -1.586996e-14 6.996465e-05
1604 -1.681503e-14 6.982066e-05
1605 -1.767827e-14 6.967816e-05
1606 -1.845968e-14 6.953715e-05
1607 -1.924108e-14 6.939762e-05
1608 -2.002248e-14 6.925956e-05
1609 -2.080388e-14 6.912298e-05
1610 -2.158529e-14 6.898786e-05
1611 -2.236669e-14 6.885420e-05
1612 -2.314809e-14 6.872200e-05
1613 -2.392949e-14 6.859126e-05
1614 -2.471089e-14 6.846196e-05
1615 -2.541631e-14 6.833411e-05
1616 -2.604572e-14 6.820770e-05
1617 -2.667514e-14 6.808272e-05
1618 -2.730456e-14 6.795917e-05
1619 -2.793398e-14 6.783704e-05
1620 -2.856340e-14 6.771634e-05
1621 -2.919282e-14 6.759704e-05
1622 -2.982224e-14 6.747916e-05
1623 -3.045166e-14 6.736268e-05
1624 -3.108108e-14 6.724759e-05
1625 -3.164426e-14 6.713390e-05
1626 -3.214120e-14 6.702160e-05
1627 -3.263814e-14 6.691067e-05
1628 -3.313507e-14 6.680113e-05
1629 -3.363201e-14 6.669295e-05
1630 -3.412895e-14 6.658614e-05
1631 -3.462589e-14 6.648069e-05
1632 -3.512283e-14 6.637660e-05
1633 -3.561977e-14 6.627385e-05
1634 -3.611671e-14 6.617244e-05
1635 -3.655267e-14 6.607237e-05
1636 -3.692765e-14 6.597363e-05
1637 -3.730263e-14 6.587621e-05
1638 -3.767762e-14 6.578011e-05
1639 -3.805260e-14 6.568533e-05
1640 -3.842758e-14 6.559185e-05
1641 -3.880257e-14 6.549967e-05
1642 -3.917755e-14 6.540878e-05
1643 -3.955254e-14 6.531918e-05
1644 -3.992752e-14 6.523086e-05
1645 -4.025317e-14 6.514382e-05
1646 -4.052950e-14 6.505804e-05
1647 -4.080582e-14 6.497353e-05
1648 -4.108215e-14 6.489027e-05
1649 -4.135847e-14 6.480826e-05
1650 -4.163480e-14 6.472749e-05
1651 -4.191112e-14 6.464795e-05
1652 -4.218745e-14 6.456965e-05
1653 -4.246377e-14 6.449257e-05
1654 -4.274010e-14 6.441670e-05
1655 -4.297618e-14 6.434204e-05
1656 -4.317202e-14 6.426858e-05
1657 -4.336786e-14 6.419632e-05
1658 -4.356371e-14 6.412524e-05
1659 -4.375955e-14 6.405535e-05
1660 -4.395539e-14 6.398663e-05
1661 -4.415123e-14 6.391907e-05
1662 -4.434707e-14 6.385268e-05
1663 -4.454291e-14 6.378744e-05
1664 -4.473876e-14 6.372334e-05
1665 -4.490007e-14 6.366038e-05
1666 -4.502685e-14 6.359855e-05
1667 -4.515363e-14 6.353784e-05
1668 -4.528041e-14 6.347825e-05
1669 -4.540719e-14 6.341977e-05
1670 -4.553397e-14 6.336239e-05
1671 -4.566074e-14 6.330610e-05
1672 -4.578752e-14 6.325090e-05
1673 -4.591430e-14 6.319678e-05
1674 -4.604108e-14 6.314373e-05
1675 -4.614879e-14 6.309174e-05
1676 -4.623744e-14 6.304081e-05
1677 -4.632608e-14 6.299093e-05
1678 -4.641472e-14 6.294209e-05
1679 -4.650336e-14 6.289428e-05
1680 -4.659200e-14 6.284749e-05
1681 -4.668065e-14 6.280172e-05
1682 -4.676929e-14 6.275697e-05
1683 -4.685793e-14 6.271321e-05
1684 -4.694657e-14 6.267045e-05
1685 -4.702051e-14 6.262867e-05
1686 -4.707973e-14 6.258787e-05
1687 -4.713896e-14 6.254804e-05
1688 -4.719819e-14 6.250917e-05
1689 -4.725741e-14 6.247125e-05
1690 -4.731664e-14 6.243428e-05
1691 -4.737587e-14 6.239825e-05
1692 -4.743509e-14 6.236315e-05
1693 -4.749432e-14 6.232897e-05
1694 -4.755355e-14 6.229570e-05
1695 -4.760793e-14 6.226333e-05
1696 -4.765746e-14 6.223186e-05
1697 -4.770700e-14 6.220128e-05
1698 -4.775653e-14 6.217158e-05
1699 -4.780607e-14 6.214275e-05
1700 -4.785560e-14 6.211479e-05
1701 -4.790514e-14 6.208768e-05
1702 -4.795467e-14 6.206141e-05
1703 -4.800421e-14 6.203599e-05
1704 -4.805374e-14 6.201139e-05
1705 -4.810568e-14 6.198761e-05
1706 -4.816001e-14 6.196465e-05
1707 -4.821435e-14 6.194249e-05
1708 -4.826868e-14 6.192112e-05
1709 -4.832302e-14 6.190054e-05
1710 -4.837735e-14 6.188074e-05
1711 -4.843169e-14 6.186171e-05
1712 -4.848602e-14 6.184344e-05
1713 -4.854036e-14 6.182593e-05
1714 -4.859469e-14 6.180915e-05
1715 -4.865456e-14 6.179311e-05
1716 -4.871997e-14 6.177780e-05
1717 -4.878538e-14 6.176321e-05
1718 -4.885079e-14 6.174932e-05
1719 -4.891620e-14 6.173613e-05
1720 -4.898161e-14 6.172364e-05
1721 -4.904702e-14 6.171182e-05
1722 -4.911243e-14 6.170068e-05
1723 -4.917784e-14 6.169021e-05
1724 -4.924326e-14 6.168039e-05
1725 -4.932341e-14 6.167121e-05
1726 -4.941831e-14 6.166268e-05
1727 -4.951321e-14 6.165477e-05
1728 -4.960811e-14 6.164749e-05
1729 -4.970301e-14 6.164081e-05
1730 -4.979791e-14 6.163474e-05
1731 -4.989281e-14 6.162926e-05
1732 -4.998771e-14 6.162437e-05
1733 -5.008261e-14 6.162005e-05
1734 -5.017751e-14 6.161629e-05
1735 -5.028879e-14 6.161310e-05
1736 -5.041645e-14 6.161045e-05
1737 -5.054411e-14 6.160834e-05
1738 -5.067177e-14 6.160676e-05
1739 -5.079943e-14 6.160570e-05
1740 -5.092709e-14 6.160516e-05
1741 -5.105475e-14 6.160512e-05
1742 -5.118241e-14 6.160557e-05
1743 -5.131007e-14 6.160650e-05
1744 -5.143773e-14 6.160791e-05
1745 -5.158718e-14 6.160979e-05
1746 -5.175841e-14 6.161213e-05
1747 -5.192964e-14 6.161491e-05
1748 -5.210087e-14 6.161813e-05
1749 -5.227211e-14 6.162178e-05
1750 -5.244334e-14 6.162586e-05
1751 -5.261457e-14 6.163034e-05
1752 -5.278580e-14 6.163523e-05
1753 -5.295703e-14 6.164051e-05
1754 -5.312826e-14 6.164617e-05
1755 -5.332533e-14 6.165221e-05
1756 -5.354823e-14 6.165862e-05
1757 -5.377113e-14 6.166538e-05
1758 -5.399402e-14 6.167249e-05
1759 -5.421692e-14 6.167993e-05
1760 -5.443982e-14 6.168771e-05
1761 -5.466272e-14 6.169580e-05
1762 -5.488562e-14 6.170421e-05
1763 -5.510852e-14 6.171291e-05
1764 -5.533142e-14 6.172191e-05
1765 -5.557922e-14 6.173120e-05
1766 -5.585192e-14 6.174075e-05
1767 -5.612461e-14 6.175057e-05
1768 -5.639731e-14 6.176065e-05
1769 -5.667001e-14 6.177097e-05
1770 -5.694270e-14 6.178152e-05
1771 -5.721540e-14 6.179231e-05
1772 -5.748810e-14 6.180331e-05
1773 -5.776080e-14 6.181453e-05
1774 -5.803349e-14 6.182594e-05
1775 -5.833549e-14 6.183754e-05
1776 -5.866679e-14 6.184933e-05
1777 -5.899809e-14 6.186129e-05
1778 -5.932939e-14 6.187341e-05
1779 -5.966069e-14 6.188568e-05
1780 -5.999199e-14 6.189810e-05
1781 -6.032329e-14 6.191066e-05
1782 -6.065459e-14 6.192334e-05
1783 -6.098589e-14 6.193614e-05
1784 -6.131719e-14 6.194905e-05
1785 -6.167890e-14 6.196205e-05
1786 -6.207102e-14 6.197515e-05
1787 -6.246315e-14 6.198833e-05
1788 -6.285527e-14 6.200158e-05
1789 -6.324739e-14 6.201489e-05
1790 -6.363952e-14 6.202825e-05
1791 -6.403164e-14 6.204166e-05
1792 -6.442376e-14 6.205511e-05
1793 -6.481589e-14 6.206858e-05
1794 -6.520801e-14 6.208207e-05
1795 -6.562904e-14 6.209556e-05
1796 -6.607898e-14 6.210906e-05
1797 -6.652893e-14 6.212254e-05
1798 -6.697887e-14 6.213601e-05
1799 -6.742881e-14 6.214945e-05
1800 -6.787875e-14 6.216285e-05
1801 -6.832869e-14 6.217621e-05
1802 -6.877863e-14 6.218951e-05
1803 -6.922858e-14 6.220274e-05
1804 -6.967852e-14 6.221591e-05
1805 -7.016147e-14 6.222899e-05
1806 -7.067745e-14 6.224198e-05
1807 -7.119342e-14 6.225487e-05
1808 -7.170939e-14 6.226766e-05
1809 -7.222536e-14 6.228032e-05
1810 -7.274133e-14 6.229286e-05
1811 -7.325730e-14 6.230527e-05
1812 -7.377328e-14 6.231753e-05
1813 -7.428925e-14 6.232964e-05
1814 -7.480522e-14 6.234159e-05
1815 -7.534849e-14 6.235336e-05
1816 -7.591905e-14 6.236496e-05
1817 -7.648961e-14 6.237637e-05
1818 -7.706017e-14 6.238759e-05
1819 -7.763074e-14 6.239860e-05
1820 -7.820130e-14 6.240939e-05
1821 -7.877186e-14 6.241997e-05
1822 -7.934243e-14 6.243031e-05
1823 -7.991299e-14 6.244041e-05
1824 -8.048355e-14 6.245027e-05
1825 -8.108253e-14 6.245987e-05
1826 -8.170991e-14 6.246920e-05
1827 -8.233730e-14 6.247826e-05
1828 -8.296469e-14 6.248704e-05
1829 -8.359207e-14 6.249553e-05
1830 -8.421946e-14 6.250372e-05
1831 -8.484685e-14 6.251160e-05
1832 -8.547423e-14 6.251917e-05
1833 -8.610162e-14 6.252641e-05
1834 -8.672901e-14 6.253332e-05
1835 -8.737981e-14 6.253989e-05
1836 -8.805402e-14 6.254610e-05
1837 -8.872824e-14 6.255197e-05
1838 -8.940246e-14 6.255746e-05
1839 -9.007667e-14 6.256259e-05
1840 -9.075089e-14 6.256733e-05
1841 -9.142510e-14 6.257168e-05
1842 -9.209932e-14 6.257563e-05
1843 -9.277354e-14 6.257918e-05
1844 -9.344775e-14 6.258231e-05
1845 -9.413910e-14 6.258502e-05
1846 -9.484759e-14 6.258730e-05
1847 -9.555607e-14 6.258914e-05
1848 -9.626455e-14 6.259054e-05
1849 -9.697304e-14 6.259148e-05
1850 -9.768152e-14 6.259196e-05
1851 -9.839001e-14 6.259197e-05
1852 -9.909849e-14 6.259150e-05
1853 -9.980697e-14 6.259054e-05
1854 -1.005155e-13 6.258910e-05
1855 -1.012407e-13 6.258715e-05
1856 -1.019828e-13 6.258469e-05
1857 -1.027248e-13 6.258172e-05
1858 -1.034669e-13 6.257823e-05
1859 -1.042090e-13 6.257420e-05
1860 -1.049510e-13 6.256963e-05
1861 -1.056931e-13 6.256452e-05
1862 -1.064351e-13 6.255886e-05
1863 -1.071772e-13 6.255263e-05
1864 -1.079192e-13 6.254583e-05
1865 -1.086618e-13 6.253846e-05
1866 -1.094048e-13 6.253051e-05
1867 -1.101478e-13 6.252196e-05
1868 -1.108908e-13 6.251282e-05
1869 -1.116338e-13 6.250307e-05
1870 -1.123769e-13 6.249271e-05
1871 -1.131199e-13 6.248173e-05
1872 -1.138629e-13 6.247013e-05
1873 -1.146059e-13 6.245789e-05
1874 -1.153489e-13 6.244501e-05
1875 -1.160839e-13 6.243149e-05
1876 -1.168110e-13 6.241731e-05
1877 -1.175380e-13 6.240247e-05
1878 -1.182650e-13 6.238696e-05
1879 -1.189920e-13 6.237078e-05
1880 -1.197190e-13 6.235392e-05
1881 -1.204460e-13 6.233636e-05
1882 -1.211730e-13 6.231812e-05
1883 -1.219001e-13 6.229917e-05
1884 -1.226271e-13 6.227952e-05
1885 -1.233399e-13 6.225915e-05
1886 -1.240386e-13 6.223806e-05
1887 -1.247373e-13 6.221624e-05
1888 -1.254360e-13 6.219369e-05
1889 -1.261346e-13 6.217040e-05
1890 -1.268333e-13 6.214637e-05
1891 -1.275320e-13 6.212158e-05
1892 -1.282307e-13 6.209603e-05
1893 -1.289294e-13 6.206972e-05
1894 -1.296280e-13 6.204264e-05
1895 -1.302898e-13 6.201478e-05
1896 -1.309147e-13 6.198614e-05
1897 -1.315396e-13 6.195671e-05
1898 -1.321645e-13 6.192649e-05
1899 -1.327893e-13 6.189546e-05
1900 -1.334142e-13 6.186363e-05
1901 -1.340391e-13 6.183099e-05
1902 -1.346640e-13 6.179753e-05
1903 -1.352888e-13 6.176325e-05
1904 -1.359137e-13 6.172814e-05
1905 -1.365072e-13 6.169219e-05
1906 -1.370692e-13 6.165540e-05
1907 -1.376312e-13 6.161777e-05
1908 -1.381932e-13 6.157929e-05
1909 -1.387552e-13 6.153996e-05
1910 -1.393173e-13 6.149976e-05
1911 -1.398793e-13 6.145870e-05
1912 -1.404413e-13 6.141676e-05
1913 -1.410033e-13 6.137395e-05
1914 -1.415653e-13 6.133026e-05
1915 -1.420771e-13 6.128568e-05
1916 -1.425385e-13 6.124021e-05
1917 -1.429999e-13 6.119384e-05
1918 -1.434613e-13 6.114657e-05
1919 -1.439227e-13 6.109840e-05
1920 -1.443841e-13 6.104932e-05
1921 -1.448455e-13 6.099932e-05
1922 -1.453069e-13 6.094840e-05
1923 -1.457683e-13 6.089656e-05
1924 -1.462297e-13 6.084379e-05
1925 -1.466345e-13 6.079009e-05
1926 -1.469826e-13 6.073545e-05
1927 -1.473306e-13 6.067986e-05
1928 -1.476787e-13 6.062334e-05
1929 -1.480268e-13 6.056586e-05
1930 -1.483749e-13 6.050743e-05
1931 -1.487230e-13 6.044804e-05
1932 -1.490710e-13 6.038769e-05
1933 -1.494191e-13 6.032638e-05
1934 -1.497672e-13 6.026409e-05
1935 -1.500709e-13 6.020083e-05
1936 -1.503302e-13 6.013660e-05
1937 -1.505895e-13 6.007138e-05
1938 -1.508488e-13 6.000518e-05
1939 -1.511081e-13 5.993800e-05
1940 -1.513674e-13 5.986982e-05
1941 -1.516267e-13 5.980065e-05
1942 -1.518860e-13 5.973048e-05
1943 -1.521453e-13 5.965931e-05
1944 -1.524046e-13 5.958714e-05
1945 -1.526040e-13 5.951396e-05
1946 -1.527436e-13 5.943977e-05
1947 -1.528832e-13 5.936456e-05
1948 -1.530229e-13 5.928834e-05
1949 -1.531625e-13 5.921111e-05
1950 -1.533021e-13 5.913285e-05
1951 -1.534417e-13 5.905357e-05
1952 -1.535813e-13 5.897326e-05
1953 -1.537209e-13 5.889192e-05
1954 -1.538605e-13 5.880955e-05
1955 -1.539640e-13 5.872614e-05
1956 -1.540312e-13 5.864171e-05
1957 -1.540985e-13 5.855623e-05
1958 -1.541657e-13 5.846971e-05
1959 -1.542330e-13 5.838215e-05
1960 -1.543003e-13 5.829354e-05
1961 -1.543675e-13 5.820389e-05
1962 -1.544348e-13 5.811319e-05
1963 -1.545021e-13 5.802144e-05
1964 -1.545693e-13 5.792864e-05
1965 -1.545899e-13 5.783478e-05
1966 -1.545638e-13 5.773987e-05
1967 -1.545377e-13 5.764390e-05
1968 -1.545115e-13 5.754688e-05
1969 -1.544854e-13 5.744879e-05
1970 -1.544593e-13 5.734965e-05
1971 -1.544331e-13 5.724944e-05
1972 -1.544070e-13 5.714817e-05
1973 -1.543809e-13 5.704584e-05
1974 -1.543548e-13 5.694244e-05
1975 -1.543015e-13 5.683797e-05
1976 -1.542211e-13 5.673244e-05
1977 -1.541407e-13 5.662585e-05
1978 -1.540603e-13 5.651818e-05
1979 -1.539799e-13 5.640945e-05
1980 -1.538995e-13 5.629965e-05
1981 -1.538190e-13 5.618878e-05
1982 -1.537386e-13 5.607684e-05
1983 -1.536582e-13 5.596384e-05
1984 -1.535778e-13 5.584976e-05
1985 -1.542117e-13 5.573461e-05
1986 -1.555597e-13 5.561840e-05
1987 -1.569078e-13 5.550111e-05
1988 -1.582559e-13 5.538276e-05
1989 -1.596039e-13 5.526333e-05
1990 -1.609520e-13 5.514284e-05
1991 -1.623001e-13 5.502128e-05
1992 -1.636482e-13 5.489866e-05
1993 -1.649962e-13 5.477496e-05
1994 -1.663443e-13 5.465021e-05
1995 -1.676924e-13 5.452438e-05
1996 -1.676924e-13 5.439750e-05
1997 -1.676924e-13 5.426955e-05
1998 -1.676924e-13 5.414053e-05
1999 -1.676924e-13 5.401046e-05
2000 -1.676924e-13 5.387933e-05
2001 -1.676924e-13 5.374714e-05
